-------------------------------------------------------------
----------------------- !PROPERTIES! ------------------------
-------------------------------------------------------------
# -----------------------------------------------------------
$ PAL_Flags
   description: The PAL Flags
   geom. index: 1
   prop. index: 1
        Diskflag:     2
# -----------------------------------------------------------
$ SCF_Energy
   description: The SCF energy
   geom. index: 1
   prop. index: 1
        SCF Energy:    -1001.4419825908
# -----------------------------------------------------------
$ Mayer_Pop
   description: The Mayer population analysis
   geom. index: 1
   prop. index: 1
     Number of atoms                     : 43
     Threshold for printing              : 0.1000000
     Number of bond orders printed       : 44
  NA   - Mulliken gross atomic population
  ZA   - Total nuclear charge
  QA   - Mulliken gross atomic charge
  VA   - Mayer's total valence
  BVA  - Mayer's bonded valence
  FA   - Mayer's free valence
  ATOM       NA         ZA         QA         VA         BVA        FA
  0   0     5.7675     6.0000     0.2325     3.8384     3.8384     0.0000
  1   0     8.5690     8.0000    -0.5690     1.8923     1.8923    -0.0000
  2   0     5.6008     6.0000     0.3992     3.7170     3.7170     0.0000
  3   0     6.1790     6.0000    -0.1790     3.8590     3.8590     0.0000
  4   0     6.0783     6.0000    -0.0783     3.8210     3.8210     0.0000
  5   0     5.7638     6.0000     0.2362     3.8693     3.8693    -0.0000
  6   0     6.3769     6.0000    -0.3769     3.7552     3.7552    -0.0000
  7   0     5.7365     6.0000     0.2635     3.9644     3.9644    -0.0000
  8   0     7.4283     7.0000    -0.4283     2.9550     2.9550    -0.0000
  9   0     5.6251     6.0000     0.3749     4.1744     4.1744     0.0000
 10   0     7.2486     7.0000    -0.2486     3.0713     3.0713     0.0000
 11   0     7.4355     7.0000    -0.4355     2.9223     2.9223    -0.0000
 12   0     5.6897     6.0000     0.3103     4.0699     4.0699     0.0000
 13   0     7.2746     7.0000    -0.2746     3.0607     3.0607    -0.0000
 14   0     6.1681     6.0000    -0.1681     3.8202     3.8202     0.0000
 15   0     5.6146     6.0000     0.3854     3.8302     3.8302     0.0000
 16   0     8.5438     8.0000    -0.5438     1.9220     1.9220     0.0000
 17   0     5.7703     6.0000     0.2297     3.8445     3.8445     0.0000
 18   0     6.0306     6.0000    -0.0306     3.8898     3.8898     0.0000
 19   0     7.5788     7.0000    -0.5788     2.8760     2.8760    -0.0000
 20   0     5.8189     6.0000     0.1811     3.8498     3.8498     0.0000
 21   0     5.8207     6.0000     0.1793     3.8507     3.8507     0.0000
 22   0     0.9671     1.0000     0.0329     0.9806     0.9806    -0.0000
 23   0     0.9663     1.0000     0.0337     0.9799     0.9799    -0.0000
 24   0     0.9496     1.0000     0.0504     0.9852     0.9852    -0.0000
 25   0     0.9899     1.0000     0.0101     1.0081     1.0081     0.0000
 26   0     0.9663     1.0000     0.0337     0.9852     0.9852    -0.0000
 27   0     0.9627     1.0000     0.0373     0.9912     0.9912     0.0000
 28   0     0.9558     1.0000     0.0442     1.0057     1.0057    -0.0000
 29   0     0.8465     1.0000     0.1535     0.9981     0.9981     0.0000
 30   0     0.8505     1.0000     0.1495     0.9987     0.9987    -0.0000
 31   0     0.8540     1.0000     0.1460     1.0073     1.0073    -0.0000
 32   0     0.8501     1.0000     0.1499     0.9838     0.9838     0.0000
 33   0     0.9664     1.0000     0.0336     1.0233     1.0233     0.0000
 34   0     0.9536     1.0000     0.0464     0.9859     0.9859    -0.0000
 35   0     0.9707     1.0000     0.0293     0.9765     0.9765     0.0000
 36   0     0.9676     1.0000     0.0324     0.9837     0.9837    -0.0000
 37   0     0.9836     1.0000     0.0164     0.9865     0.9865     0.0000
 38   0     0.9674     1.0000     0.0326     0.9871     0.9871     0.0000
 39   0     0.9807     1.0000     0.0193     0.9850     0.9850    -0.0000
 40   0     0.9701     1.0000     0.0299     0.9897     0.9897     0.0000
 41   0     0.9797     1.0000     0.0203     0.9886     0.9886    -0.0000
 42   0     0.9821     1.0000     0.0179     0.9824     0.9824     0.0000
      Bond orders larger than 0.1000000
           Atom A     A.N. of A          Atom B    A.N. of B              Bond order
                0             6               1            8                0.868718
                0             6              22            1                0.984648
                0             6              23            1                0.984933
                0             6              24            1                0.992114
                1             8               2            6                0.990203
                2             6               3            6                1.329429
                2             6              18            6                1.406925
                3             6               4            6                1.401064
                3             6              25            1                1.011474
                4             6               5            6                1.015150
                4             6              14            6                1.378275
                5             6               6            6                0.986851
                5             6              26            1                0.967096
                5             6              27            1                0.966213
                6             6               7            6                1.427445
                6             6              12            6                1.340772
                7             6               8            7                1.471171
                7             6              28            1                1.006640
                8             7               9            6                1.448863
                9             6              10            7                1.181538
                9             6              11            7                1.424783
               10             7              29            1                0.952187
               10             7              30            1                0.953251
               11             7              12            6                1.472620
               12             6              13            7                1.146765
               13             7              31            1                0.952277
               13             7              32            1                0.948698
               14             6              15            6                1.344525
               14             6              33            1                1.011849
               15             6              16            8                1.037933
               15             6              18            6                1.440714
               16             8              17            6                0.873579
               17             6              34            1                0.992086
               17             6              35            1                0.985571
               17             6              36            1                0.984009
               18             6              19            7                1.043125
               19             7              20            6                0.929218
               19             7              21            6                0.933941
               20             6              37            1                0.981636
               20             6              38            1                0.988360
               20             6              39            1                0.990260
               21             6              40            1                0.990161
               21             6              41            1                0.979091
               21             6              42            1                0.990348
# -----------------------------------------------------------
$ Calculation_Info
   description: Details of the calculation
   geom. index: 1
   prop. index: 1
     Multiplicity:                          1
     Charge:                                0
     number of atoms:                       43
     number of electrons:                   0
     number of frozen core electrons:       1
     number of correlated electrons:        0
     number of basis functions:             413
     number of aux C basis functions:       0
     number of aux J basis functions:       0
     number of aux JK basis functions:      0
     number of aux CABS basis functions:    0
     Total Energy                           -1001.441983
# -----------------------------------------------------------
$ SCF_Electric_Properties
   description: The SCF Calculated Electric Properties
   geom. index: 1
   prop. index: 1
       Filename                          : ./ZINC000000000011/ZINC000000000011.scfp 
       Do Dipole Moment Calculation      : true 
       Do Quadrupole Moment Calculation  : false 
       Do Polarizability Calculation     : false 
** Dipole moment part of electric properties **
        Magnitude of dipole moment (Debye) :        2.3211799560
        Electronic Contribution:
                  0    
      0      15.876549
      1       1.172566
      2      -0.930240
        Nuclear Contribution:
                  0    
      0     -15.242095
      1      -1.378588
      2       1.553911
        Total Dipole moment:
                  0    
      0       0.634454
      1      -0.206021
      2       0.623671
# -------------------------------------------------------------
----------------------- !GEOMETRIES! ------------------------
# -------------------------------------------------------------
------------------------ !GEOMETRY! -------------------------
    Number of atoms:    43 
    Geometry Index:     1 
    Coordinates:
               0 C     -2.444638058220    2.125744188571    2.736748633640
               1 O     -2.802230340775    1.298649375102    1.639446708540
               2 C     -1.829605170370    0.504457726572    1.079418265101
               3 C     -0.516093200020    0.436392852651    1.565765660872
               4 C      0.430507282390   -0.414027147946    0.977579327692
               5 C      1.844798869684   -0.482807139136    1.510402688486
               6 C      2.862913099041    0.137853993673    0.599604643863
               7 C      2.968553837802    1.509821391646    0.486040864806
               8 N      3.839177404617    2.134591005686   -0.326197909257
               9 C      4.625281541897    1.347039308373   -1.058657155068
              10 N      5.508358050171    1.959948369973   -1.924300443410
              11 N      4.592978115279    0.012523603604   -1.049695931202
              12 C      3.724770215187   -0.573841237483   -0.213313340817
              13 N      3.732581644680   -1.969753791398   -0.243428300888
              14 C      0.052086622664   -1.205712786904   -0.114013816698
              15 C     -1.247851355471   -1.145414523780   -0.626736260179
              16 O     -1.679227929461   -1.908488874210   -1.688643480313
              17 C     -0.681228822815   -2.467497164153   -2.530312866054
              18 C     -2.212709775390   -0.287496896807   -0.035351895480
              19 N     -3.522451469791   -0.276249285723   -0.595097748755
              20 C     -4.476686338144   -0.988757021784    0.249053577999
              21 C     -3.959792838657    1.036356166586   -1.058681302951
              22 H     -1.670132432331    2.846180119741    2.453886473934
              23 H     -2.135254306346    1.525940811845    3.598862016792
              24 H     -3.333079184813    2.693209236436    3.030231728533
              25 H     -0.206919226402    1.035381095942    2.415919489454
              26 H      1.902600964088    0.016479700396    2.487289442343
              27 H      2.084890466464   -1.530585694831    1.728420314213
              28 H      2.329911772078    2.175604207969    1.060263332663
              29 H      5.164127036419    2.882975291812   -2.149692355251
              30 H      5.704645795026    1.340186885044   -2.697411217343
              31 H      4.465721229544   -2.239700629611   -0.897156552610
              32 H      3.909593951763   -2.362126168888    0.674429887156
              33 H      0.790926573539   -1.872929488433   -0.548514826477
              34 H     -1.179865843868   -2.871079390666   -3.416904473546
              35 H     -0.171188014209   -3.297647436286   -2.031469647519
              36 H      0.033332286384   -1.709025757453   -2.867840278510
              37 H     -4.684565932820   -0.456971495917    1.183869826833
              38 H     -4.117967494014   -1.996519762363    0.488865933951
              39 H     -5.425707694415   -1.105715280975   -0.285955706581
              40 H     -3.164817916146    1.552022005580   -1.609641099900
              41 H     -4.307023604476    1.680426237562   -0.244760210250
              42 H     -4.798719809767    0.910563399984   -1.752321997811
