-------------------------------------------------------------
----------------------- !PROPERTIES! ------------------------
-------------------------------------------------------------
# -----------------------------------------------------------
$ PAL_Flags
   description: The PAL Flags
   geom. index: 1
   prop. index: 1
        Diskflag:     2
# -----------------------------------------------------------
$ SCF_Energy
   description: The SCF energy
   geom. index: 1
   prop. index: 1
        SCF Energy:     -865.0366963156
# -----------------------------------------------------------
$ Mayer_Pop
   description: The Mayer population analysis
   geom. index: 1
   prop. index: 1
     Number of atoms                     : 50
     Threshold for printing              : 0.1000000
     Number of bond orders printed       : 52
  NA   - Mulliken gross atomic population
  ZA   - Total nuclear charge
  QA   - Mulliken gross atomic charge
  VA   - Mayer's total valence
  BVA  - Mayer's bonded valence
  FA   - Mayer's free valence
  ATOM       NA         ZA         QA         VA         BVA        FA
  0   0     8.4568     8.0000    -0.4568     1.9061     1.9061     0.0000
  1   0     5.8101     6.0000     0.1899     3.7581     3.7581     0.0000
  2   0     5.9364     6.0000     0.0636     3.8630     3.8630     0.0000
  3   0     5.8134     6.0000     0.1866     3.8552     3.8552     0.0000
  4   0     7.6787     7.0000    -0.6787     2.7815     2.7815     0.0000
  5   0     5.7837     6.0000     0.2163     3.8298     3.8298    -0.0000
  6   0     6.1079     6.0000    -0.1079     4.0021     4.0021     0.0000
  7   0     6.0424     6.0000    -0.0424     3.9452     3.9452    -0.0000
  8   0     6.0168     6.0000    -0.0168     3.9566     3.9566    -0.0000
  9   0     5.8397     6.0000     0.1603     3.8761     3.8761     0.0000
 10   0     6.1182     6.0000    -0.1182     3.7721     3.7721    -0.0000
 11   0     5.9964     6.0000     0.0036     3.9095     3.9095     0.0000
 12   0     6.0349     6.0000    -0.0349     3.8626     3.8626     0.0000
 13   0     6.0337     6.0000    -0.0337     3.8556     3.8556    -0.0000
 14   0     6.0345     6.0000    -0.0345     3.8929     3.8929    -0.0000
 15   0     6.0424     6.0000    -0.0424     3.9188     3.9188    -0.0000
 16   0     6.2403     6.0000    -0.2403     3.8320     3.8320     0.0000
 17   0     5.9555     6.0000     0.0445     3.8744     3.8744     0.0000
 18   0     6.0457     6.0000    -0.0457     3.9628     3.9628     0.0000
 19   0     6.0277     6.0000    -0.0277     3.9602     3.9602     0.0000
 20   0     6.0052     6.0000    -0.0052     3.9183     3.9183     0.0000
 21   0     0.8019     1.0000     0.1981     0.9978     0.9978     0.0000
 22   0     0.9920     1.0000     0.0080     0.9963     0.9963    -0.0000
 23   0     0.9579     1.0000     0.0421     0.9963     0.9963     0.0000
 24   0     0.9516     1.0000     0.0484     0.9897     0.9897     0.0000
 25   0     0.9976     1.0000     0.0024     0.9856     0.9856     0.0000
 26   0     0.9697     1.0000     0.0303     0.9748     0.9748    -0.0000
 27   0     0.9934     1.0000     0.0066     0.9731     0.9731    -0.0000
 28   0     0.9720     1.0000     0.0280     0.9651     0.9651     0.0000
 29   0     0.9625     1.0000     0.0375     0.9735     0.9735     0.0000
 30   0     0.9687     1.0000     0.0313     0.9700     0.9700    -0.0000
 31   0     0.9665     1.0000     0.0335     0.9694     0.9694    -0.0000
 32   0     0.9705     1.0000     0.0295     0.9727     0.9727     0.0000
 33   0     0.9771     1.0000     0.0229     0.9701     0.9701    -0.0000
 34   0     0.9675     1.0000     0.0325     0.9771     0.9771     0.0000
 35   0     1.0014     1.0000    -0.0014     0.9733     0.9733     0.0000
 36   0     0.9513     1.0000     0.0487     1.0069     1.0069     0.0000
 37   0     0.9621     1.0000     0.0379     0.9860     0.9860    -0.0000
 38   0     0.9631     1.0000     0.0369     0.9854     0.9854    -0.0000
 39   0     0.9653     1.0000     0.0347     0.9858     0.9858    -0.0000
 40   0     0.9697     1.0000     0.0303     0.9907     0.9907    -0.0000
 41   0     0.9633     1.0000     0.0367     0.9568     0.9568    -0.0000
 42   0     0.9646     1.0000     0.0354     0.9833     0.9833     0.0000
 43   0     0.9536     1.0000     0.0464     0.9947     0.9947     0.0000
 44   0     0.9749     1.0000     0.0251     0.9679     0.9679     0.0000
 45   0     0.9682     1.0000     0.0318     0.9716     0.9716     0.0000
 46   0     0.9729     1.0000     0.0271     0.9688     0.9688     0.0000
 47   0     0.9685     1.0000     0.0315     0.9718     0.9718     0.0000
 48   0     0.9672     1.0000     0.0328     0.9744     0.9744    -0.0000
 49   0     0.9848     1.0000     0.0152     0.9837     0.9837     0.0000
      Bond orders larger than 0.1000000
           Atom A     A.N. of A          Atom B    A.N. of B              Bond order
                0             8               1            6                0.892847
                0             8              21            1                0.967296
                1             6               2            6                1.039248
                1             6              10            6                0.943509
                1             6              16            6                0.969446
                2             6               3            6                1.016768
                2             6              22            1                0.959767
                2             6              23            1                0.962783
                3             6               4            7                0.937594
                3             6              24            1                0.971458
                3             6              25            1                0.967178
                4             7               5            6                0.919698
                4             7               9            6                0.927968
                5             6               6            6                1.030324
                5             6              26            1                0.974865
                5             6              27            1                0.973605
                6             6               7            6                1.047624
                6             6              28            1                0.975619
                6             6              29            1                0.975272
                7             6               8            6                1.017397
                7             6              30            1                0.980228
                7             6              31            1                0.969390
                8             6               9            6                1.052678
                8             6              32            1                0.972995
                8             6              33            1                0.974027
                9             6              34            1                0.977561
                9             6              35            1                0.964018
               10             6              11            6                1.431145
               10             6              15            6                1.428462
               11             6              12            6                1.423601
               11             6              36            1                0.997755
               12             6              13            6                1.402326
               12             6              37            1                1.001099
               13             6              14            6                1.419436
               13             6              38            1                1.000084
               14             6              15            6                1.425621
               14             6              39            1                0.999600
               15             6              40            1                1.000323
               16             6              17            6                1.003256
               16             6              20            6                1.009872
               16             6              41            1                0.939081
               17             6              18            6                1.054683
               17             6              42            1                0.971982
               17             6              43            1                0.965402
               18             6              19            6                1.027280
               18             6              44            1                0.970159
               18             6              45            1                0.976709
               19             6              20            6                1.058188
               19             6              46            1                0.969726
               19             6              47            1                0.976211
               20             6              48            1                0.967810
               20             6              49            1                0.966701
# -----------------------------------------------------------
$ Calculation_Info
   description: Details of the calculation
   geom. index: 1
   prop. index: 1
     Multiplicity:                          1
     Charge:                                0
     number of atoms:                       50
     number of electrons:                   0
     number of frozen core electrons:       1
     number of correlated electrons:        0
     number of basis functions:             439
     number of aux C basis functions:       0
     number of aux J basis functions:       0
     number of aux JK basis functions:      0
     number of aux CABS basis functions:    0
     Total Energy                           -865.036696
# -----------------------------------------------------------
$ SCF_Electric_Properties
   description: The SCF Calculated Electric Properties
   geom. index: 1
   prop. index: 1
       Filename                          : ./ZINC000000000199/ZINC000000000199.scfp 
       Do Dipole Moment Calculation      : true 
       Do Quadrupole Moment Calculation  : false 
       Do Polarizability Calculation     : false 
** Dipole moment part of electric properties **
        Magnitude of dipole moment (Debye) :        2.1612461357
        Electronic Contribution:
                  0    
      0     -10.336267
      1      13.468935
      2      -4.127228
        Nuclear Contribution:
                  0    
      0      10.822172
      1     -14.012157
      2       4.565161
        Total Dipole moment:
                  0    
      0       0.485905
      1      -0.543223
      2       0.437933
# -------------------------------------------------------------
----------------------- !GEOMETRIES! ------------------------
# -------------------------------------------------------------
------------------------ !GEOMETRY! -------------------------
    Number of atoms:    50 
    Geometry Index:     1 
    Coordinates:
               0 O     -1.724070787487    0.261508395702   -2.364448165757
               1 C     -1.287466773674    0.316795686881   -0.989090785919
               2 C      0.265360308005    0.216487762199   -1.012529959919
               3 C      0.942082944349    0.239910855079    0.366140311862
               4 N      2.401835807462    0.071654406045    0.263886062621
               5 C      3.071395267958    0.621655190443    1.458316999080
               6 C      4.478365889284    0.058702895102    1.705230355495
               7 C      5.151217438628   -0.351844638079    0.404497347227
               8 C      4.294801174414   -1.366133461815   -0.356597619701
               9 C      2.810009897819   -1.314134137182    0.025556914119
              10 C     -1.710080830163    1.693873080990   -0.453663237679
              11 C     -1.710519175829    2.811707062782   -1.310989618196
              12 C     -2.059720336432    4.084316781071   -0.852053413133
              13 C     -2.410208540093    4.271389937993    0.480364629304
              14 C     -2.407976808708    3.186963055997    1.351759943727
              15 C     -2.058084465291    1.913237371197    0.891162897354
              16 C     -1.951184406322   -0.886149830708   -0.251780176114
              17 C     -3.481074441899   -0.952692071711   -0.382354444935
              18 C     -3.842233122876   -2.367821355360    0.060393919121
              19 C     -2.589631627838   -3.212830299135   -0.158755046162
              20 C     -1.554102881672   -2.275738453828   -0.771332604933
              21 H     -1.226511792159   -0.439886689972   -2.814318676860
              22 H      0.546921578279   -0.690126577795   -1.560753455914
              23 H      0.672116642221    1.036915398595   -1.621560044993
              24 H      0.733722017077    1.215782955119    0.820538554117
              25 H      0.523455865117   -0.521255287375    1.033755673334
              26 H      3.141003083731    1.709144989931    1.333586949231
              27 H      2.478645020797    0.441913992141    2.365154996981
              28 H      4.410643375115   -0.817194951840    2.363253372962
              29 H      5.088755511297    0.802769897973    2.229285348347
              30 H      6.145389436618   -0.769686430738    0.598232344447
              31 H      5.301039337082    0.538128245976   -0.219902224358
              32 H      4.413109884324   -1.188390942698   -1.432644326200
              33 H      4.668800653643   -2.379233767497   -0.165730619931
              34 H      2.244174005294   -1.773804198896   -0.791349972125
              35 H      2.624766983625   -1.930391183413    0.915434932938
              36 H     -1.438684649036    2.693359082937   -2.358607988475
              37 H     -2.057062554954    4.925931673504   -1.539495601004
              38 H     -2.682915280902    5.260068188534    0.838620383294
              39 H     -2.677560991276    3.330130724253    2.394795944962
              40 H     -2.059785261058    1.102117795688    1.613035667178
              41 H     -1.699617653609   -0.859325586239    0.815948637840
              42 H     -3.992379691066   -0.203494075883    0.228780250389
              43 H     -3.799716873069   -0.807898784540   -1.421221960776
              44 H     -4.118396686553   -2.379423141798    1.120942368125
              45 H     -4.696712690814   -2.753077873243   -0.505388249041
              46 H     -2.230727714671   -3.598790907422    0.802540545917
              47 H     -2.784201377498   -4.073692432836   -0.806092704020
              48 H     -0.539223995269   -2.559692374133   -0.477009073615
              49 H     -1.617760711924   -2.331755971995   -1.863545380213
