-------------------------------------------------------------
----------------------- !PROPERTIES! ------------------------
-------------------------------------------------------------
# -----------------------------------------------------------
$ PAL_Flags
   description: The PAL Flags
   geom. index: 1
   prop. index: 1
        Diskflag:     2
# -----------------------------------------------------------
$ SCF_Energy
   description: The SCF energy
   geom. index: 1
   prop. index: 1
        SCF Energy:    -1024.1861800058
# -----------------------------------------------------------
$ Mayer_Pop
   description: The Mayer population analysis
   geom. index: 1
   prop. index: 1
     Number of atoms                     : 46
     Threshold for printing              : 0.1000000
     Number of bond orders printed       : 49
  NA   - Mulliken gross atomic population
  ZA   - Total nuclear charge
  QA   - Mulliken gross atomic charge
  VA   - Mayer's total valence
  BVA  - Mayer's bonded valence
  FA   - Mayer's free valence
  ATOM       NA         ZA         QA         VA         BVA        FA
  0   0     5.8354     6.0000     0.1646     3.8762     3.8762    -0.0000
  1   0     7.6874     7.0000    -0.6874     2.7884     2.7884     0.0000
  2   0     5.6947     6.0000     0.3053     3.7963     3.7963     0.0000
  3   0     6.2633     6.0000    -0.2633     3.9964     3.9964     0.0000
  4   0     5.9398     6.0000     0.0602     3.8476     3.8476    -0.0000
  5   0     6.2092     6.0000    -0.2092     3.6981     3.6981    -0.0000
  6   0     6.0137     6.0000    -0.0137     3.9967     3.9967    -0.0000
  7   0     7.1026     7.0000    -0.1026     3.1479     3.1479    -0.0000
  8   0     5.5749     6.0000     0.4251     4.1403     4.1403    -0.0000
  9   0     7.3084     7.0000    -0.3084     3.0761     3.0761     0.0000
 10   0     8.4035     8.0000    -0.4035     2.0704     2.0704     0.0000
 11   0     5.9132     6.0000     0.0868     3.8281     3.8281    -0.0000
 12   0     6.1011     6.0000    -0.1011     3.8451     3.8451     0.0000
 13   0     6.0308     6.0000    -0.0308     3.8689     3.8689     0.0000
 14   0     6.0715     6.0000    -0.0715     3.9133     3.9133     0.0000
 15   0     6.0075     6.0000    -0.0075     3.8680     3.8680     0.0000
 16   0     6.0965     6.0000    -0.0965     3.8833     3.8833    -0.0000
 17   0     5.7836     6.0000     0.2164     3.7979     3.7979    -0.0000
 18   0     7.3492     7.0000    -0.3492     3.2185     3.2185    -0.0000
 19   0     5.8679     6.0000     0.1321     3.8648     3.8648     0.0000
 20   0     6.2143     6.0000    -0.2143     3.9601     3.9601     0.0000
 21   0     6.0910     6.0000    -0.0910     3.9785     3.9785     0.0000
 22   0     5.8278     6.0000     0.1722     3.8917     3.8917     0.0000
 23   0     5.8436     6.0000     0.1564     3.8442     3.8442     0.0000
 24   0     0.9935     1.0000     0.0065     0.9774     0.9774    -0.0000
 25   0     0.9605     1.0000     0.0395     0.9852     0.9852    -0.0000
 26   0     0.9636     1.0000     0.0364     0.9815     0.9815    -0.0000
 27   0     0.9959     1.0000     0.0041     0.9812     0.9812     0.0000
 28   0     0.9544     1.0000     0.0456     0.9876     0.9876     0.0000
 29   0     0.9458     1.0000     0.0542     0.9634     0.9634     0.0000
 30   0     0.9260     1.0000     0.0740     0.9818     0.9818    -0.0000
 31   0     0.9474     1.0000     0.0526     0.9932     0.9932    -0.0000
 32   0     0.8938     1.0000     0.1062     0.9852     0.9852    -0.0000
 33   0     0.8431     1.0000     0.1569     0.9883     0.9883     0.0000
 34   0     0.8232     1.0000     0.1768     0.9913     0.9913    -0.0000
 35   0     0.9605     1.0000     0.0395     0.9831     0.9831     0.0000
 36   0     0.9908     1.0000     0.0092     0.9801     0.9801     0.0000
 37   0     0.9541     1.0000     0.0459     0.9671     0.9671    -0.0000
 38   0     0.9908     1.0000     0.0092     0.9930     0.9930    -0.0000
 39   0     0.9645     1.0000     0.0355     0.9860     0.9860     0.0000
 40   0     0.9814     1.0000     0.0186     0.9939     0.9939    -0.0000
 41   0     0.8457     1.0000     0.1543     0.9812     0.9812     0.0000
 42   0     0.9555     1.0000     0.0445     1.0016     1.0016     0.0000
 43   0     0.9556     1.0000     0.0444     0.9790     0.9790     0.0000
 44   0     0.9528     1.0000     0.0472     0.9806     0.9806     0.0000
 45   0     0.9700     1.0000     0.0300     0.9630     0.9630    -0.0000
      Bond orders larger than 0.1000000
           Atom A     A.N. of A          Atom B    A.N. of B              Bond order
                0             6               1            7                0.938742
                0             6              24            1                0.979447
                0             6              25            1                0.987659
                0             6              26            1                0.986011
                1             7               2            6                0.930633
                1             7              23            6                0.909782
                2             6               3            6                1.024869
                2             6              27            1                0.957296
                2             6              28            1                0.971624
                3             6               4            6                1.057437
                3             6              11            6                0.987119
                3             6              29            1                0.941791
                4             6               5            6                0.966459
                4             6              30            1                0.963714
                4             6              31            1                0.980407
                5             6               6            6                0.938760
                5             6               8            6                0.932729
                5             6              32            1                0.950476
                6             6               7            7                3.089356
                8             6               9            7                1.187107
                8             6              10            8                2.024678
                9             7              33            1                0.949680
                9             7              34            1                0.947420
               11             6              12            6                1.035402
               11             6              35            1                0.963669
               11             6              36            1                0.964453
               12             6              13            6                0.932609
               12             6              23            6                1.006101
               12             6              37            1                0.908382
               13             6              14            6                1.502416
               13             6              21            6                1.359112
               14             6              15            6                1.358233
               14             6              38            1                1.003951
               15             6              16            6                1.474356
               15             6              39            1                0.995210
               16             6              17            6                1.313307
               16             6              40            1                1.015470
               17             6              18            7                1.107007
               17             6              21            6                1.324051
               18             7              19            6                1.099573
               18             7              41            1                0.945776
               19             6              20            6                1.710381
               19             6              42            1                0.998282
               20             6              21            6                1.227454
               20             6              22            6                0.977861
               22             6              23            6                1.049685
               22             6              43            1                0.961902
               22             6              44            1                0.952556
               23             6              45            1                0.962047
# -----------------------------------------------------------
$ Calculation_Info
   description: Details of the calculation
   geom. index: 1
   prop. index: 1
     Multiplicity:                          1
     Charge:                                0
     number of atoms:                       46
     number of electrons:                   0
     number of frozen core electrons:       1
     number of correlated electrons:        0
     number of basis functions:             446
     number of aux C basis functions:       0
     number of aux J basis functions:       0
     number of aux JK basis functions:      0
     number of aux CABS basis functions:    0
     Total Energy                           -1024.186180
# -----------------------------------------------------------
$ SCF_Electric_Properties
   description: The SCF Calculated Electric Properties
   geom. index: 1
   prop. index: 1
       Filename                          : ./ZINC000000000139/ZINC000000000139.scfp 
       Do Dipole Moment Calculation      : true 
       Do Quadrupole Moment Calculation  : false 
       Do Polarizability Calculation     : false 
** Dipole moment part of electric properties **
        Magnitude of dipole moment (Debye) :        8.8489007083
        Electronic Contribution:
                  0    
      0       0.582362
      1       5.897066
      2      -0.398712
        Nuclear Contribution:
                  0    
      0      -3.261489
      1      -4.560971
      2       2.175496
        Total Dipole moment:
                  0    
      0      -2.679127
      1       1.336096
      2       1.776784
# -------------------------------------------------------------
----------------------- !GEOMETRIES! ------------------------
# -------------------------------------------------------------
------------------------ !GEOMETRY! -------------------------
    Number of atoms:    46 
    Geometry Index:     1 
    Coordinates:
               0 C     -0.408992058224   -3.202935758389   -1.264710967402
               1 N      0.149990180472   -2.351852951687   -0.216738939520
               2 C      1.385259452435   -1.717577113859   -0.699370196294
               3 C      1.851311410408   -0.584395266175    0.219378236721
               4 C      3.276311270875   -0.065304061554   -0.085437033959
               5 C      3.532377452714    0.445184779464   -1.518253820449
               6 C      3.910349726673   -0.646876312779   -2.428945963876
               7 N      4.128376591420   -1.535914902913   -3.143164138265
               8 C      4.616688795415    1.512951852661   -1.494627320456
               9 N      4.215761248496    2.747937156341   -1.058392722029
              10 O      5.786485028402    1.335214671719   -1.813013335901
              11 C      0.814809830365    0.554064815758    0.250583295765
              12 C     -0.624907208462    0.080623070645   -0.051979871637
              13 C     -1.656049550232    1.025764843876    0.541939203930
              14 C     -1.570473987735    2.425282893028    0.583721815191
              15 C     -2.592586716796    3.195304732687    1.160052553168
              16 C     -3.745901315641    2.608764833004    1.704934992506
              17 C     -3.834275481584    1.218915132619    1.627709810073
              18 N     -4.801138848140    0.322259441717    2.028815716930
              19 C     -4.429644045398   -0.964130887205    1.694517737728
              20 C     -3.200278038914   -0.894892455864    1.081373920590
              21 C     -2.828632621036    0.462844905415    1.056926978246
              22 C     -2.305298294338   -1.913437454945    0.462911692091
              23 C     -0.808890212673   -1.417969459927    0.437732712942
              24 H     -0.839129191740   -2.614696854580   -2.082809188068
              25 H      0.364097296492   -3.855916967666   -1.687148710201
              26 H     -1.174394279307   -3.875916760221   -0.865436719796
              27 H      1.233254741660   -1.321342131944   -1.711823901675
              28 H      2.167349050845   -2.484092452626   -0.757958072947
              29 H      1.904719059588   -0.996025835363    1.238850626707
              30 H      3.991211180107   -0.867255326555    0.147422836036
              31 H      3.490892998705    0.730653520975    0.640538845802
              32 H      2.632524394910    0.922885263169   -1.922868921109
              33 H      3.303256325906    2.946779561713   -0.672298060551
              34 H      4.928551050180    3.465773418262   -0.992801160911
              35 H      0.868312657419    1.019610962531    1.244480348935
              36 H      1.072477773454    1.348642912937   -0.458725518393
              37 H     -0.779073090375    0.096575998572   -1.140527483625
              38 H     -0.705256288314    2.935758084998    0.169934753100
              39 H     -2.491132138053    4.278714702004    1.184876599296
              40 H     -4.529971723968    3.212106917030    2.148168130435
              41 H     -5.665936761748    0.576275848630    2.485282255785
              42 H     -5.079668037981   -1.800053471490    1.915328118509
              43 H     -2.373696369509   -2.857511390640    1.016160413277
              44 H     -2.667514060786   -2.087809847744   -0.557263570680
              45 H     -0.511527195966   -1.412982655626    1.499049566112
