-------------------------------------------------------------
----------------------- !PROPERTIES! ------------------------
-------------------------------------------------------------
# -----------------------------------------------------------
$ PAL_Flags
   description: The PAL Flags
   geom. index: 1
   prop. index: 1
        Diskflag:     2
# -----------------------------------------------------------
$ SCF_Energy
   description: The SCF energy
   geom. index: 1
   prop. index: 1
        SCF Energy:    -1205.9153594359
# -----------------------------------------------------------
$ Mayer_Pop
   description: The Mayer population analysis
   geom. index: 1
   prop. index: 1
     Number of atoms                     : 40
     Threshold for printing              : 0.1000000
     Number of bond orders printed       : 40
  NA   - Mulliken gross atomic population
  ZA   - Total nuclear charge
  QA   - Mulliken gross atomic charge
  VA   - Mayer's total valence
  BVA  - Mayer's bonded valence
  FA   - Mayer's free valence
  ATOM       NA         ZA         QA         VA         BVA        FA
  0   0     5.9294     6.0000     0.0706     3.9019     3.9019     0.0000
  1   0     6.1663     6.0000    -0.1663     3.8062     3.8062     0.0000
  2   0     6.0422     6.0000    -0.0422     3.8897     3.8897     0.0000
  3   0     5.9924     6.0000     0.0076     3.9363     3.9363    -0.0000
  4   0     6.0062     6.0000    -0.0062     3.8274     3.8274    -0.0000
  5   0    17.1209    17.0000    -0.1209     1.0506     1.0506    -0.0000
  6   0     5.7683     6.0000     0.2317     3.9548     3.9548    -0.0000
  7   0     8.5673     8.0000    -0.5673     1.8479     1.8479    -0.0000
  8   0     5.6550     6.0000     0.3450     3.7419     3.7419    -0.0000
  9   0     5.8405     6.0000     0.1595     3.9375     3.9375     0.0000
 10   0     8.4797     8.0000    -0.4797     1.9080     1.9080    -0.0000
 11   0     5.8340     6.0000     0.1660     3.8241     3.8241     0.0000
 12   0     7.4997     7.0000    -0.4997     2.7857     2.7857    -0.0000
 13   0     6.2544     6.0000    -0.2544     3.9691     3.9691     0.0000
 14   0     5.9407     6.0000     0.0593     3.8620     3.8620    -0.0000
 15   0     5.9537     6.0000     0.0463     3.8530     3.8530    -0.0000
 16   0     5.9509     6.0000     0.0491     3.8287     3.8287     0.0000
 17   0     6.0397     6.0000    -0.0397     3.8874     3.8874    -0.0000
 18   0     0.9563     1.0000     0.0437     0.9853     0.9853     0.0000
 19   0     0.9407     1.0000     0.0593     0.9791     0.9791     0.0000
 20   0     0.9636     1.0000     0.0364     0.9863     0.9863     0.0000
 21   0     0.9672     1.0000     0.0328     0.9942     0.9942    -0.0000
 22   0     0.9561     1.0000     0.0439     1.0013     1.0013     0.0000
 23   0     0.9591     1.0000     0.0409     0.9985     0.9985     0.0000
 24   0     0.9720     1.0000     0.0280     0.9991     0.9991     0.0000
 25   0     0.9721     1.0000     0.0279     0.9828     0.9828     0.0000
 26   0     0.7924     1.0000     0.2076     1.0197     1.0197    -0.0000
 27   0     0.9631     1.0000     0.0369     0.9891     0.9891     0.0000
 28   0     0.9780     1.0000     0.0220     0.9739     0.9739     0.0000
 29   0     0.8659     1.0000     0.1341     0.9706     0.9706    -0.0000
 30   0     0.9618     1.0000     0.0382     0.9911     0.9911     0.0000
 31   0     0.9730     1.0000     0.0270     0.9863     0.9863     0.0000
 32   0     0.9789     1.0000     0.0211     0.9888     0.9888     0.0000
 33   0     0.9674     1.0000     0.0326     0.9870     0.9870    -0.0000
 34   0     0.9584     1.0000     0.0416     0.9891     0.9891     0.0000
 35   0     0.9694     1.0000     0.0306     0.9852     0.9852     0.0000
 36   0     0.9772     1.0000     0.0228     0.9908     0.9908    -0.0000
 37   0     0.9702     1.0000     0.0298     0.9873     0.9873    -0.0000
 38   0     0.9672     1.0000     0.0328     0.9859     0.9859     0.0000
 39   0     0.9482     1.0000     0.0518     1.0145     1.0145    -0.0000
      Bond orders larger than 0.1000000
           Atom A     A.N. of A          Atom B    A.N. of B              Bond order
                0             6               1            6                0.998342
                0             6              18            1                0.985493
                0             6              19            1                0.973605
                0             6              20            1                0.986809
                1             6               2            6                1.404957
                1             6              17            6                1.375388
                2             6               3            6                1.435229
                2             6              21            1                1.003899
                3             6               4            6                1.404286
                3             6              22            1                0.999992
                4             6               5           17                0.971094
                4             6               6            6                1.415305
                6             6               7            8                0.981087
                6             6              17            6                1.437329
                7             8               8            6                0.847851
                8             6               9            6                1.026322
                8             6              23            1                0.951560
                8             6              24            1                0.973912
                9             6              10            8                0.937373
                9             6              11            6                1.023136
                9             6              25            1                0.957071
               10             8              26            1                0.947336
               11             6              12            7                0.932100
               11             6              27            1                0.961422
               11             6              28            1                0.962676
               12             7              13            6                0.912590
               12             7              29            1                0.945276
               13             6              14            6                1.018523
               13             6              15            6                1.006266
               13             6              16            6                0.992540
               14             6              30            1                0.983827
               14             6              31            1                0.984377
               14             6              32            1                0.981703
               15             6              33            1                0.983098
               15             6              34            1                0.981072
               15             6              35            1                0.981680
               16             6              36            1                0.980637
               16             6              37            1                0.980867
               16             6              38            1                0.981883
               17             6              39            1                1.010662
# -----------------------------------------------------------
$ Calculation_Info
   description: Details of the calculation
   geom. index: 1
   prop. index: 1
     Multiplicity:                          1
     Charge:                                0
     number of atoms:                       40
     number of electrons:                   0
     number of frozen core electrons:       1
     number of correlated electrons:        0
     number of basis functions:             366
     number of aux C basis functions:       0
     number of aux J basis functions:       0
     number of aux JK basis functions:      0
     number of aux CABS basis functions:    0
     Total Energy                           -1205.915359
# -----------------------------------------------------------
$ SCF_Electric_Properties
   description: The SCF Calculated Electric Properties
   geom. index: 1
   prop. index: 1
       Filename                          : ./ZINC000000000106/ZINC000000000106.scfp 
       Do Dipole Moment Calculation      : true 
       Do Quadrupole Moment Calculation  : false 
       Do Polarizability Calculation     : false 
** Dipole moment part of electric properties **
        Magnitude of dipole moment (Debye) :        2.9625581893
        Electronic Contribution:
                  0    
      0      34.126094
      1     -21.590170
      2      -5.565327
        Nuclear Contribution:
                  0    
      0     -34.998281
      1      22.190001
      2       5.077506
        Total Dipole moment:
                  0    
      0      -0.872186
      1       0.599831
      2      -0.487821
# -------------------------------------------------------------
----------------------- !GEOMETRIES! ------------------------
# -------------------------------------------------------------
------------------------ !GEOMETRY! -------------------------
    Number of atoms:    40 
    Geometry Index:     1 
    Coordinates:
               0 C      5.596369815064    1.463390987427    0.953374523071
               1 C      4.939050820209    0.290224912750    0.288906908296
               2 C      5.623001555278   -0.457756742294   -0.677779146588
               3 C      5.025058235635   -1.578226515950   -1.262791373395
               4 C      3.737797960839   -1.961804685299   -0.884701130848
               5 Cl     3.041753598708   -3.360546645600   -1.616591752069
               6 C      3.049137805406   -1.216377318947    0.073856554298
               7 O      1.800956681684   -1.573244895358    0.509912094118
               8 C      0.782179979037   -0.950797799512   -0.292658324669
               9 C     -0.404794746026   -0.601290051107    0.611427242514
              10 O     -0.081664041588    0.550780012226    1.410111839167
              11 C     -1.662765990747   -0.277707957963   -0.219609470243
              12 N     -2.735417870822    0.167335505482    0.687843103491
              13 C     -3.998839607320    0.570287179796    0.038405901932
              14 C     -4.937300691473    1.020308921358    1.174871101073
              15 C     -3.800279977739    1.754583672669   -0.920965441389
              16 C     -4.660607208952   -0.602177956647   -0.704041263503
              17 C      3.652666015411   -0.107900904506    0.673587715202
              18 H      4.858793321638    2.233469661126    1.201200238670
              19 H      6.094194112138    1.141392053460    1.872636029594
              20 H      6.339059012448    1.923946436788    0.293055191068
              21 H      6.631577618558   -0.178104917963   -0.975293680698
              22 H      5.574648103908   -2.153215408525   -2.003602690200
              23 H      1.149756311632   -0.042217799860   -0.789346301587
              24 H      0.475424994265   -1.674760142937   -1.055856585007
              25 H     -0.605408622993   -1.425083303414    1.307116777233
              26 H     -0.950807710043    0.931417465925    1.653719069797
              27 H     -1.414389898896    0.526672627039   -0.919837236265
              28 H     -1.960941181220   -1.165112089429   -0.786554219013
              29 H     -2.933144360179   -0.582487397813    1.354499535448
              30 H     -4.513162578385    1.862794835549    1.733441275024
              31 H     -5.908848175565    1.342038376230    0.782019770176
              32 H     -5.125864584666    0.208145817073    1.886831630005
              33 H     -4.765290279603    2.140505178131   -1.271112547559
              34 H     -3.275350237383    2.581607813571   -0.429146092881
              35 H     -3.228156553452    1.470908882887   -1.810410596658
              36 H     -4.782934155849   -1.471488624737   -0.047955642981
              37 H     -5.657045374339   -0.322596376327   -1.066293654207
              38 H     -4.077483023284   -0.916800916814   -1.575916889164
              39 H      3.109070928666    0.439888111514    1.441083228909
