-------------------------------------------------------------
----------------------- !PROPERTIES! ------------------------
-------------------------------------------------------------
# -----------------------------------------------------------
$ PAL_Flags
   description: The PAL Flags
   geom. index: 1
   prop. index: 1
        Diskflag:     2
# -----------------------------------------------------------
$ SCF_Energy
   description: The SCF energy
   geom. index: 1
   prop. index: 1
        SCF Energy:     -962.6688355890
# -----------------------------------------------------------
$ Mayer_Pop
   description: The Mayer population analysis
   geom. index: 1
   prop. index: 1
     Number of atoms                     : 41
     Threshold for printing              : 0.1000000
     Number of bond orders printed       : 41
  NA   - Mulliken gross atomic population
  ZA   - Total nuclear charge
  QA   - Mulliken gross atomic charge
  VA   - Mayer's total valence
  BVA  - Mayer's bonded valence
  FA   - Mayer's free valence
  ATOM       NA         ZA         QA         VA         BVA        FA
  0   0     6.0863     6.0000    -0.0863     3.9711     3.9711    -0.0000
  1   0     5.7750     6.0000     0.2250     3.8249     3.8249    -0.0000
  2   0     8.5542     8.0000    -0.5542     1.8862     1.8862    -0.0000
  3   0     5.3190     6.0000     0.6810     4.1056     4.1056    -0.0000
  4   0     8.4573     8.0000    -0.4573     2.0068     2.0068     0.0000
  5   0     7.3089     7.0000    -0.3089     2.9828     2.9828    -0.0000
  6   0     7.2148     7.0000    -0.2148     2.9230     2.9230    -0.0000
  7   0     5.6875     6.0000     0.3125     3.8718     3.8718    -0.0000
  8   0     6.0237     6.0000    -0.0237     3.9003     3.9003    -0.0000
  9   0     6.0426     6.0000    -0.0426     3.9208     3.9208     0.0000
 10   0     5.6161     6.0000     0.3839     3.8130     3.8130     0.0000
 11   0     7.6500     7.0000    -0.6500     2.7873     2.7873     0.0000
 12   0     5.8952     6.0000     0.1048     3.8853     3.8853    -0.0000
 13   0     6.0048     6.0000    -0.0048     3.9416     3.9416    -0.0000
 14   0     5.7994     6.0000     0.2006     3.7399     3.7399     0.0000
 15   0     5.8399     6.0000     0.1601     3.9748     3.9748     0.0000
 16   0     6.0178     6.0000    -0.0178     3.9350     3.9350    -0.0000
 17   0     8.4846     8.0000    -0.4846     1.9034     1.9034    -0.0000
 18   0     7.3371     7.0000    -0.3371     2.8398     2.8398    -0.0000
 19   0     7.2068     7.0000    -0.2068     2.9003     2.9003    -0.0000
 20   0     0.9600     1.0000     0.0400     0.9793     0.9793    -0.0000
 21   0     0.9582     1.0000     0.0418     0.9822     0.9822     0.0000
 22   0     0.9424     1.0000     0.0576     0.9928     0.9928    -0.0000
 23   0     0.9573     1.0000     0.0427     0.9783     0.9783     0.0000
 24   0     0.9333     1.0000     0.0667     0.9908     0.9908    -0.0000
 25   0     0.8117     1.0000     0.1883     0.9721     0.9721    -0.0000
 26   0     0.8097     1.0000     0.1903     1.0065     1.0065    -0.0000
 27   0     0.9587     1.0000     0.0413     0.9996     0.9996     0.0000
 28   0     0.9450     1.0000     0.0550     0.9949     0.9949    -0.0000
 29   0     0.9590     1.0000     0.0410     0.9826     0.9826    -0.0000
 30   0     0.9635     1.0000     0.0365     0.9796     0.9796    -0.0000
 31   0     0.9708     1.0000     0.0292     0.9792     0.9792    -0.0000
 32   0     0.9685     1.0000     0.0315     0.9895     0.9895    -0.0000
 33   0     0.9726     1.0000     0.0274     0.9876     0.9876    -0.0000
 34   0     0.9427     1.0000     0.0573     0.9962     0.9962     0.0000
 35   0     0.9723     1.0000     0.0277     0.9926     0.9926     0.0000
 36   0     0.9822     1.0000     0.0178     0.9753     0.9753     0.0000
 37   0     0.9553     1.0000     0.0447     0.9886     0.9886    -0.0000
 38   0     0.9832     1.0000     0.0168     0.9764     0.9764    -0.0000
 39   0     0.9671     1.0000     0.0329     0.9890     0.9890    -0.0000
 40   0     0.7657     1.0000     0.2343     1.0024     1.0024    -0.0000
      Bond orders larger than 0.1000000
           Atom A     A.N. of A          Atom B    A.N. of B              Bond order
                0             6               1            6                1.052666
                0             6              20            1                0.980330
                0             6              21            1                0.982682
                0             6              22            1                0.983366
                1             6               2            8                0.792674
                1             6              23            1                0.982689
                1             6              24            1                0.978137
                2             8               3            6                1.085052
                3             6               4            8                1.901621
                3             6               5            7                1.103634
                5             7               6            7                0.974455
                5             7              25            1                0.931534
                6             7               7            6                1.037993
                6             7              26            1                0.926160
                7             6               8            6                1.257547
                7             6              19            7                1.553948
                8             6               9            6                1.572467
                8             6              27            1                0.987672
                9             6              10            6                1.286175
                9             6              28            1                0.989681
               10             6              11            7                1.028797
               10             6              18            7                1.451366
               11             7              12            6                0.883431
               11             7              14            6                0.882341
               12             6              13            6                1.045792
               12             6              29            1                0.980738
               12             6              30            1                0.974609
               13             6              31            1                0.984435
               13             6              32            1                0.981816
               13             6              33            1                0.981872
               14             6              15            6                0.994572
               14             6              34            1                0.956434
               14             6              35            1                0.978397
               15             6              16            6                1.048846
               15             6              17            8                0.953567
               15             6              36            1                0.971823
               16             6              37            1                0.984076
               16             6              38            1                0.979161
               16             6              39            1                0.978240
               17             8              40            1                0.939992
               18             7              19            7                1.206733
# -----------------------------------------------------------
$ Calculation_Info
   description: Details of the calculation
   geom. index: 1
   prop. index: 1
     Multiplicity:                          1
     Charge:                                0
     number of atoms:                       41
     number of electrons:                   0
     number of frozen core electrons:       1
     number of correlated electrons:        0
     number of basis functions:             385
     number of aux C basis functions:       0
     number of aux J basis functions:       0
     number of aux JK basis functions:      0
     number of aux CABS basis functions:    0
     Total Energy                           -962.668836
# -----------------------------------------------------------
$ SCF_Electric_Properties
   description: The SCF Calculated Electric Properties
   geom. index: 1
   prop. index: 1
       Filename                          : ./ZINC000000000113/ZINC000000000113.scfp 
       Do Dipole Moment Calculation      : true 
       Do Quadrupole Moment Calculation  : false 
       Do Polarizability Calculation     : false 
** Dipole moment part of electric properties **
        Magnitude of dipole moment (Debye) :        7.3174596814
        Electronic Contribution:
                  0    
      0      14.392020
      1      -3.942324
      2      -5.742065
        Nuclear Contribution:
                  0    
      0     -13.841891
      1       6.557584
      2       4.671757
        Total Dipole moment:
                  0    
      0       0.550129
      1       2.615260
      2      -1.070309
# -------------------------------------------------------------
----------------------- !GEOMETRIES! ------------------------
# -------------------------------------------------------------
------------------------ !GEOMETRY! -------------------------
    Number of atoms:    41 
    Geometry Index:     1 
    Coordinates:
               0 C      7.195879199945   -0.905470184427    1.042783225072
               1 C      6.055212948506   -0.160054111807    1.709707917321
               2 O      5.165594939282    0.375172558065    0.718580289242
               3 C      4.182897806340   -0.461424298121    0.301538224978
               4 O      4.021760576284   -1.617223345171    0.669674365732
               5 N      3.400891869206    0.175698464768   -0.633580120640
               6 N      2.525128370555   -0.624247799863   -1.407166654474
               7 C      1.167624282592   -0.282928149271   -1.212727603790
               8 C      0.711086868242    1.014809410485   -1.371306789228
               9 C     -0.646917182246    1.289899702939   -1.199211005117
              10 C     -1.536129790927    0.266941460741   -0.891891702205
              11 N     -2.893761896000    0.547854386845   -0.671682570465
              12 C     -3.562324920756    1.195185741945   -1.812656422202
              13 C     -4.357754896725    2.396012830678   -1.320826131715
              14 C     -3.678318857982   -0.541104118982   -0.034487782430
              15 C     -3.309337208457   -0.729018595153    1.458458510572
              16 C     -4.515919001242   -1.187675970690    2.268619714373
              17 O     -2.299172689492   -1.725612333971    1.632803248944
              18 N     -1.050452041341   -0.981773957162   -0.749401090106
              19 N      0.294796988263   -1.262129600453   -0.919636532670
              20 H      7.719099094216   -0.254799955499    0.334388689797
              21 H      7.910776837909   -1.265706201615    1.787511855792
              22 H      6.824423816882   -1.763230044125    0.473172545754
              23 H      6.451939028301    0.689766409814    2.274887667628
              24 H      5.521120917437   -0.798838635925    2.422315242300
              25 H      3.796805681041    0.990891201465   -1.085551459546
              26 H      2.590135051308   -1.614742674182   -1.129385792586
              27 H      1.395096509022    1.816188274671   -1.623401710022
              28 H     -0.996546163605    2.313190152757   -1.284177819838
              29 H     -2.862010655449    1.536552549272   -2.585069478617
              30 H     -4.234002938219    0.484635495387   -2.310954448920
              31 H     -4.876704724484    2.877127785556   -2.155619767395
              32 H     -5.106452025246    2.103215483529   -0.577261874570
              33 H     -3.697646763944    3.135829851763   -0.856089223187
              34 H     -3.572875341958   -1.478389619062   -0.596256388172
              35 H     -4.736615052572   -0.256890565633   -0.088385457226
              36 H     -2.932257944947    0.207445457315    1.884798245860
              37 H     -4.237147644467   -1.339927752519    3.316859797568
              38 H     -5.327262597696   -0.455091784064    2.228602335895
              39 H     -4.890689411779   -2.148662144041    1.899485332117
              40 H     -1.609971035796   -1.561475376257    0.955486122399
