-------------------------------------------------------------
----------------------- !PROPERTIES! ------------------------
-------------------------------------------------------------
# -----------------------------------------------------------
$ PAL_Flags
   description: The PAL Flags
   geom. index: 1
   prop. index: 1
        Diskflag:     2
# -----------------------------------------------------------
$ SCF_Energy
   description: The SCF energy
   geom. index: 1
   prop. index: 1
        SCF Energy:    -1398.4889440069
# -----------------------------------------------------------
$ Mayer_Pop
   description: The Mayer population analysis
   geom. index: 1
   prop. index: 1
     Number of atoms                     : 43
     Threshold for printing              : 0.1000000
     Number of bond orders printed       : 46
  NA   - Mulliken gross atomic population
  ZA   - Total nuclear charge
  QA   - Mulliken gross atomic charge
  VA   - Mayer's total valence
  BVA  - Mayer's bonded valence
  FA   - Mayer's free valence
  ATOM       NA         ZA         QA         VA         BVA        FA
  0   0     6.0342     6.0000    -0.0342     3.8705     3.8705     0.0000
  1   0     6.0304     6.0000    -0.0304     3.8969     3.8969    -0.0000
  2   0     6.0277     6.0000    -0.0277     3.9181     3.9181     0.0000
  3   0     6.1532     6.0000    -0.1532     3.8059     3.8059     0.0000
  4   0     5.7012     6.0000     0.2988     3.8328     3.8328     0.0000
  5   0     7.4906     7.0000    -0.4906     3.1539     3.1539    -0.0000
  6   0     5.7152     6.0000     0.2848     3.8759     3.8759     0.0000
  7   0     7.3243     7.0000    -0.3243     3.0418     3.0418     0.0000
  8   0     6.0463     6.0000    -0.0463     3.9721     3.9721    -0.0000
  9   0     5.4974     6.0000     0.5026     3.8119     3.8119    -0.0000
 10   0     7.3517     7.0000    -0.3517     2.9382     2.9382    -0.0000
 11   0     5.9317     6.0000     0.0683     4.0244     4.0244     0.0000
 12   0     5.6762     6.0000     0.3238     3.8512     3.8512    -0.0000
 13   0     7.6717     7.0000    -0.6717     2.7842     2.7842    -0.0000
 14   0     5.8020     6.0000     0.1980     3.8189     3.8189     0.0000
 15   0     6.1139     6.0000    -0.1139     3.9272     3.9272     0.0000
 16   0    16.1391    16.0000    -0.1391     1.9353     1.9353    -0.0000
 17   0     6.1083     6.0000    -0.1083     3.8898     3.8898    -0.0000
 18   0     5.8227     6.0000     0.1773     3.8546     3.8546    -0.0000
 19   0     7.0804     7.0000    -0.0804     2.6562     2.6562     0.0000
 20   0     8.4158     8.0000    -0.4158     2.0489     2.0489     0.0000
 21   0     5.8367     6.0000     0.1633     3.7824     3.7824    -0.0000
 22   0     6.0217     6.0000    -0.0217     3.9142     3.9142     0.0000
 23   0     6.0307     6.0000    -0.0307     3.8997     3.8997    -0.0000
 24   0     0.9504     1.0000     0.0496     0.9856     0.9856     0.0000
 25   0     0.9510     1.0000     0.0490     0.9856     0.9856    -0.0000
 26   0     0.9644     1.0000     0.0356     0.9935     0.9935     0.0000
 27   0     0.9414     1.0000     0.0586     0.9897     0.9897    -0.0000
 28   0     0.9396     1.0000     0.0604     0.9899     0.9899     0.0000
 29   0     0.9362     1.0000     0.0638     1.0047     1.0047    -0.0000
 30   0     0.9467     1.0000     0.0533     0.9950     0.9950    -0.0000
 31   0     0.9656     1.0000     0.0344     0.9909     0.9909    -0.0000
 32   0     0.9684     1.0000     0.0316     0.9822     0.9822     0.0000
 33   0     0.9487     1.0000     0.0513     0.9794     0.9794     0.0000
 34   0     0.9235     1.0000     0.0765     0.9599     0.9599    -0.0000
 35   0     0.9198     1.0000     0.0802     0.9723     0.9723    -0.0000
 36   0     0.9246     1.0000     0.0754     0.9713     0.9713     0.0000
 37   0     0.9344     1.0000     0.0656     0.9644     0.9644    -0.0000
 38   0     0.9616     1.0000     0.0384     0.9852     0.9852     0.0000
 39   0     0.9542     1.0000     0.0458     0.9763     0.9763    -0.0000
 40   0     0.9297     1.0000     0.0703     1.0078     1.0078    -0.0000
 41   0     0.9658     1.0000     0.0342     0.9946     0.9946     0.0000
 42   0     0.9509     1.0000     0.0491     0.9856     0.9856    -0.0000
      Bond orders larger than 0.1000000
           Atom A     A.N. of A          Atom B    A.N. of B              Bond order
                0             6               1            6                1.419216
                0             6              23            6                1.411691
                0             6              24            1                0.999185
                1             6               2            6                1.427767
                1             6              25            1                0.998659
                2             6               3            6                1.418272
                2             6              26            1                1.001217
                3             6               4            6                0.996946
                3             6              22            6                1.406239
                4             6               5            7                0.870599
                4             6              27            1                0.985409
                4             6              28            1                0.983829
                5             7               6            6                1.154701
                5             7              21            6                1.137334
                6             6               7            7                1.660458
                6             6              29            1                0.992326
                7             7               8            6                1.344076
                8             6               9            6                1.048886
                8             6              21            6                1.579674
                9             6              10            7                1.675868
                9             6              20            8                1.082346
               10             7              11            6                1.259996
               11             6              12            6                1.005843
               11             6              19            7                1.702857
               12             6              13            7                0.967817
               12             6              30            1                0.955701
               12             6              31            1                0.971272
               13             7              14            6                0.901464
               13             7              18            6                0.931433
               14             6              15            6                1.032138
               14             6              32            1                0.964209
               14             6              33            1                0.968127
               15             6              16           16                0.979814
               15             6              34            1                0.955989
               15             6              35            1                0.971005
               16            16              17            6                0.973879
               17             6              18            6                1.013060
               17             6              36            1                0.968906
               17             6              37            1                0.958326
               18             6              38            1                0.975632
               18             6              39            1                0.973749
               19             7              20            8                0.874874
               21             6              40            1                0.990380
               22             6              23            6                1.437037
               22             6              41            1                1.001171
               23             6              42            1                0.998763
# -----------------------------------------------------------
$ Calculation_Info
   description: Details of the calculation
   geom. index: 1
   prop. index: 1
     Multiplicity:                          1
     Charge:                                0
     number of atoms:                       43
     number of electrons:                   0
     number of frozen core electrons:       1
     number of correlated electrons:        0
     number of basis functions:             435
     number of aux C basis functions:       0
     number of aux J basis functions:       0
     number of aux JK basis functions:      0
     number of aux CABS basis functions:    0
     Total Energy                           -1398.488944
# -----------------------------------------------------------
$ SCF_Electric_Properties
   description: The SCF Calculated Electric Properties
   geom. index: 1
   prop. index: 1
       Filename                          : ./ZINC000000000213/ZINC000000000213.scfp 
       Do Dipole Moment Calculation      : true 
       Do Quadrupole Moment Calculation  : false 
       Do Polarizability Calculation     : false 
** Dipole moment part of electric properties **
        Magnitude of dipole moment (Debye) :        7.0849107714
        Electronic Contribution:
                  0    
      0       4.635168
      1      -1.174271
      2      -1.137236
        Nuclear Contribution:
                  0    
      0      -1.879688
      1       0.784834
      2       0.978944
        Total Dipole moment:
                  0    
      0       2.755480
      1      -0.389437
      2      -0.158292
# -------------------------------------------------------------
----------------------- !GEOMETRIES! ------------------------
# -------------------------------------------------------------
------------------------ !GEOMETRY! -------------------------
    Number of atoms:    43 
    Geometry Index:     1 
    Coordinates:
               0 C      7.241482467352    1.370068166611   -0.575069788716
               1 C      6.510586133373    0.980976817733   -1.695513454892
               2 C      5.589361327854   -0.063437710961   -1.601820925889
               3 C      5.392648693249   -0.732436293734   -0.384383150023
               4 C      4.388501584510   -1.850661673867   -0.279224484398
               5 N      3.109208165851   -1.371788370579    0.213531857301
               6 C      2.670477288267   -1.453562801419    1.504823803798
               7 N      1.452266283261   -0.977883094437    1.630137454992
               8 C      1.088137259778   -0.571796834380    0.365906521488
               9 C     -0.287611793650    0.075939597700   -0.006345567461
              10 N     -1.264387339107    0.308000322332    0.846586047163
              11 C     -2.236230186031    0.861578262194    0.051689662760
              12 C     -3.563926147383    1.305227372286    0.587033389794
              13 N     -4.546997698387    0.198491148021    0.648964797546
              14 C     -4.883488759265   -0.305064812447   -0.699562878719
              15 C     -6.200150609292   -1.086256927020   -0.783790352039
              16 S     -7.649892057619   -0.009661561234   -0.506749989093
              17 C     -6.898837053891    1.180775544800    0.655417942993
              18 C     -5.731516715657    0.574579048458    1.442029306421
              19 N     -1.894724696846    1.004662464879   -1.237385055596
              20 O     -0.604950861094    0.473252725878   -1.281759198820
              21 C      2.104514509025   -0.817806723871   -0.532939644524
              22 C      6.131392243170   -0.327923158110    0.737809366914
              23 C      7.051588245949    0.717087440303    0.640899463293
              24 H      7.956351267049    2.185696332984   -0.648308131164
              25 H      6.656037410982    1.494707949878   -2.642572768479
              26 H      5.024998700019   -0.347596706304   -2.487500286143
              27 H      4.215215812332   -2.323022226275   -1.253419464513
              28 H      4.747947490508   -2.634462170925    0.397951377171
              29 H      3.269286080070   -1.863752414704    2.307930724986
              30 H     -3.379982456540    1.688749474075    1.599035559362
              31 H     -3.953271731558    2.144490428846   -0.003216322475
              32 H     -4.920616969495    0.516293057519   -1.428610566493
              33 H     -4.079847497761   -0.978046568551   -1.022121279790
              34 H     -6.217926786210   -1.903695285973   -0.054826470589
              35 H     -6.303092700595   -1.534126809700   -1.777477258455
              36 H     -7.681695157106    1.507067968936    1.347641113574
              37 H     -6.572664173037    2.062633010913    0.093904147212
              38 H     -5.449627629001    1.265257536848    2.247074573975
              39 H     -6.083295824216   -0.324659967687    1.965648775462
              40 H      2.192136887367   -0.643648843738   -1.596080686551
              41 H      5.994456677892   -0.819744134665    1.698556796080
              42 H      7.618140315880    1.025500419384    1.516105042532
