-------------------------------------------------------------
----------------------- !PROPERTIES! ------------------------
-------------------------------------------------------------
# -----------------------------------------------------------
$ PAL_Flags
   description: The PAL Flags
   geom. index: 1
   prop. index: 1
        Diskflag:     2
# -----------------------------------------------------------
$ SCF_Energy
   description: The SCF energy
   geom. index: 1
   prop. index: 1
        SCF Energy:     -958.4542197882
# -----------------------------------------------------------
$ Mayer_Pop
   description: The Mayer population analysis
   geom. index: 1
   prop. index: 1
     Number of atoms                     : 48
     Threshold for printing              : 0.1000000
     Number of bond orders printed       : 49
  NA   - Mulliken gross atomic population
  ZA   - Total nuclear charge
  QA   - Mulliken gross atomic charge
  VA   - Mayer's total valence
  BVA  - Mayer's bonded valence
  FA   - Mayer's free valence
  ATOM       NA         ZA         QA         VA         BVA        FA
  0   0     6.0554     6.0000    -0.0554     3.9652     3.9652    -0.0000
  1   0     6.1473     6.0000    -0.1473     3.9632     3.9632    -0.0000
  2   0     5.8471     6.0000     0.1529     3.8822     3.8822     0.0000
  3   0     6.2626     6.0000    -0.2626     3.7718     3.7718    -0.0000
  4   0     6.2057     6.0000    -0.2057     3.9312     3.9312    -0.0000
  5   0     5.8998     6.0000     0.1002     3.9265     3.9265    -0.0000
  6   0     5.7841     6.0000     0.2159     3.8055     3.8055     0.0000
  7   0     8.5466     8.0000    -0.5466     1.8467     1.8467     0.0000
  8   0     5.4703     6.0000     0.5297     3.9750     3.9750    -0.0000
  9   0     8.4145     8.0000    -0.4145     2.0299     2.0299    -0.0000
 10   0     6.0198     6.0000    -0.0198     3.6408     3.6408     0.0000
 11   0     6.0291     6.0000    -0.0291     3.7095     3.7095     0.0000
 12   0     6.0726     6.0000    -0.0726     3.9064     3.9064     0.0000
 13   0     6.2845     6.0000    -0.2845     3.9865     3.9865     0.0000
 14   0     5.9438     6.0000     0.0562     3.9168     3.9168     0.0000
 15   0     5.9437     6.0000     0.0563     3.9259     3.9259     0.0000
 16   0     6.4374     6.0000    -0.4374     3.8616     3.8616     0.0000
 17   0     5.8859     6.0000     0.1141     3.8830     3.8830     0.0000
 18   0     5.9040     6.0000     0.0960     3.8886     3.8886    -0.0000
 19   0     5.9480     6.0000     0.0520     3.8289     3.8289     0.0000
 20   0     5.7504     6.0000     0.2496     4.0265     4.0265    -0.0000
 21   0     8.3918     8.0000    -0.3918     2.0914     2.0914     0.0000
 22   0     0.9374     1.0000     0.0626     0.9879     0.9879    -0.0000
 23   0     0.9477     1.0000     0.0523     0.9767     0.9767     0.0000
 24   0     0.9591     1.0000     0.0409     0.9853     0.9853    -0.0000
 25   0     0.9389     1.0000     0.0611     0.9970     0.9970    -0.0000
 26   0     0.9552     1.0000     0.0448     0.9769     0.9769     0.0000
 27   0     0.9621     1.0000     0.0379     0.9905     0.9905     0.0000
 28   0     0.9373     1.0000     0.0627     0.9934     0.9934     0.0000
 29   0     0.9532     1.0000     0.0468     0.9856     0.9856    -0.0000
 30   0     0.9375     1.0000     0.0625     0.9909     0.9909    -0.0000
 31   0     0.9211     1.0000     0.0789     0.9926     0.9926     0.0000
 32   0     0.9376     1.0000     0.0624     0.9862     0.9862     0.0000
 33   0     0.9413     1.0000     0.0587     1.0136     1.0136     0.0000
 34   0     0.9671     1.0000     0.0329     0.9792     0.9792     0.0000
 35   0     0.9647     1.0000     0.0353     0.9798     0.9798     0.0000
 36   0     0.9644     1.0000     0.0356     0.9916     0.9916     0.0000
 37   0     0.9608     1.0000     0.0392     0.9815     0.9815     0.0000
 38   0     0.9640     1.0000     0.0360     0.9805     0.9805     0.0000
 39   0     0.9633     1.0000     0.0367     0.9877     0.9877     0.0000
 40   0     0.9690     1.0000     0.0310     0.9856     0.9856    -0.0000
 41   0     0.9709     1.0000     0.0291     0.9984     0.9984     0.0000
 42   0     0.9597     1.0000     0.0403     0.9831     0.9831     0.0000
 43   0     0.9688     1.0000     0.0312     0.9846     0.9846    -0.0000
 44   0     0.9642     1.0000     0.0358     0.9820     0.9820    -0.0000
 45   0     0.9784     1.0000     0.0216     0.9914     0.9914    -0.0000
 46   0     0.9176     1.0000     0.0824     1.0017     1.0017     0.0000
 47   0     0.9141     1.0000     0.0859     0.9897     0.9897     0.0000
      Bond orders larger than 0.1000000
           Atom A     A.N. of A          Atom B    A.N. of B              Bond order
                0             6               1            6                2.013639
                0             6              22            1                0.975718
                0             6              23            1                0.977431
                1             6               2            6                1.002749
                1             6              24            1                0.977360
                2             6               3            6                0.969876
                2             6              25            1                0.961896
                2             6              26            1                0.977397
                3             6               4            6                1.873739
                3             6              20            6                0.986334
                4             6               5            6                0.993472
                4             6               6            6                1.004994
                5             6              27            1                0.979013
                5             6              28            1                0.972384
                5             6              29            1                0.971672
                6             6               7            8                0.787545
                6             6              19            6                1.026482
                6             6              30            1                0.955955
                7             8               8            6                1.049517
                8             6               9            8                1.937604
                8             6              10            6                0.958939
               10             6              11            6                0.955470
               10             6              16            6                0.914706
               10             6              31            1                0.932918
               11             6              12            6                0.989032
               11             6              16            6                0.875202
               11             6              32            1                0.957706
               12             6              13            6                1.962134
               12             6              33            1                0.980060
               13             6              14            6                1.014761
               13             6              15            6                1.005935
               14             6              34            1                0.976986
               14             6              35            1                0.977190
               14             6              36            1                0.987538
               15             6              37            1                0.975912
               15             6              38            1                0.974740
               15             6              39            1                0.983269
               16             6              17            6                1.011503
               16             6              18            6                1.009445
               17             6              40            1                0.976536
               17             6              41            1                0.971157
               17             6              42            1                0.978690
               18             6              43            1                0.983754
               18             6              44            1                0.982783
               18             6              45            1                0.980759
               19             6              20            6                0.996696
               19             6              46            1                0.949760
               19             6              47            1                0.951764
               20             6              21            8                2.040360
# -----------------------------------------------------------
$ Calculation_Info
   description: Details of the calculation
   geom. index: 1
   prop. index: 1
     Multiplicity:                          1
     Charge:                                0
     number of atoms:                       48
     number of electrons:                   0
     number of frozen core electrons:       1
     number of correlated electrons:        0
     number of basis functions:             438
     number of aux C basis functions:       0
     number of aux J basis functions:       0
     number of aux JK basis functions:      0
     number of aux CABS basis functions:    0
     Total Energy                           -958.454220
# -----------------------------------------------------------
$ SCF_Electric_Properties
   description: The SCF Calculated Electric Properties
   geom. index: 1
   prop. index: 1
       Filename                          : ./ZINC000000000088/ZINC000000000088.scfp 
       Do Dipole Moment Calculation      : true 
       Do Quadrupole Moment Calculation  : false 
       Do Polarizability Calculation     : false 
** Dipole moment part of electric properties **
        Magnitude of dipole moment (Debye) :        5.1982167977
        Electronic Contribution:
                  0    
      0      15.895084
      1       9.470607
      2      14.097457
        Nuclear Contribution:
                  0    
      0     -16.889327
      1     -10.084020
      2     -15.776032
        Total Dipole moment:
                  0    
      0      -0.994243
      1      -0.613414
      2      -1.678575
# -------------------------------------------------------------
----------------------- !GEOMETRIES! ------------------------
# -------------------------------------------------------------
------------------------ !GEOMETRY! -------------------------
    Number of atoms:    48 
    Geometry Index:     1 
    Coordinates:
               0 C      6.529830253641   -0.339736153674    0.110356167218
               1 C      5.474957540523    0.158824452545   -0.547947795450
               2 C      4.945480093821    1.551449770419   -0.354416063310
               3 C      3.625438321908    1.551163875936    0.331220270213
               4 C      2.368135513972    1.509078655237   -0.134498228453
               5 C      1.949836491189    1.424084589803   -1.564628895583
               6 C      1.310199338975    1.540755004803    0.938113184847
               7 O      0.613222018684    0.290503220981    0.899723516942
               8 C     -0.524232172476    0.258587328366    1.646263047397
               9 O     -0.947369425749    1.173730528140    2.336302914983
              10 C     -1.162911466447   -1.075886680463    1.611113024223
              11 C     -2.632096615500   -1.293327399581    1.311447019548
              12 C     -3.538618419792   -0.182297811332    0.988023573534
              13 C     -4.621870017503   -0.221550193203    0.188336526400
              14 C     -5.470362706784    1.000646495802   -0.038409626865
              15 C     -5.084854919282   -1.454464075173   -0.536766114317
              16 C     -1.581350280997   -1.752853636251    0.312273509911
              17 C     -1.419601582187   -1.027364295365   -1.003373891565
              18 C     -1.337219422029   -3.237430761914    0.199884468033
              19 C      2.078072467442    1.712455372093    2.246655627632
              20 C      3.505732552848    1.660935623335    1.797929916502
              21 O      4.467009521520    1.733247797045    2.550721342049
              22 H      7.064846745077    0.245911213044    0.852192669760
              23 H      6.870331391096   -1.354115991247   -0.067681456967
              24 H      4.961338028618   -0.467510551238   -1.273379399600
              25 H      5.659462262956    2.168022443958    0.205785285840
              26 H      4.862618137079    2.029146945236   -1.337886875013
              27 H      2.804209923927    1.405528725436   -2.247972190732
              28 H      1.370614231526    0.513620644065   -1.741482169971
              29 H      1.329847524920    2.287087437175   -1.829771961619
              30 H      0.618175407997    2.374645744100    0.761333104395
              31 H     -0.758282386337   -1.718347850113    2.389516915796
              32 H     -3.118942713273   -2.056332519227    1.915408068689
              33 H     -3.318824761050    0.762293466169    1.485350466416
              34 H     -5.474291762148    1.267339774894   -1.100678659630
              35 H     -6.501215183512    0.810696234974    0.276781491514
              36 H     -5.107957971984    1.868277514672    0.521305700180
              37 H     -6.111271211095   -1.701647542852   -0.245716137397
              38 H     -5.062053152015   -1.285277567932   -1.618109421163
              39 H     -4.466499427537   -2.331000320212   -0.328199147530
              40 H     -2.161182827886   -1.385187352913   -1.725793443430
              41 H     -1.536471998787    0.056249124959   -0.914375054458
              42 H     -0.426075699970   -1.220209935250   -1.420063614888
              43 H     -2.007965606047   -3.679759830852   -0.545213555795
              44 H     -0.303057885212   -3.430432802238   -0.107677223230
              45 H     -1.505706785988   -3.752911802178    1.151219409505
              46 H      1.884776011363    0.917861426385    2.972619011949
              47 H      1.886152622500    2.695501663636    2.688959548160
