-------------------------------------------------------------
----------------------- !PROPERTIES! ------------------------
-------------------------------------------------------------
# -----------------------------------------------------------
$ PAL_Flags
   description: The PAL Flags
   geom. index: 1
   prop. index: 1
        Diskflag:     2
# -----------------------------------------------------------
$ SCF_Energy
   description: The SCF energy
   geom. index: 1
   prop. index: 1
        SCF Energy:    -1273.4570310391
# -----------------------------------------------------------
$ Mayer_Pop
   description: The Mayer population analysis
   geom. index: 1
   prop. index: 1
     Number of atoms                     : 41
     Threshold for printing              : 0.1000000
     Number of bond orders printed       : 44
  NA   - Mulliken gross atomic population
  ZA   - Total nuclear charge
  QA   - Mulliken gross atomic charge
  VA   - Mayer's total valence
  BVA  - Mayer's bonded valence
  FA   - Mayer's free valence
  ATOM       NA         ZA         QA         VA         BVA        FA
  0   0     5.8428     6.0000     0.1572     3.8702     3.8702     0.0000
  1   0     7.6245     7.0000    -0.6245     2.8311     2.8311     0.0000
  2   0     5.8112     6.0000     0.1888     3.9081     3.9081    -0.0000
  3   0     5.9744     6.0000     0.0256     3.8637     3.8637     0.0000
  4   0     6.0988     6.0000    -0.0988     3.9275     3.9275     0.0000
  5   0     6.1123     6.0000    -0.1123     3.9197     3.9197     0.0000
  6   0     5.9757     6.0000     0.0243     3.8648     3.8648    -0.0000
  7   0     5.8093     6.0000     0.1907     3.9090     3.9090     0.0000
  8   0     6.0615     6.0000    -0.0615     3.9652     3.9652     0.0000
  9   0     5.9468     6.0000     0.0532     3.9565     3.9565    -0.0000
 10   0     6.1808     6.0000    -0.1808     3.8584     3.8584    -0.0000
 11   0     5.9566     6.0000     0.0434     4.0148     4.0148     0.0000
 12   0     7.1038     7.0000    -0.1038     3.1004     3.1004    -0.0000
 13   0     5.9655     6.0000     0.0345     3.9159     3.9159    -0.0000
 14   0     5.9872     6.0000     0.0128     3.9266     3.9266    -0.0000
 15   0     6.1182     6.0000    -0.1182     3.8978     3.8978    -0.0000
 16   0    15.9004    16.0000     0.0996     2.0128     2.0128     0.0000
 17   0     6.1385     6.0000    -0.1385     3.8910     3.8910     0.0000
 18   0     5.9824     6.0000     0.0176     3.9175     3.9175    -0.0000
 19   0     6.0372     6.0000    -0.0372     3.8711     3.8711    -0.0000
 20   0     6.0229     6.0000    -0.0229     3.8691     3.8691    -0.0000
 21   0     6.0201     6.0000    -0.0201     3.9191     3.9191     0.0000
 22   0     6.0602     6.0000    -0.0602     3.9554     3.9554     0.0000
 23   0     0.9690     1.0000     0.0310     0.9868     0.9868     0.0000
 24   0     0.9978     1.0000     0.0022     0.9736     0.9736    -0.0000
 25   0     0.9696     1.0000     0.0304     0.9867     0.9867    -0.0000
 26   0     0.9703     1.0000     0.0297     0.9825     0.9825     0.0000
 27   0     0.9610     1.0000     0.0390     0.9858     0.9858    -0.0000
 28   0     0.9542     1.0000     0.0458     0.9835     0.9835     0.0000
 29   0     0.9548     1.0000     0.0452     0.9794     0.9794    -0.0000
 30   0     0.9551     1.0000     0.0449     0.9818     0.9818    -0.0000
 31   0     0.9535     1.0000     0.0465     0.9790     0.9790    -0.0000
 32   0     0.9617     1.0000     0.0383     0.9862     0.9862     0.0000
 33   0     0.9694     1.0000     0.0306     0.9824     0.9824     0.0000
 34   0     0.9434     1.0000     0.0566     0.9988     0.9988     0.0000
 35   0     0.9412     1.0000     0.0588     0.9928     0.9928    -0.0000
 36   0     0.9468     1.0000     0.0532     1.0037     1.0037     0.0000
 37   0     0.9555     1.0000     0.0445     1.0028     1.0028    -0.0000
 38   0     0.9528     1.0000     0.0472     0.9858     0.9858    -0.0000
 39   0     0.9538     1.0000     0.0462     0.9855     0.9855    -0.0000
 40   0     0.9591     1.0000     0.0409     0.9919     0.9919    -0.0000
      Bond orders larger than 0.1000000
           Atom A     A.N. of A          Atom B    A.N. of B              Bond order
                0             6               1            7                0.945279
                0             6              23            1                0.990446
                0             6              24            1                0.976743
                0             6              25            1                0.990412
                1             7               2            6                0.959655
                1             7               7            6                0.960701
                2             6               3            6                1.026254
                2             6              26            1                0.986878
                2             6              27            1                0.976514
                3             6               4            6                0.973557
                3             6              28            1                0.967081
                3             6              29            1                0.955906
                4             6               5            6                1.940440
                4             6              22            6                1.027334
                5             6               6            6                0.971077
                5             6               8            6                1.026290
                6             6               7            6                1.026350
                6             6              30            1                0.967976
                6             6              31            1                0.955912
                7             6              32            1                0.976397
                7             6              33            1                0.986913
                8             6               9            6                1.436018
                8             6              15            6                1.434625
                9             6              10            6                1.403259
                9             6              34            1                1.000960
               10             6              11            6                1.018577
               10             6              13            6                1.377315
               11             6              12            7                3.031350
               13             6              14            6                1.447980
               13             6              35            1                1.000189
               14             6              15            6                1.404295
               14             6              36            1                0.998194
               15             6              16           16                0.983235
               16            16              17            6                0.976199
               17             6              18            6                1.410536
               17             6              22            6                1.439214
               18             6              19            6                1.435315
               18             6              37            1                0.998731
               19             6              20            6                1.395990
               19             6              38            1                1.000011
               20             6              21            6                1.431559
               20             6              39            1                0.998955
               21             6              22            6                1.422856
               21             6              40            1                1.000860
# -----------------------------------------------------------
$ Calculation_Info
   description: Details of the calculation
   geom. index: 1
   prop. index: 1
     Multiplicity:                          1
     Charge:                                0
     number of atoms:                       41
     number of electrons:                   0
     number of frozen core electrons:       1
     number of correlated electrons:        0
     number of basis functions:             416
     number of aux C basis functions:       0
     number of aux J basis functions:       0
     number of aux JK basis functions:      0
     number of aux CABS basis functions:    0
     Total Energy                           -1273.457031
# -----------------------------------------------------------
$ SCF_Electric_Properties
   description: The SCF Calculated Electric Properties
   geom. index: 1
   prop. index: 1
       Filename                          : ./ZINC000000000156/ZINC000000000156.scfp 
       Do Dipole Moment Calculation      : true 
       Do Quadrupole Moment Calculation  : false 
       Do Polarizability Calculation     : false 
** Dipole moment part of electric properties **
        Magnitude of dipole moment (Debye) :        4.3102611657
        Electronic Contribution:
                  0    
      0       1.570957
      1     -23.118084
      2       5.876788
        Nuclear Contribution:
                  0    
      0      -3.033890
      1      23.746865
      2      -6.459917
        Total Dipole moment:
                  0    
      0      -1.462933
      1       0.628781
      2      -0.583129
# -------------------------------------------------------------
----------------------- !GEOMETRIES! ------------------------
# -------------------------------------------------------------
------------------------ !GEOMETRY! -------------------------
    Number of atoms:    41 
    Geometry Index:     1 
    Coordinates:
               0 C      1.207988937988    4.076900957531   -1.166720746464
               1 N      0.910371832542    2.836115346382   -1.872276530771
               2 C     -0.500019526407    2.444588868368   -1.786658554005
               3 C     -1.034520067089    2.025539459097   -0.405413628717
               4 C     -0.660404084285    0.607798766841    0.001024112613
               5 C      0.632683895431    0.220952396212    0.134700200735
               6 C      1.785465144741    1.182380368741   -0.114482610362
               7 C      1.835315307352    1.746950176277   -1.545656978024
               8 C      1.042606603892   -1.160033461065    0.518254259399
               9 C      1.938236191189   -1.330762487810    1.590206225630
              10 C      2.405479218578   -2.601866062758    1.946313451371
              11 C      3.320283431204   -2.749490123622    3.040166475666
              12 N      4.062413411736   -2.866547406873    3.924628615276
              13 C      1.980950923752   -3.722645588806    1.231287668562
              14 C      1.078929775915   -3.574522527684    0.176623760301
              15 C      0.599840506396   -2.304692704356   -0.177171623080
              16 S     -0.640121970511   -2.213724965425   -1.469527491938
              17 C     -1.950703547358   -1.540359761301   -0.445325958522
              18 C     -3.102906990325   -2.319863315653   -0.265718311629
              19 C     -4.121229156910   -1.891169265549    0.584582484761
              20 C     -3.991934921235   -0.685693388375    1.266587509406
              21 C     -2.852039726215    0.100970275562    1.085461434952
              22 C     -1.820626847810   -0.302984447104    0.218916261701
              23 H      2.240551573708    4.388710426078   -1.360060981810
              24 H      1.074919831862    4.005166322168   -0.083459801872
              25 H      0.568330085009    4.887970114779   -1.532494244845
              26 H     -1.105132922182    3.289258065793   -2.142522924386
              27 H     -0.690414338349    1.641790043468   -2.511766849270
              28 H     -2.125988228919    2.127759890768   -0.464675576733
              29 H     -0.729189228441    2.727240924068    0.379547668243
              30 H      2.744723414498    0.670488726347    0.037727762646
              31 H      1.770313075387    1.979795265827    0.637628268043
              32 H      1.691258085078    0.930464094319   -2.266156319013
              33 H      2.856298395433    2.105653530133   -1.733256551424
              34 H      2.273336298623   -0.463209677162    2.157854500808
              35 H      2.336580807225   -4.717052209946    1.495075255552
              36 H      0.738157189973   -4.459055985057   -0.357994062036
              37 H     -3.207128890253   -3.274163826766   -0.776848141643
              38 H     -5.008616710305   -2.503699909468    0.722308464669
              39 H     -4.779163185294   -0.353566313939    1.938922943560
              40 H     -2.774893595427    1.038609410028    1.632094130048
