-------------------------------------------------------------
----------------------- !PROPERTIES! ------------------------
-------------------------------------------------------------
# -----------------------------------------------------------
$ PAL_Flags
   description: The PAL Flags
   geom. index: 1
   prop. index: 1
        Diskflag:     2
# -----------------------------------------------------------
$ SCF_Energy
   description: The SCF energy
   geom. index: 1
   prop. index: 1
        SCF Energy:     -986.2952394100
# -----------------------------------------------------------
$ Mayer_Pop
   description: The Mayer population analysis
   geom. index: 1
   prop. index: 1
     Number of atoms                     : 45
     Threshold for printing              : 0.1000000
     Number of bond orders printed       : 47
  NA   - Mulliken gross atomic population
  ZA   - Total nuclear charge
  QA   - Mulliken gross atomic charge
  VA   - Mayer's total valence
  BVA  - Mayer's bonded valence
  FA   - Mayer's free valence
  ATOM       NA         ZA         QA         VA         BVA        FA
  0   0     5.9357     6.0000     0.0643     3.8294     3.8294    -0.0000
  1   0     6.6095     6.0000    -0.6095     3.8904     3.8904     0.0000
  2   0     5.4507     6.0000     0.5493     3.6130     3.6130     0.0000
  3   0     7.4021     7.0000    -0.4021     2.9689     2.9689    -0.0000
  4   0     5.7101     6.0000     0.2899     4.0288     4.0288     0.0000
  5   0     6.1793     6.0000    -0.1793     3.8835     3.8835     0.0000
  6   0     5.9835     6.0000     0.0165     3.8960     3.8960    -0.0000
  7   0     6.0438     6.0000    -0.0438     3.8721     3.8721    -0.0000
  8   0     6.0155     6.0000    -0.0155     3.8564     3.8564    -0.0000
  9   0     6.0473     6.0000    -0.0473     3.8790     3.8790     0.0000
 10   0     5.9787     6.0000     0.0213     3.8996     3.8996     0.0000
 11   0     7.0875     7.0000    -0.0875     2.7090     2.7090    -0.0000
 12   0     8.4067     8.0000    -0.4067     2.0429     2.0429     0.0000
 13   0     5.9028     6.0000     0.0972     3.8232     3.8232     0.0000
 14   0     6.0116     6.0000    -0.0116     3.9887     3.9887     0.0000
 15   0     5.8235     6.0000     0.1765     3.8485     3.8485    -0.0000
 16   0     7.6762     7.0000    -0.6762     2.8067     2.8067    -0.0000
 17   0     5.8170     6.0000     0.1830     3.8716     3.8716    -0.0000
 18   0     6.1086     6.0000    -0.1086     3.9236     3.9236     0.0000
 19   0     5.9539     6.0000     0.0461     3.9124     3.9124     0.0000
 20   0     6.1381     6.0000    -0.1381     3.9816     3.9816     0.0000
 21   0     7.1396     7.0000    -0.1396     3.1621     3.1621     0.0000
 22   0     5.6339     6.0000     0.3661     3.6882     3.6882    -0.0000
 23   0     0.9535     1.0000     0.0465     0.9885     0.9885    -0.0000
 24   0     0.9446     1.0000     0.0554     0.9892     0.9892    -0.0000
 25   0     0.9526     1.0000     0.0474     0.9931     0.9931    -0.0000
 26   0     0.9357     1.0000     0.0643     1.0030     1.0030    -0.0000
 27   0     0.9544     1.0000     0.0456     0.9866     0.9866     0.0000
 28   0     0.9525     1.0000     0.0475     0.9852     0.9852    -0.0000
 29   0     0.9536     1.0000     0.0464     0.9865     0.9865     0.0000
 30   0     0.9350     1.0000     0.0650     0.9992     0.9992    -0.0000
 31   0     0.9506     1.0000     0.0494     0.9833     0.9833    -0.0000
 32   0     0.9514     1.0000     0.0486     0.9840     0.9840    -0.0000
 33   0     0.9718     1.0000     0.0282     0.9725     0.9725     0.0000
 34   0     0.9593     1.0000     0.0407     0.9740     0.9740     0.0000
 35   0     0.9951     1.0000     0.0049     0.9689     0.9689     0.0000
 36   0     0.9616     1.0000     0.0384     0.9792     0.9792     0.0000
 37   0     0.9444     1.0000     0.0556     0.9909     0.9909    -0.0000
 38   0     0.9724     1.0000     0.0276     0.9858     0.9858    -0.0000
 39   0     0.9501     1.0000     0.0499     0.9785     0.9785     0.0000
 40   0     0.9386     1.0000     0.0614     0.9701     0.9701     0.0000
 41   0     0.9146     1.0000     0.0854     0.9803     0.9803     0.0000
 42   0     0.9120     1.0000     0.0880     0.9778     0.9778     0.0000
 43   0     0.9587     1.0000     0.0413     0.9906     0.9906    -0.0000
 44   0     0.9819     1.0000     0.0181     0.9866     0.9866    -0.0000
      Bond orders larger than 0.1000000
           Atom A     A.N. of A          Atom B    A.N. of B              Bond order
                0             6               1            6                0.982742
                0             6              23            1                0.982272
                0             6              24            1                0.978993
                0             6              25            1                0.989581
                1             6               2            6                0.934485
                1             6              13            6                0.996200
                1             6              22            6                0.953108
                2             6               3            7                1.701663
                2             6              12            8                1.070266
                3             7               4            6                1.245534
                4             6               5            6                1.059293
                4             6              11            7                1.733124
                5             6               6            6                1.405936
                5             6              10            6                1.391692
                6             6               7            6                1.421163
                6             6              26            1                0.996187
                7             6               8            6                1.411222
                7             6              27            1                1.000372
                8             6               9            6                1.400037
                8             6              28            1                0.998828
                9             6              10            6                1.437129
                9             6              29            1                0.999897
               10             6              30            1                0.997320
               11             7              12            8                0.884959
               13             6              14            6                1.040483
               13             6              31            1                0.971952
               13             6              32            1                0.966944
               14             6              15            6                1.043059
               14             6              33            1                0.973124
               14             6              34            1                0.973819
               15             6              16            7                0.924255
               15             6              35            1                0.969003
               15             6              36            1                0.976773
               16             7              17            6                0.967827
               16             7              22            6                0.916249
               17             6              18            6                0.989939
               17             6              37            1                0.982074
               17             6              38            1                0.979615
               18             6              19            6                1.071495
               18             6              39            1                0.970220
               18             6              40            1                0.962922
               19             6              20            6                0.918454
               19             6              41            1                0.962886
               19             6              42            1                0.958279
               20             6              21            7                3.093362
               22             6              43            1                0.976296
               22             6              44            1                0.966202
# -----------------------------------------------------------
$ Calculation_Info
   description: Details of the calculation
   geom. index: 1
   prop. index: 1
     Multiplicity:                          1
     Charge:                                0
     number of atoms:                       45
     number of electrons:                   0
     number of frozen core electrons:       1
     number of correlated electrons:        0
     number of basis functions:             432
     number of aux C basis functions:       0
     number of aux J basis functions:       0
     number of aux JK basis functions:      0
     number of aux CABS basis functions:    0
     Total Energy                           -986.295239
# -----------------------------------------------------------
$ SCF_Electric_Properties
   description: The SCF Calculated Electric Properties
   geom. index: 1
   prop. index: 1
       Filename                          : ./ZINC000000000141/ZINC000000000141.scfp 
       Do Dipole Moment Calculation      : true 
       Do Quadrupole Moment Calculation  : false 
       Do Polarizability Calculation     : false 
** Dipole moment part of electric properties **
        Magnitude of dipole moment (Debye) :        3.2678781925
        Electronic Contribution:
                  0    
      0     -15.586499
      1       6.781250
      2      -5.384407
        Nuclear Contribution:
                  0    
      0      14.690380
      1      -6.555144
      2       6.278139
        Total Dipole moment:
                  0    
      0      -0.896120
      1       0.226106
      2       0.893732
# -------------------------------------------------------------
----------------------- !GEOMETRIES! ------------------------
# -------------------------------------------------------------
------------------------ !GEOMETRY! -------------------------
    Number of atoms:    45 
    Geometry Index:     1 
    Coordinates:
               0 C      0.534844994485    0.085184558292    2.250495029378
               1 C      0.230104074262   -0.273033167046    0.778130121280
               2 C     -1.103983801263    0.332490322051    0.431252518847
               3 N     -2.269781710426   -0.241834429585    0.241115042169
               4 C     -3.099334330217    0.829078922454   -0.021412350307
               5 C     -4.520766706840    0.661430694408   -0.306619511636
               6 C     -5.089022198507   -0.621213514722   -0.333663098831
               7 C     -6.448855870717   -0.793218096376   -0.605772951536
               8 C     -7.255883228975    0.315138990469   -0.853860714559
               9 C     -6.705890091526    1.595236381541   -0.830570808615
              10 C     -5.345847614746    1.768212582128   -0.558589981314
              11 N     -2.473147644450    2.017684976486    0.015834390548
              12 O     -1.155848474791    1.692528675594    0.319962847038
              13 C      0.172129369530   -1.806588066455    0.613548271918
              14 C      1.529487505182   -2.487381209817    0.826405193421
              15 C      2.735089722241   -1.608387878495    0.476426621888
              16 N      2.393362749255   -0.642673960587   -0.555600355762
              17 C      3.542947319723   -0.011143840383   -1.207910345710
              18 C      4.477976687151    0.789169175949   -0.285968784543
              19 C      5.609769566755    1.470150631258   -1.059128368147
              20 C      6.579362978947    0.502072237433   -1.588039941339
              21 N      7.342688263240   -0.266040109491   -2.003932093365
              22 C      1.322544662848    0.295535065770   -0.182226425347
              23 H     -0.242722966938   -0.307307808831    2.917369814685
              24 H      0.563939852422    1.171827471437    2.396684174162
              25 H      1.491562230619   -0.310896005902    2.598094997620
              26 H     -4.473266046407   -1.498389425307   -0.142903142073
              27 H     -6.875600618826   -1.792830005948   -0.624012010336
              28 H     -8.313657776818    0.181258008206   -1.065826260857
              29 H     -7.334160243067    2.461003293841   -1.024281946299
              30 H     -4.937044344190    2.776734067806   -0.545625167195
              31 H     -0.567529301916   -2.253143249898    1.290973469530
              32 H     -0.174369517993   -2.047472464049   -0.402076201952
              33 H      1.620132158911   -2.806474535990    1.871956553096
              34 H      1.552013037876   -3.403902734421    0.223436180660
              35 H      3.110138637730   -1.105777803589    1.374832553782
              36 H      3.543222240443   -2.268734064602    0.137411333306
              37 H      4.116727537630   -0.798499135563   -1.712555655274
              38 H      3.180004297108    0.640170184109   -2.013618743101
              39 H      3.910264861854    1.568894469019    0.233826258861
              40 H      4.904478520989    0.135324674986    0.484392823061
              41 H      5.198880319937    2.075787909281   -1.874793141389
              42 H      6.131359746256    2.159602502286   -0.384801483899
              43 H      0.855196298201    0.615972853931   -1.123383594497
              44 H      1.738484855020    1.204452858319    0.269353845871
