-------------------------------------------------------------
----------------------- !PROPERTIES! ------------------------
-------------------------------------------------------------
# -----------------------------------------------------------
$ PAL_Flags
   description: The PAL Flags
   geom. index: 1
   prop. index: 1
        Diskflag:     2
# -----------------------------------------------------------
$ SCF_Energy
   description: The SCF energy
   geom. index: 1
   prop. index: 1
        SCF Energy:     -822.8321626903
# -----------------------------------------------------------
$ Mayer_Pop
   description: The Mayer population analysis
   geom. index: 1
   prop. index: 1
     Number of atoms                     : 42
     Threshold for printing              : 0.1000000
     Number of bond orders printed       : 43
  NA   - Mulliken gross atomic population
  ZA   - Total nuclear charge
  QA   - Mulliken gross atomic charge
  VA   - Mayer's total valence
  BVA  - Mayer's bonded valence
  FA   - Mayer's free valence
  ATOM       NA         ZA         QA         VA         BVA        FA
  0   0     6.0175     6.0000    -0.0175     3.9471     3.9471    -0.0000
  1   0     5.9416     6.0000     0.0584     3.9208     3.9208    -0.0000
  2   0     6.2353     6.0000    -0.2353     3.9327     3.9327    -0.0000
  3   0     6.0336     6.0000    -0.0336     3.9083     3.9083     0.0000
  4   0     6.0361     6.0000    -0.0361     3.8798     3.8798    -0.0000
  5   0     6.0205     6.0000    -0.0205     3.8769     3.8769     0.0000
  6   0     6.0616     6.0000    -0.0616     3.8028     3.8028     0.0000
  7   0     6.0792     6.0000    -0.0792     3.9191     3.9191    -0.0000
  8   0     5.8398     6.0000     0.1602     3.6887     3.6887    -0.0000
  9   0     5.6768     6.0000     0.3232     3.7943     3.7943    -0.0000
 10   0     8.4754     8.0000    -0.4754     1.9001     1.9001     0.0000
 11   0     5.8012     6.0000     0.1988     3.8847     3.8847     0.0000
 12   0     7.4791     7.0000    -0.4791     2.7818     2.7818     0.0000
 13   0     6.2476     6.0000    -0.2476     3.9820     3.9820    -0.0000
 14   0     5.9633     6.0000     0.0367     3.8552     3.8552     0.0000
 15   0     5.9329     6.0000     0.0671     3.8577     3.8577    -0.0000
 16   0     5.9480     6.0000     0.0520     3.8270     3.8270    -0.0000
 17   0     8.4874     8.0000    -0.4874     2.0424     2.0424    -0.0000
 18   0     5.7235     6.0000     0.2765     3.8212     3.8212     0.0000
 19   0     0.9725     1.0000     0.0275     0.9842     0.9842     0.0000
 20   0     0.9606     1.0000     0.0394     0.9827     0.9827    -0.0000
 21   0     0.9674     1.0000     0.0326     0.9774     0.9774    -0.0000
 22   0     0.9680     1.0000     0.0320     0.9768     0.9768    -0.0000
 23   0     0.9560     1.0000     0.0440     0.9787     0.9787    -0.0000
 24   0     0.9695     1.0000     0.0305     0.9935     0.9935    -0.0000
 25   0     0.9630     1.0000     0.0370     0.9861     0.9861    -0.0000
 26   0     0.9698     1.0000     0.0302     0.9927     0.9927     0.0000
 27   0     0.9678     1.0000     0.0322     1.0098     1.0098    -0.0000
 28   0     0.9357     1.0000     0.0643     0.9911     0.9911     0.0000
 29   0     0.7991     1.0000     0.2009     0.9924     0.9924    -0.0000
 30   0     1.0084     1.0000    -0.0084     0.9813     0.9813     0.0000
 31   0     0.9490     1.0000     0.0510     0.9818     0.9818     0.0000
 32   0     0.8629     1.0000     0.1371     0.9944     0.9944     0.0000
 33   0     0.9587     1.0000     0.0413     0.9877     0.9877     0.0000
 34   0     0.9706     1.0000     0.0294     0.9847     0.9847     0.0000
 35   0     0.9682     1.0000     0.0318     0.9864     0.9864     0.0000
 36   0     0.9804     1.0000     0.0196     0.9894     0.9894    -0.0000
 37   0     0.9623     1.0000     0.0377     0.9932     0.9932    -0.0000
 38   0     0.9799     1.0000     0.0201     0.9848     0.9848    -0.0000
 39   0     0.9742     1.0000     0.0258     0.9874     0.9874    -0.0000
 40   0     0.9760     1.0000     0.0240     0.9862     0.9862     0.0000
 41   0     0.9795     1.0000     0.0205     0.9914     0.9914    -0.0000
      Bond orders larger than 0.1000000
           Atom A     A.N. of A          Atom B    A.N. of B              Bond order
                0             6               1            6                1.040353
                0             6              19            1                0.983623
                0             6              20            1                0.984169
                0             6              21            1                0.987504
                1             6               2            6                0.975702
                1             6              22            1                0.968878
                1             6              23            1                0.972938
                2             6               3            6                1.465678
                2             6              18            6                1.425288
                3             6               4            6                1.380174
                3             6              24            1                1.001449
                4             6               5            6                1.473309
                4             6              25            1                1.000516
                5             6               6            6                1.312932
                5             6              26            1                1.005172
                6             6               7            6                1.125280
                6             6              18            6                1.355872
                7             6               8            6                1.740711
                7             6              27            1                1.009739
                8             6               9            6                0.949717
                8             6              17            8                0.989223
                9             6              10            8                0.862148
                9             6              11            6                1.054288
                9             6              28            1                0.939156
               10             8              29            1                0.967936
               11             6              12            7                0.969449
               11             6              30            1                0.949398
               11             6              31            1                0.963437
               12             7              13            6                0.920975
               12             7              32            1                0.944700
               13             6              14            6                1.005278
               13             6              15            6                1.018064
               13             6              16            6                0.993320
               14             6              33            1                0.981779
               14             6              34            1                0.981025
               14             6              35            1                0.982901
               15             6              36            1                0.981462
               15             6              37            1                0.983081
               15             6              38            1                0.983935
               16             6              39            1                0.980008
               16             6              40            1                0.981993
               16             6              41            1                0.981317
               17             8              18            6                0.981858
# -----------------------------------------------------------
$ Calculation_Info
   description: Details of the calculation
   geom. index: 1
   prop. index: 1
     Multiplicity:                          1
     Charge:                                0
     number of atoms:                       42
     number of electrons:                   0
     number of frozen core electrons:       1
     number of correlated electrons:        0
     number of basis functions:             381
     number of aux C basis functions:       0
     number of aux J basis functions:       0
     number of aux JK basis functions:      0
     number of aux CABS basis functions:    0
     Total Energy                           -822.832163
# -----------------------------------------------------------
$ SCF_Electric_Properties
   description: The SCF Calculated Electric Properties
   geom. index: 1
   prop. index: 1
       Filename                          : ./ZINC000000000102/ZINC000000000102.scfp 
       Do Dipole Moment Calculation      : true 
       Do Quadrupole Moment Calculation  : false 
       Do Polarizability Calculation     : false 
** Dipole moment part of electric properties **
        Magnitude of dipole moment (Debye) :        2.0044520960
        Electronic Contribution:
                  0    
      0     -20.989122
      1      -5.213140
      2       8.298879
        Nuclear Contribution:
                  0    
      0      21.295844
      1       5.711573
      2      -7.770324
        Total Dipole moment:
                  0    
      0       0.306722
      1       0.498433
      2       0.528555
# -------------------------------------------------------------
----------------------- !GEOMETRIES! ------------------------
# -------------------------------------------------------------
------------------------ !GEOMETRY! -------------------------
    Number of atoms:    42 
    Geometry Index:     1 
    Coordinates:
               0 C     -4.309187132303    1.028158992389   -2.391395086922
               1 C     -3.636443083441    1.841452842008   -1.296803611085
               2 C     -3.677700570481    1.133857048525    0.025217488205
               3 C     -4.749487981650    1.314354093058    0.919035036540
               4 C     -4.803868731505    0.648567097143    2.147454902061
               5 C     -3.787948641511   -0.234184736928    2.536577944895
               6 C     -2.709950063172   -0.445393061042    1.660741303497
               7 C     -1.535738050185   -1.243411112216    1.677685115389
               8 C     -0.874758401169   -1.007670837875    0.486933847914
               9 C      0.385495006147   -1.516192633213   -0.124801895255
              10 O      0.811277620349   -2.661848043755    0.632134193011
              11 C      1.501618203019   -0.442635948110   -0.111547103543
              12 N      2.747197803000   -0.973926665528   -0.685097404473
              13 C      3.974005471683   -0.208170547535   -0.419675404812
              14 C      3.825582921171    1.278393129419   -0.779744122513
              15 C      5.066265003040   -0.822089820754   -1.314850179555
              16 C      4.412019209295   -0.351315563817    1.047791703742
              17 O     -1.577247122203   -0.107105682558   -0.258761865815
              18 C     -2.691157647097    0.234607186708    0.449217208680
              19 H     -5.365298818186    0.866108903646   -2.167529663349
              20 H     -3.837271083701    0.046960583595   -2.514805860396
              21 H     -4.240377225512    1.556341707832   -3.347199748865
              22 H     -4.123091257599    2.819264940092   -1.210800830924
              23 H     -2.594128053406    2.039767044623   -1.575796200817
              24 H     -5.562566532445    1.990545978970    0.651227924806
              25 H     -5.648844993919    0.816772233323    2.810952262119
              26 H     -3.838684467845   -0.745925288646    3.493010389671
              27 H     -1.219615967399   -1.922791243922    2.456846949273
              28 H      0.190566668704   -1.854457665998   -1.149707599358
              29 H      1.134630357627   -2.328319567285    1.486156466756
              30 H      1.664565557004   -0.133784111277    0.926493626960
              31 H      1.174100607570    0.435007238215   -0.681137814992
              32 H      2.859606628554   -1.952383761965   -0.408451000029
              33 H      3.485975244445    1.408665701510   -1.814550222015
              34 H      3.111998955988    1.787486741995   -0.123640121692
              35 H      4.783993657997    1.802761363850   -0.680077515523
              36 H      5.244639109773   -1.873381773528   -1.064996539817
              37 H      4.791813972326   -0.771361585899   -2.374595208465
              38 H      6.019303341235   -0.292610743978   -1.195284649225
              39 H      5.386911985623    0.122551897578    1.210652649777
              40 H      3.704279363272    0.121622650512    1.737100414615
              41 H      4.507519136907   -1.404286979160    1.336020221528
