-------------------------------------------------------------
----------------------- !PROPERTIES! ------------------------
-------------------------------------------------------------
# -----------------------------------------------------------
$ PAL_Flags
   description: The PAL Flags
   geom. index: 1
   prop. index: 1
        Diskflag:     2
# -----------------------------------------------------------
$ SCF_Energy
   description: The SCF energy
   geom. index: 1
   prop. index: 1
        SCF Energy:     -784.9744564449
# -----------------------------------------------------------
$ Mayer_Pop
   description: The Mayer population analysis
   geom. index: 1
   prop. index: 1
     Number of atoms                     : 41
     Threshold for printing              : 0.1000000
     Number of bond orders printed       : 42
  NA   - Mulliken gross atomic population
  ZA   - Total nuclear charge
  QA   - Mulliken gross atomic charge
  VA   - Mayer's total valence
  BVA  - Mayer's bonded valence
  FA   - Mayer's free valence
  ATOM       NA         ZA         QA         VA         BVA        FA
  0   0     5.8476     6.0000     0.1524     3.8586     3.8586     0.0000
  1   0     7.6390     7.0000    -0.6390     2.8171     2.8171     0.0000
  2   0     5.8428     6.0000     0.1572     3.8738     3.8738    -0.0000
  3   0     5.6985     6.0000     0.3015     3.7583     3.7583     0.0000
  4   0     6.1806     6.0000    -0.1806     3.8541     3.8541     0.0000
  5   0     6.0489     6.0000    -0.0489     3.8835     3.8835     0.0000
  6   0     5.9972     6.0000     0.0028     3.8419     3.8419    -0.0000
  7   0     6.1015     6.0000    -0.1015     3.8731     3.8731     0.0000
  8   0     5.7071     6.0000     0.2929     3.8334     3.8334    -0.0000
  9   0     8.3706     8.0000    -0.3706     2.0394     2.0394    -0.0000
 10   0     6.0989     6.0000    -0.0989     3.8004     3.8004     0.0000
 11   0     6.2077     6.0000    -0.2077     3.8720     3.8720    -0.0000
 12   0     6.0068     6.0000    -0.0068     3.8713     3.8713     0.0000
 13   0     6.0267     6.0000    -0.0267     3.9253     3.9253     0.0000
 14   0     6.0524     6.0000    -0.0524     3.9461     3.9461    -0.0000
 15   0     6.0405     6.0000    -0.0405     3.8939     3.8939     0.0000
 16   0     5.7259     6.0000     0.2741     3.8529     3.8529    -0.0000
 17   0     8.4534     8.0000    -0.4534     1.9240     1.9240     0.0000
 18   0     0.9712     1.0000     0.0288     0.9842     0.9842     0.0000
 19   0     0.9460     1.0000     0.0540     0.9857     0.9857     0.0000
 20   0     0.9965     1.0000     0.0035     0.9844     0.9844     0.0000
 21   0     0.9927     1.0000     0.0073     0.9823     0.9823     0.0000
 22   0     0.9701     1.0000     0.0299     0.9855     0.9855    -0.0000
 23   0     0.9666     1.0000     0.0334     0.9777     0.9777    -0.0000
 24   0     0.9674     1.0000     0.0326     0.9991     0.9991    -0.0000
 25   0     0.9588     1.0000     0.0412     1.0117     1.0117    -0.0000
 26   0     0.9616     1.0000     0.0384     0.9858     0.9858    -0.0000
 27   0     0.9604     1.0000     0.0396     0.9965     0.9965     0.0000
 28   0     0.7951     1.0000     0.2049     0.9925     0.9925    -0.0000
 29   0     0.9721     1.0000     0.0279     1.0154     1.0154    -0.0000
 30   0     0.9567     1.0000     0.0433     0.9654     0.9654     0.0000
 31   0     0.9778     1.0000     0.0222     0.9699     0.9699     0.0000
 32   0     0.9528     1.0000     0.0472     0.9870     0.9870     0.0000
 33   0     0.9747     1.0000     0.0253     0.9709     0.9709    -0.0000
 34   0     0.9614     1.0000     0.0386     0.9750     0.9750    -0.0000
 35   0     0.9662     1.0000     0.0338     0.9716     0.9716    -0.0000
 36   0     0.9828     1.0000     0.0172     0.9721     0.9721     0.0000
 37   0     0.9401     1.0000     0.0599     0.9777     0.9777     0.0000
 38   0     0.9877     1.0000     0.0123     0.9763     0.9763     0.0000
 39   0     0.9927     1.0000     0.0073     0.9706     0.9706    -0.0000
 40   0     0.8026     1.0000     0.1974     0.9923     0.9923     0.0000
      Bond orders larger than 0.1000000
           Atom A     A.N. of A          Atom B    A.N. of B              Bond order
                0             6               1            7                0.937902
                0             6              18            1                0.991890
                0             6              19            1                0.988385
                0             6              20            1                0.975645
                1             7               2            6                0.945781
                1             7               3            6                0.933775
                2             6              21            1                0.976347
                2             6              22            1                0.990580
                2             6              23            1                0.988633
                3             6               4            6                0.976358
                3             6              11            6                1.017199
                3             6              24            1                0.964137
                4             6               5            6                1.447226
                4             6              10            6                1.390303
                5             6               6            6                1.400400
                5             6              25            1                0.999418
                6             6               7            6                1.412252
                6             6              26            1                0.999847
                7             6               8            6                1.386403
                7             6              27            1                1.006011
                8             6               9            8                1.054196
                8             6              10            6                1.354709
                9             8              28            1                0.963586
               10             6              29            1                0.999718
               11             6              12            6                0.988021
               11             6              16            6                1.005202
               11             6              30            1                0.957149
               12             6              13            6                1.025560
               12             6              31            1                0.972805
               12             6              32            1                0.971509
               13             6              14            6                1.031146
               13             6              33            1                0.973304
               13             6              34            1                0.968321
               14             6              15            6                1.024017
               14             6              35            1                0.972977
               14             6              36            1                0.972280
               15             6              16            6                1.013355
               15             6              37            1                0.962213
               15             6              38            1                0.966602
               16             6              17            8                0.922026
               16             6              39            1                0.974032
               17             8              40            1                0.965797
# -----------------------------------------------------------
$ Calculation_Info
   description: Details of the calculation
   geom. index: 1
   prop. index: 1
     Multiplicity:                          1
     Charge:                                0
     number of atoms:                       41
     number of electrons:                   0
     number of frozen core electrons:       1
     number of correlated electrons:        0
     number of basis functions:             367
     number of aux C basis functions:       0
     number of aux J basis functions:       0
     number of aux JK basis functions:      0
     number of aux CABS basis functions:    0
     Total Energy                           -784.974456
# -----------------------------------------------------------
$ SCF_Electric_Properties
   description: The SCF Calculated Electric Properties
   geom. index: 1
   prop. index: 1
       Filename                          : ./ZINC000000000155/ZINC000000000155.scfp 
       Do Dipole Moment Calculation      : true 
       Do Quadrupole Moment Calculation  : false 
       Do Polarizability Calculation     : false 
** Dipole moment part of electric properties **
        Magnitude of dipole moment (Debye) :        2.3228794688
        Electronic Contribution:
                  0    
      0       9.568939
      1       7.303685
      2       3.119233
        Nuclear Contribution:
                  0    
      0     -10.446771
      1      -7.557768
      2      -3.115250
        Total Dipole moment:
                  0    
      0      -0.877832
      1      -0.254084
      2       0.003983
# -------------------------------------------------------------
----------------------- !GEOMETRIES! ------------------------
# -------------------------------------------------------------
------------------------ !GEOMETRY! -------------------------
    Number of atoms:    41 
    Geometry Index:     1 
    Coordinates:
               0 C      2.025011180111   -2.585573687286   -0.678489636198
               1 N      0.690974688207   -2.037161236430   -0.988018201946
               2 C     -0.200630211821   -3.168196475588   -1.269214252373
               3 C      0.198163965265   -1.166155133239    0.140545950778
               4 C      1.126373277739    0.037093473546    0.339629558179
               5 C      1.567778951278    0.377929579606    1.630465933870
               6 C      2.429828155527    1.458626727936    1.832465747184
               7 C      2.873667513301    2.207709677364    0.745640253996
               8 C      2.460523353688    1.866396410154   -0.535027886391
               9 O      2.927969777890    2.613505518802   -1.576182752178
              10 C      1.599779015504    0.792007241788   -0.746932000497
              11 C     -1.325674993977   -0.761777692905    0.037524761033
              12 C     -1.750918628745   -0.039366879876   -1.260840634287
              13 C     -1.755905245238    1.487786996249   -1.204602575425
              14 C     -2.453866529209    2.029953249578    0.032880175276
              15 C     -1.865894824222    1.435861905132    1.302613599227
              16 C     -1.945377291548   -0.088466890106    1.285687358012
              17 O     -1.407069533313   -0.631585822535    2.486725797064
              18 H      2.382844865884   -3.207662343579   -1.507536829070
              19 H      2.777893600626   -1.801174514088   -0.556768795955
              20 H      2.015640651191   -3.200267698559    0.229206608430
              21 H     -0.404844905121   -3.766200610870   -0.373846534534
              22 H      0.238584165752   -3.829648628956   -2.025799608299
              23 H     -1.148916972424   -2.834961075228   -1.700862156556
              24 H      0.281333177655   -1.787914724397    1.044441469592
              25 H      1.234030298417   -0.199142745780    2.490850654133
              26 H      2.756041746897    1.713174815835    2.837021433204
              27 H      3.545209545526    3.047734565530    0.894907411949
              28 H      2.584658896750    2.229806887000   -2.399964867106
              29 H      1.294910426790    0.518912873494   -1.753492676654
              30 H     -1.845437756170   -1.730937224524    0.012767635094
              31 H     -2.778935895355   -0.355507406352   -1.487528323903
              32 H     -1.149599398358   -0.368622299296   -2.114916176456
              33 H     -2.255212219431    1.876829248413   -2.100152780691
              34 H     -0.736365879973    1.877206581790   -1.238199207076
              35 H     -2.363439511431    3.121782018103    0.058969153238
              36 H     -3.525335566527    1.800956260323   -0.019705996185
              37 H     -0.835616703621    1.776195612378    1.438387784931
              38 H     -2.411314821375    1.820423958640    2.173521870539
              39 H     -3.012288996100   -0.352052593772    1.292273777035
              40 H     -1.838571370040   -0.177517918294    3.231554959013
