-------------------------------------------------------------
----------------------- !PROPERTIES! ------------------------
-------------------------------------------------------------
# -----------------------------------------------------------
$ PAL_Flags
   description: The PAL Flags
   geom. index: 1
   prop. index: 1
        Diskflag:     2
# -----------------------------------------------------------
$ SCF_Energy
   description: The SCF energy
   geom. index: 1
   prop. index: 1
        SCF Energy:    -1294.9736539599
# -----------------------------------------------------------
$ Mayer_Pop
   description: The Mayer population analysis
   geom. index: 1
   prop. index: 1
     Number of atoms                     : 36
     Threshold for printing              : 0.1000000
     Number of bond orders printed       : 39
  NA   - Mulliken gross atomic population
  ZA   - Total nuclear charge
  QA   - Mulliken gross atomic charge
  VA   - Mayer's total valence
  BVA  - Mayer's bonded valence
  FA   - Mayer's free valence
  ATOM       NA         ZA         QA         VA         BVA        FA
  0   0     8.4224     8.0000    -0.4224     1.9561     1.9561    -0.0000
  1   0     5.7219     6.0000     0.2781     3.6972     3.6972    -0.0000
  2   0     6.1007     6.0000    -0.1007     3.8479     3.8479    -0.0000
  3   0     6.0156     6.0000    -0.0156     3.8986     3.8986    -0.0000
  4   0     6.0308     6.0000    -0.0308     3.9031     3.9031    -0.0000
  5   0     6.0111     6.0000    -0.0111     3.9238     3.9238     0.0000
  6   0     5.9628     6.0000     0.0372     3.8010     3.8010    -0.0000
  7   0    17.1380    17.0000    -0.1380     1.0297     1.0297    -0.0000
  8   0     5.9781     6.0000     0.0219     3.9575     3.9575    -0.0000
  9   0     5.6279     6.0000     0.3721     3.8069     3.8069    -0.0000
 10   0     7.4337     7.0000    -0.4337     2.9654     2.9654     0.0000
 11   0     5.8159     6.0000     0.1841     3.8904     3.8904     0.0000
 12   0     6.1329     6.0000    -0.1329     3.9719     3.9719     0.0000
 13   0     5.7623     6.0000     0.2377     3.7874     3.7874     0.0000
 14   0     7.6471     7.0000    -0.6471     2.9144     2.9144    -0.0000
 15   0     5.6768     6.0000     0.3232     3.7641     3.7641    -0.0000
 16   0     6.1509     6.0000    -0.1509     3.9235     3.9235    -0.0000
 17   0     5.9894     6.0000     0.0106     3.8591     3.8591    -0.0000
 18   0     6.0727     6.0000    -0.0727     3.8630     3.8630     0.0000
 19   0     5.9632     6.0000     0.0368     3.9290     3.9290    -0.0000
 20   0     6.1766     6.0000    -0.1766     3.8042     3.8042    -0.0000
 21   0     0.7961     1.0000     0.2039     0.9941     0.9941    -0.0000
 22   0     0.9565     1.0000     0.0435     0.9905     0.9905    -0.0000
 23   0     0.9544     1.0000     0.0456     0.9865     0.9865     0.0000
 24   0     0.9554     1.0000     0.0446     1.0004     1.0004     0.0000
 25   0     0.9347     1.0000     0.0653     1.0201     1.0201    -0.0000
 26   0     0.9623     1.0000     0.0377     0.9754     0.9754     0.0000
 27   0     0.9593     1.0000     0.0407     0.9795     0.9795     0.0000
 28   0     0.9551     1.0000     0.0449     0.9757     0.9757     0.0000
 29   0     0.9487     1.0000     0.0513     0.9700     0.9700     0.0000
 30   0     0.9599     1.0000     0.0401     0.9775     0.9775     0.0000
 31   0     0.9505     1.0000     0.0495     0.9781     0.9781     0.0000
 32   0     0.9731     1.0000     0.0269     0.9940     0.9940    -0.0000
 33   0     0.9533     1.0000     0.0467     0.9858     0.9858     0.0000
 34   0     0.9579     1.0000     0.0421     0.9869     0.9869     0.0000
 35   0     0.9520     1.0000     0.0480     0.9979     0.9979    -0.0000
      Bond orders larger than 0.1000000
           Atom A     A.N. of A          Atom B    A.N. of B              Bond order
                0             8               1            6                0.964558
                0             8              21            1                0.962887
                1             6               2            6                0.969746
                1             6               9            6                0.897847
                1             6              20            6                0.964196
                2             6               3            6                1.401480
                2             6               8            6                1.441999
                3             6               4            6                1.445509
                3             6              22            1                0.994056
                4             6               5            6                1.405539
                4             6              23            1                0.997735
                5             6               6            6                1.419369
                5             6              24            1                1.001326
                6             6               7           17                0.948358
                6             6               8            6                1.391183
                8             6              25            1                1.001064
                9             6              10            7                1.988129
                9             6              14            7                1.021420
               10             7              11            6                0.940945
               11             6              12            6                1.024613
               11             6              26            1                0.972379
               11             6              27            1                0.979864
               12             6              13            6                1.026129
               12             6              28            1                0.972893
               12             6              29            1                0.968424
               13             6              14            7                0.849219
               13             6              30            1                0.978140
               13             6              31            1                0.976552
               14             7              15            6                0.971392
               15             6              16            6                1.412741
               15             6              20            6                1.352026
               16             6              17            6                1.387796
               16             6              32            1                1.010470
               17             6              18            6                1.436035
               17             6              33            1                0.996258
               18             6              19            6                1.387178
               18             6              34            1                0.999819
               19             6              20            6                1.483123
               19             6              35            1                1.007067
# -----------------------------------------------------------
$ Calculation_Info
   description: Details of the calculation
   geom. index: 1
   prop. index: 1
     Multiplicity:                          1
     Charge:                                0
     number of atoms:                       36
     number of electrons:                   0
     number of frozen core electrons:       1
     number of correlated electrons:        0
     number of basis functions:             373
     number of aux C basis functions:       0
     number of aux J basis functions:       0
     number of aux JK basis functions:      0
     number of aux CABS basis functions:    0
     Total Energy                           -1294.973654
# -----------------------------------------------------------
$ SCF_Electric_Properties
   description: The SCF Calculated Electric Properties
   geom. index: 1
   prop. index: 1
       Filename                          : ./ZINC000000000142/ZINC000000000142.scfp 
       Do Dipole Moment Calculation      : true 
       Do Quadrupole Moment Calculation  : false 
       Do Polarizability Calculation     : false 
** Dipole moment part of electric properties **
        Magnitude of dipole moment (Debye) :        6.0590005328
        Electronic Contribution:
                  0    
      0      24.084660
      1      -3.726154
      2      -3.297722
        Nuclear Contribution:
                  0    
      0     -26.131940
      1       4.839135
      2       3.799878
        Total Dipole moment:
                  0    
      0      -2.047280
      1       1.112981
      2       0.502157
# -------------------------------------------------------------
----------------------- !GEOMETRIES! ------------------------
# -------------------------------------------------------------
------------------------ !GEOMETRY! -------------------------
    Number of atoms:    36 
    Geometry Index:     1 
    Coordinates:
               0 O      0.874241787576   -0.675485786643   -2.163855517138
               1 C      0.595746533850   -0.242712166926   -0.835430645115
               2 C      1.821199763566   -0.341525379770    0.066883144878
               3 C      1.789937681652    0.144401848482    1.389063034248
               4 C      2.910715577903    0.053529227602    2.218429525580
               5 C      4.083668077202   -0.528230007458    1.743174702739
               6 C      4.129910330459   -1.019534086895    0.441338602504
               7 Cl     5.579556855422   -1.739727232258   -0.145096554181
               8 C      3.013332836672   -0.931052109099   -0.390762388097
               9 C     -0.644654149707   -1.027049248192   -0.244535653014
              10 N     -0.628761586306   -2.285888308997    0.044963021452
              11 C     -1.870804064588   -2.805911340799    0.638067914121
              12 C     -3.119915854983   -2.077086984290    0.149690644396
              13 C     -2.987445249903   -0.579401880661    0.404421660499
              14 N     -1.715224896487   -0.158391261781   -0.119014248124
              15 C     -1.347802379586    1.125783427582   -0.475063677820
              16 C     -2.095001468740    2.288329500471   -0.454897484358
              17 C     -1.497841621230    3.479654093283   -0.884146029745
              18 C     -0.166467294987    3.500978902283   -1.329945460603
              19 C      0.593006487493    2.332193461925   -1.350990587292
              20 C     -0.006336644638    1.158308054163   -0.916547248053
              21 H      0.075042739361   -0.486400541233   -2.682577464112
              22 H      0.884206445857    0.599260401144    1.786909551653
              23 H      2.866035901840    0.434251532065    3.235553443801
              24 H      4.953303162640   -0.599433265242    2.390149961061
              25 H      3.069824622701   -1.329344902014   -1.401877654673
              26 H     -1.794363348639   -2.747487049554    1.730267717138
              27 H     -1.955887005513   -3.866953015588    0.379056953451
              28 H     -4.010759934806   -2.469134420789    0.651930948166
              29 H     -3.244980960539   -2.256001590453   -0.926073228948
              30 H     -3.036524951494   -0.369324632617    1.479082545404
              31 H     -3.818414920520   -0.056463119233   -0.081793241714
              32 H     -3.125687813867    2.294804039920   -0.117761089845
              33 H     -2.072712700768    4.403363956130   -0.874884545405
              34 H      0.276080075103    4.438162547538   -1.660674248570
              35 H      1.623777968003    2.339517337903   -1.693056404287
