-------------------------------------------------------------
----------------------- !PROPERTIES! ------------------------
-------------------------------------------------------------
# -----------------------------------------------------------
$ PAL_Flags
   description: The PAL Flags
   geom. index: 1
   prop. index: 1
        Diskflag:     2
# -----------------------------------------------------------
$ SCF_Energy
   description: The SCF energy
   geom. index: 1
   prop. index: 1
        SCF Energy:    -1227.5470485786
# -----------------------------------------------------------
$ Mayer_Pop
   description: The Mayer population analysis
   geom. index: 1
   prop. index: 1
     Number of atoms                     : 36
     Threshold for printing              : 0.1000000
     Number of bond orders printed       : 40
  NA   - Mulliken gross atomic population
  ZA   - Total nuclear charge
  QA   - Mulliken gross atomic charge
  VA   - Mayer's total valence
  BVA  - Mayer's bonded valence
  FA   - Mayer's free valence
  ATOM       NA         ZA         QA         VA         BVA        FA
  0   0     5.7721     6.0000     0.2279     3.8223     3.8223    -0.0000
  1   0     8.5694     8.0000    -0.5694     1.9123     1.9123     0.0000
  2   0     5.6002     6.0000     0.3998     3.7976     3.7976     0.0000
  3   0     6.1499     6.0000    -0.1499     3.8497     3.8497     0.0000
  4   0     5.9812     6.0000     0.0188     3.8704     3.8704     0.0000
  5   0     6.0531     6.0000    -0.0531     3.8904     3.8904     0.0000
  6   0     5.9573     6.0000     0.0427     3.9223     3.9223     0.0000
  7   0     6.1708     6.0000    -0.1708     3.8815     3.8815     0.0000
  8   0     5.8913     6.0000     0.1087     3.9428     3.9428     0.0000
  9   0     5.8875     6.0000     0.1125     3.7226     3.7226     0.0000
 10   0     6.6898     7.0000     0.3102     3.8217     3.8217    -0.0000
 11   0     8.3414     8.0000    -0.3414     1.7646     1.7646    -0.0000
 12   0     8.3401     8.0000    -0.3401     1.7681     1.7681    -0.0000
 13   0     5.9538     6.0000     0.0462     4.0290     4.0290     0.0000
 14   0     6.1155     6.0000    -0.1155     3.7416     3.7416     0.0000
 15   0     5.4912     6.0000     0.5088     4.1670     4.1670    -0.0000
 16   0     8.3931     8.0000    -0.3931     2.0790     2.0790    -0.0000
 17   0     8.3500     8.0000    -0.3500     2.0706     2.0706    -0.0000
 18   0     6.0268     6.0000    -0.0268     4.0354     4.0354     0.0000
 19   0     5.7494     6.0000     0.2506     3.7766     3.7766     0.0000
 20   0     5.7641     6.0000     0.2359     3.8593     3.8593     0.0000
 21   0     6.0483     6.0000    -0.0483     3.9648     3.9648     0.0000
 22   0     8.5522     8.0000    -0.5522     1.9097     1.9097     0.0000
 23   0     5.4437     6.0000     0.5563     3.7229     3.7229     0.0000
 24   0     8.5160     8.0000    -0.5160     1.9295     1.9295     0.0000
 25   0     0.9601     1.0000     0.0399     0.9807     0.9807    -0.0000
 26   0     0.9395     1.0000     0.0605     0.9867     0.9867     0.0000
 27   0     0.9603     1.0000     0.0397     0.9802     0.9802    -0.0000
 28   0     0.9579     1.0000     0.0421     0.9963     0.9963     0.0000
 29   0     0.9481     1.0000     0.0519     0.9863     0.9863    -0.0000
 30   0     0.9330     1.0000     0.0670     1.0124     1.0124    -0.0000
 31   0     0.9091     1.0000     0.0909     1.0171     1.0171     0.0000
 32   0     0.7667     1.0000     0.2333     0.9935     0.9935    -0.0000
 33   0     0.9201     1.0000     0.0799     1.0061     1.0061    -0.0000
 34   0     0.9477     1.0000     0.0523     0.9851     0.9851     0.0000
 35   0     0.9493     1.0000     0.0507     0.9851     0.9851     0.0000
      Bond orders larger than 0.1000000
           Atom A     A.N. of A          Atom B    A.N. of B              Bond order
                0             6               1            8                0.851265
                0             6              25            1                0.984729
                0             6              26            1                0.992158
                0             6              27            1                0.984825
                1             8               2            6                1.022275
                2             6               3            6                1.443223
                2             6               7            6                1.292956
                3             6               4            6                1.306633
                3             6              28            1                1.005661
                4             6               5            6                1.505547
                4             6              29            1                0.996861
                5             6               6            6                1.344561
                5             6              30            1                0.989032
                6             6               7            6                1.340444
                6             6              21            6                1.111064
                7             6               8            6                1.178355
                8             6               9            6                1.631633
                8             6              31            1                0.993633
                9             6              10            7                0.800769
                9             6              13            6                1.188141
               10             7              11            8                1.490080
               10             7              12            8                1.506943
               11             8              12            8                0.209397
               13             6              14            6                1.289711
               13             6              21            6                1.377794
               14             6              15            6                0.928875
               14             6              18            6                1.498614
               15             6              16            8                2.026491
               15             6              17            8                1.152096
               17             8              32            1                0.938357
               18             6              19            6                1.338817
               18             6              33            1                1.014885
               19             6              20            6                1.417690
               19             6              24            8                0.959024
               20             6              21            6                1.347614
               20             6              22            8                0.959935
               22             8              23            6                0.880409
               23             6              24            8                0.899912
               23             6              34            1                0.983910
               23             6              35            1                0.984429
# -----------------------------------------------------------
$ Calculation_Info
   description: Details of the calculation
   geom. index: 1
   prop. index: 1
     Multiplicity:                          1
     Charge:                                0
     number of atoms:                       36
     number of electrons:                   0
     number of frozen core electrons:       1
     number of correlated electrons:        0
     number of basis functions:             405
     number of aux C basis functions:       0
     number of aux J basis functions:       0
     number of aux JK basis functions:      0
     number of aux CABS basis functions:    0
     Total Energy                           -1227.547049
# -----------------------------------------------------------
$ SCF_Electric_Properties
   description: The SCF Calculated Electric Properties
   geom. index: 1
   prop. index: 1
       Filename                          : ./ZINC000000000052/ZINC000000000052.scfp 
       Do Dipole Moment Calculation      : true 
       Do Quadrupole Moment Calculation  : false 
       Do Polarizability Calculation     : false 
** Dipole moment part of electric properties **
        Magnitude of dipole moment (Debye) :        8.8225454971
        Electronic Contribution:
                  0    
      0     -13.872383
      1       9.250268
      2       1.082862
        Nuclear Contribution:
                  0    
      0      15.520043
      1     -12.217013
      2      -1.811821
        Total Dipole moment:
                  0    
      0       1.647660
      1      -2.966745
      2      -0.728959
# -------------------------------------------------------------
----------------------- !GEOMETRIES! ------------------------
# -------------------------------------------------------------
------------------------ !GEOMETRY! -------------------------
    Number of atoms:    36 
    Geometry Index:     1 
    Coordinates:
               0 C      5.257181806145    0.272768269517   -0.105171046992
               1 O      3.885008839081    0.637637677233   -0.025695769679
               2 C      2.947071564058   -0.369690634332   -0.046077816619
               3 C      3.274040497489   -1.720789168856   -0.118319523505
               4 C      2.263548263021   -2.666071497233   -0.132610631220
               5 C      0.927127187021   -2.263397420097   -0.071821547171
               6 C      0.523248369627   -0.905224377898    0.008081737720
               7 C      1.583767482397    0.039245778851    0.013367520239
               8 C      1.262214848843    1.392992009023    0.101061173020
               9 C     -0.068314843697    1.823932597782    0.142954307656
              10 N     -0.222033825456    3.243814358113    0.431754885311
              11 O     -0.837554165346    3.541160891781    1.464096630359
              12 O      0.313117446171    4.047697982231   -0.344487696588
              13 C     -1.188015615085    0.944962682759    0.071812663914
              14 C     -2.589649928424    1.331922853167    0.010382243277
              15 C     -3.067993417893    2.707477340986   -0.253237483097
              16 O     -3.997121811752    3.270418872404    0.288721377449
              17 O     -2.414277907945    3.232481514130   -1.301633936120
              18 C     -3.635390053345    0.408528755474    0.091087377977
              19 C     -3.297899566877   -0.909897393016    0.168494296135
              20 C     -1.983817138891   -1.328520864358    0.143007109881
              21 C     -0.870130616370   -0.454422039062    0.071751681861
              22 O     -1.937030304378   -2.696673672990    0.215176169243
              23 C     -3.325191055703   -3.059664043113    0.290313451337
              24 O     -4.198541692610   -1.924849739733    0.244456692426
              25 H      5.475138994889   -0.242602506242   -1.046275404113
              26 H      5.848439385731    1.193367306764   -0.086374983560
              27 H      5.555385472043   -0.330874662333    0.758192013985
              28 H      4.299371990447   -2.069832055432   -0.165169397227
              29 H      2.506433550340   -3.724310711339   -0.193241010800
              30 H      0.199863273703   -3.067657831478   -0.101796382906
              31 H      2.059667614658    2.135430392449    0.159363084170
              32 H     -2.812175575968    4.122276621350   -1.423528623845
              33 H     -4.676941446060    0.714766866940    0.064479064115
              34 H     -3.497317039698   -3.603311290443    1.226279351587
              35 H     -3.561230580165   -3.723092863001   -0.549391578222
