-------------------------------------------------------------
----------------------- !PROPERTIES! ------------------------
-------------------------------------------------------------
# -----------------------------------------------------------
$ PAL_Flags
   description: The PAL Flags
   geom. index: 1
   prop. index: 1
        Diskflag:     2
# -----------------------------------------------------------
$ SCF_Energy
   description: The SCF energy
   geom. index: 1
   prop. index: 1
        SCF Energy:    -1010.2711036426
# -----------------------------------------------------------
$ Mayer_Pop
   description: The Mayer population analysis
   geom. index: 1
   prop. index: 1
     Number of atoms                     : 45
     Threshold for printing              : 0.1000000
     Number of bond orders printed       : 46
  NA   - Mulliken gross atomic population
  ZA   - Total nuclear charge
  QA   - Mulliken gross atomic charge
  VA   - Mayer's total valence
  BVA  - Mayer's bonded valence
  FA   - Mayer's free valence
  ATOM       NA         ZA         QA         VA         BVA        FA
  0   0     5.9228     6.0000     0.0772     3.9194     3.9194     0.0000
  1   0     6.1672     6.0000    -0.1672     3.9448     3.9448    -0.0000
  2   0     6.0295     6.0000    -0.0295     3.8703     3.8703     0.0000
  3   0     6.0217     6.0000    -0.0217     3.9023     3.9023    -0.0000
  4   0     5.7993     6.0000     0.2007     3.8878     3.8878     0.0000
  5   0     8.5905     8.0000    -0.5905     1.8235     1.8235     0.0000
  6   0     5.6959     6.0000     0.3041     3.7041     3.7041     0.0000
  7   0     5.7966     6.0000     0.2034     3.8822     3.8822    -0.0000
  8   0     8.4815     8.0000    -0.4815     1.9041     1.9041     0.0000
  9   0     5.8281     6.0000     0.1719     3.8166     3.8166    -0.0000
 10   0     7.4796     7.0000    -0.4796     2.7586     2.7586    -0.0000
 11   0     6.2584     6.0000    -0.2584     3.9785     3.9785    -0.0000
 12   0     5.9386     6.0000     0.0614     3.8608     3.8608    -0.0000
 13   0     5.9500     6.0000     0.0500     3.8258     3.8258    -0.0000
 14   0     5.9526     6.0000     0.0474     3.8570     3.8570     0.0000
 15   0     5.6983     6.0000     0.3017     3.7913     3.7913    -0.0000
 16   0     8.5401     8.0000    -0.5401     1.9399     1.9399    -0.0000
 17   0     5.4004     6.0000     0.5996     4.0087     4.0087     0.0000
 18   0     8.3855     8.0000    -0.3855     2.0976     2.0976    -0.0000
 19   0     6.2008     6.0000    -0.2008     3.8463     3.8463     0.0000
 20   0     5.8695     6.0000     0.1305     3.8241     3.8241    -0.0000
 21   0     6.1396     6.0000    -0.1396     3.8333     3.8333     0.0000
 22   0     0.9562     1.0000     0.0438     0.9913     0.9913    -0.0000
 23   0     0.9456     1.0000     0.0544     0.9768     0.9768     0.0000
 24   0     0.9442     1.0000     0.0558     0.9768     0.9768     0.0000
 25   0     0.9623     1.0000     0.0377     0.9940     0.9940     0.0000
 26   0     0.9468     1.0000     0.0532     1.0064     1.0064     0.0000
 27   0     0.9623     1.0000     0.0377     1.0023     1.0023     0.0000
 28   0     0.9446     1.0000     0.0554     0.9882     0.9882     0.0000
 29   0     0.9773     1.0000     0.0227     0.9814     0.9814    -0.0000
 30   0     0.7858     1.0000     0.2142     0.9927     0.9927     0.0000
 31   0     0.9724     1.0000     0.0276     0.9795     0.9795     0.0000
 32   0     0.9670     1.0000     0.0330     1.0022     1.0022    -0.0000
 33   0     0.8767     1.0000     0.1233     0.9759     0.9759    -0.0000
 34   0     0.9806     1.0000     0.0194     0.9888     0.9888    -0.0000
 35   0     0.9675     1.0000     0.0325     0.9921     0.9921    -0.0000
 36   0     0.9763     1.0000     0.0237     0.9858     0.9858    -0.0000
 37   0     0.9639     1.0000     0.0361     0.9865     0.9865    -0.0000
 38   0     0.9787     1.0000     0.0213     0.9908     0.9908     0.0000
 39   0     0.9746     1.0000     0.0254     0.9865     0.9865    -0.0000
 40   0     0.9711     1.0000     0.0289     0.9865     0.9865     0.0000
 41   0     0.9653     1.0000     0.0347     0.9863     0.9863     0.0000
 42   0     0.9683     1.0000     0.0317     0.9914     0.9914     0.0000
 43   0     0.9248     1.0000     0.0752     0.9995     0.9995     0.0000
 44   0     0.9410     1.0000     0.0590     0.9974     0.9974    -0.0000
      Bond orders larger than 0.1000000
           Atom A     A.N. of A          Atom B    A.N. of B              Bond order
                0             6               1            6                1.005430
                0             6              22            1                0.983439
                0             6              23            1                0.973408
                0             6              24            1                0.972985
                1             6               2            6                1.461052
                1             6              21            6                1.380435
                2             6               3            6                1.372741
                2             6              25            1                1.001208
                3             6               4            6                1.449414
                3             6              26            1                1.010108
                4             6               5            8                0.970693
                4             6              15            6                1.405712
                5             8               6            6                0.817017
                6             6               7            6                1.024930
                6             6              27            1                0.958600
                6             6              28            1                0.971393
                7             6               8            8                0.897040
                7             6               9            6                1.024813
                7             6              29            1                0.957098
                8             8              30            1                0.963548
                9             6              10            7                0.922275
                9             6              31            1                0.971650
                9             6              32            1                0.959802
               10             7              11            6                0.926496
               10             7              33            1                0.949451
               11             6              12            6                1.017413
               11             6              13            6                0.989473
               11             6              14            6                1.004931
               12             6              34            1                0.981927
               12             6              35            1                0.983720
               12             6              36            1                0.984259
               13             6              37            1                0.982079
               13             6              38            1                0.980687
               13             6              39            1                0.980339
               14             6              40            1                0.981876
               14             6              41            1                0.981078
               14             6              42            1                0.982986
               15             6              16            8                0.957292
               15             6              21            6                1.342630
               16             8              17            6                0.959502
               17             6              18            8                2.013735
               17             6              19            6                1.035389
               19             6              20            6                1.780643
               19             6              43            1                0.988156
               20             6              21            6                1.051064
               20             6              44            1                0.984914
# -----------------------------------------------------------
$ Calculation_Info
   description: Details of the calculation
   geom. index: 1
   prop. index: 1
     Multiplicity:                          1
     Charge:                                0
     number of atoms:                       45
     number of electrons:                   0
     number of frozen core electrons:       1
     number of correlated electrons:        0
     number of basis functions:             423
     number of aux C basis functions:       0
     number of aux J basis functions:       0
     number of aux JK basis functions:      0
     number of aux CABS basis functions:    0
     Total Energy                           -1010.271104
# -----------------------------------------------------------
$ SCF_Electric_Properties
   description: The SCF Calculated Electric Properties
   geom. index: 1
   prop. index: 1
       Filename                          : ./ZINC000000000100/ZINC000000000100.scfp 
       Do Dipole Moment Calculation      : true 
       Do Quadrupole Moment Calculation  : false 
       Do Polarizability Calculation     : false 
** Dipole moment part of electric properties **
        Magnitude of dipole moment (Debye) :        7.5925399270
        Electronic Contribution:
                  0    
      0      36.314167
      1       1.527385
      2      11.367615
        Nuclear Contribution:
                  0    
      0     -36.769117
      1      -0.770766
      2     -14.221237
        Total Dipole moment:
                  0    
      0      -0.454949
      1       0.756619
      2      -2.853623
# -------------------------------------------------------------
----------------------- !GEOMETRIES! ------------------------
# -------------------------------------------------------------
------------------------ !GEOMETRY! -------------------------
    Number of atoms:    45 
    Geometry Index:     1 
    Coordinates:
               0 C      4.188948022162    0.999840248002   -3.246094224520
               1 C      3.308795079197    0.587621883893   -2.096872055816
               2 C      1.965483075287    0.256632748051   -2.360294698347
               3 C      1.105789357431   -0.134013344119   -1.332410183252
               4 C      1.576052813602   -0.183381247719   -0.026052323797
               5 O      0.725732290488   -0.601013414024    0.960627438298
               6 C      0.100553755903    0.533766758653    1.589074104580
               7 C     -1.056825565461    0.029257009152    2.463006992597
               8 O     -0.544584297662   -0.867792644396    3.459206252648
               9 C     -2.155794321941   -0.699180936219    1.658263976705
              10 N     -2.838850314725    0.199972287427    0.720229097398
              11 C     -3.857278029128   -0.427283134023   -0.145511355784
              12 C     -4.416479157555    0.703143878977   -1.031933568847
              13 C     -5.016458775858   -1.027129770707    0.667471603082
              14 C     -3.248956294346   -1.500359713362   -1.063364899081
              15 C      2.909732627894    0.123095316178    0.244132367436
              16 O      3.344001667459    0.022951518506    1.584122061895
              17 C      4.647434102262    0.310377421574    1.949759882524
              18 O      5.041144214003    0.235127297418    3.107648041221
              19 C      5.558866585429    0.723290172677    0.872644066584
              20 C      5.166151222333    0.822293224469   -0.400510315576
              21 C      3.788030284948    0.514367644965   -0.772893527129
              22 H      3.638350509237    1.007295093173   -4.192966109010
              23 H      4.575744051635    2.011371172110   -3.085469195660
              24 H      5.022919721749    0.299373099164   -3.356984367398
              25 H      1.577811163191    0.297138069354   -3.376841036765
              26 H      0.073556907251   -0.394418407058   -1.550266447372
              27 H     -0.267446993360    1.251098252814    0.844850296532
              28 H      0.841844735845    1.027879348237    2.229172327913
              29 H     -1.498296128614    0.876781739000    2.999339051299
              30 H      0.096280539124   -1.445323679437    2.999944982055
              31 H     -2.871411848239   -1.121688511382    2.373454351664
              32 H     -1.701400230345   -1.549909474202    1.139527365799
              33 H     -3.281535623779    0.948497873392    1.256210259914
              34 H     -4.883683866121    1.492483807026   -0.430699430031
              35 H     -3.626291057295    1.166557174709   -1.634889094343
              36 H     -5.177772134915    0.323798419219   -1.723496883989
              37 H     -4.697697023374   -1.892360218094    1.258778135556
              38 H     -5.446385938189   -0.288436585768    1.353899077631
              39 H     -5.821815364739   -1.368548800967    0.006567003895
              40 H     -3.982996299482   -1.844606587595   -1.801482408316
              41 H     -2.920855190485   -2.383437431249   -0.505159761351
              42 H     -2.387586787600   -1.109303703704   -1.616564430098
              43 H      6.575046566722    0.944263491510    1.175800735598
              44 H      5.872131950057    1.129912654377   -1.162973156343
