-------------------------------------------------------------
----------------------- !PROPERTIES! ------------------------
-------------------------------------------------------------
# -----------------------------------------------------------
$ PAL_Flags
   description: The PAL Flags
   geom. index: 1
   prop. index: 1
        Diskflag:     2
# -----------------------------------------------------------
$ SCF_Energy
   description: The SCF energy
   geom. index: 1
   prop. index: 1
        SCF Energy:    -1110.1276635399
# -----------------------------------------------------------
$ Mayer_Pop
   description: The Mayer population analysis
   geom. index: 1
   prop. index: 1
     Number of atoms                     : 53
     Threshold for printing              : 0.1000000
     Number of bond orders printed       : 56
  NA   - Mulliken gross atomic population
  ZA   - Total nuclear charge
  QA   - Mulliken gross atomic charge
  VA   - Mayer's total valence
  BVA  - Mayer's bonded valence
  FA   - Mayer's free valence
  ATOM       NA         ZA         QA         VA         BVA        FA
  0   0     5.9703     6.0000     0.0297     3.8635     3.8635     0.0000
  1   0     5.8080     6.0000     0.1920     3.8675     3.8675     0.0000
  2   0     8.3873     8.0000    -0.3873     2.0528     2.0528    -0.0000
  3   0     5.9338     6.0000     0.0662     3.5439     3.5439     0.0000
  4   0     8.4478     8.0000    -0.4478     1.9241     1.9241    -0.0000
  5   0     5.9092     6.0000     0.0908     3.9144     3.9144     0.0000
  6   0     5.9200     6.0000     0.0800     3.9634     3.9634     0.0000
  7   0     6.1073     6.0000    -0.1073     3.7045     3.7045    -0.0000
  8   0     6.1167     6.0000    -0.1167     3.8213     3.8213    -0.0000
  9   0     5.9788     6.0000     0.0212     3.8890     3.8890     0.0000
 10   0     5.8652     6.0000     0.1348     3.8939     3.8939     0.0000
 11   0     6.0667     6.0000    -0.0667     3.7162     3.7162     0.0000
 12   0     6.1109     6.0000    -0.1109     3.8756     3.8756     0.0000
 13   0     5.6880     6.0000     0.3120     3.9432     3.9432     0.0000
 14   0     8.4009     8.0000    -0.4009     2.0492     2.0492    -0.0000
 15   0     6.1188     6.0000    -0.1188     3.8555     3.8555     0.0000
 16   0     5.9134     6.0000     0.0866     3.7306     3.7306    -0.0000
 17   0     6.3505     6.0000    -0.3505     3.8081     3.8081    -0.0000
 18   0     5.9294     6.0000     0.0706     3.8166     3.8166    -0.0000
 19   0     6.0516     6.0000    -0.0516     3.6531     3.6531    -0.0000
 20   0     5.7086     6.0000     0.2914     3.8048     3.8048     0.0000
 21   0     8.4698     8.0000    -0.4698     1.9014     1.9014    -0.0000
 22   0     5.8752     6.0000     0.1248     3.8194     3.8194    -0.0000
 23   0     6.4939     6.0000    -0.4939     3.7382     3.7382    -0.0000
 24   0     5.8882     6.0000     0.1118     3.8430     3.8430     0.0000
 25   0     0.9385     1.0000     0.0615     0.9985     0.9985    -0.0000
 26   0     0.9409     1.0000     0.0591     0.9964     0.9964     0.0000
 27   0     0.9432     1.0000     0.0568     0.9975     0.9975     0.0000
 28   0     0.7954     1.0000     0.2046     0.9854     0.9854    -0.0000
 29   0     0.9518     1.0000     0.0482     0.9925     0.9925     0.0000
 30   0     0.9658     1.0000     0.0342     0.9846     0.9846     0.0000
 31   0     0.9771     1.0000     0.0229     0.9760     0.9760     0.0000
 32   0     0.9581     1.0000     0.0419     0.9715     0.9715     0.0000
 33   0     0.9428     1.0000     0.0572     0.9950     0.9950    -0.0000
 34   0     0.9714     1.0000     0.0286     0.9760     0.9760     0.0000
 35   0     0.9586     1.0000     0.0414     0.9757     0.9757     0.0000
 36   0     0.9665     1.0000     0.0335     0.9818     0.9818    -0.0000
 37   0     0.9631     1.0000     0.0369     0.9846     0.9846     0.0000
 38   0     0.9606     1.0000     0.0394     0.9798     0.9798     0.0000
 39   0     0.9623     1.0000     0.0377     1.0105     1.0105     0.0000
 40   0     0.9519     1.0000     0.0481     1.0005     1.0005     0.0000
 41   0     0.9197     1.0000     0.0803     1.0075     1.0075     0.0000
 42   0     0.9521     1.0000     0.0479     0.9896     0.9896     0.0000
 43   0     0.9482     1.0000     0.0518     0.9915     0.9915    -0.0000
 44   0     0.9627     1.0000     0.0373     0.9900     0.9900    -0.0000
 45   0     0.9761     1.0000     0.0239     0.9919     0.9919     0.0000
 46   0     0.9667     1.0000     0.0333     0.9902     0.9902     0.0000
 47   0     0.7996     1.0000     0.2004     0.9940     0.9940    -0.0000
 48   0     0.9843     1.0000     0.0157     0.9986     0.9986    -0.0000
 49   0     0.9459     1.0000     0.0541     0.9814     0.9814    -0.0000
 50   0     0.9478     1.0000     0.0522     0.9957     0.9957     0.0000
 51   0     0.9698     1.0000     0.0302     0.9939     0.9939     0.0000
 52   0     0.9691     1.0000     0.0309     0.9846     0.9846     0.0000
      Bond orders larger than 0.1000000
           Atom A     A.N. of A          Atom B    A.N. of B              Bond order
                0             6               1            6                1.001966
                0             6              25            1                0.979398
                0             6              26            1                0.970179
                0             6              27            1                0.961804
                1             6               2            8                2.019533
                1             6               3            6                0.847635
                3             6               4            8                0.924816
                3             6               5            6                1.013811
                3             6              23            6                0.952179
                4             8              28            1                0.966937
                5             6               6            6                1.072056
                5             6              29            1                0.954849
                5             6              30            1                0.964018
                6             6               7            6                1.021164
                6             6              31            1                0.965458
                6             6              32            1                0.961200
                7             6               8            6                0.998054
                7             6              23            6                0.929400
                7             6              33            1                0.949630
                8             6               9            6                1.018429
                8             6              19            6                0.966444
                8             6              34            1                0.945456
                9             6              10            6                1.043553
                9             6              35            1                0.968479
                9             6              36            1                0.963227
               10             6              11            6                0.993648
               10             6              37            1                0.969757
               10             6              38            1                0.963827
               11             6              12            6                1.863828
               11             6              17            6                0.942150
               12             6              13            6                1.016119
               12             6              39            1                1.006791
               13             6              14            8                1.940862
               13             6              15            6                1.008172
               15             6              16            6                1.857229
               15             6              40            1                1.006068
               16             6              17            6                0.972577
               16             6              41            1                0.976377
               17             6              18            6                0.988517
               17             6              19            6                0.972461
               18             6              42            1                0.983860
               18             6              43            1                0.981643
               18             6              44            1                0.983640
               19             6              20            6                0.973213
               19             6              45            1                0.940865
               20             6              21            8                0.863920
               20             6              22            6                1.050433
               20             6              46            1                0.953833
               21             8              47            1                0.964723
               22             6              23            6                0.982517
               22             6              48            1                0.950664
               22             6              49            1                0.966209
               23             6              24            6                0.988920
               24             6              50            1                0.977726
               24             6              51            1                0.984018
               24             6              52            1                0.984653
# -----------------------------------------------------------
$ Calculation_Info
   description: Details of the calculation
   geom. index: 1
   prop. index: 1
     Multiplicity:                          1
     Charge:                                0
     number of atoms:                       53
     number of electrons:                   0
     number of frozen core electrons:       1
     number of correlated electrons:        0
     number of basis functions:             490
     number of aux C basis functions:       0
     number of aux J basis functions:       0
     number of aux JK basis functions:      0
     number of aux CABS basis functions:    0
     Total Energy                           -1110.127664
# -----------------------------------------------------------
$ SCF_Electric_Properties
   description: The SCF Calculated Electric Properties
   geom. index: 1
   prop. index: 1
       Filename                          : ./ZINC000000000208/ZINC000000000208.scfp 
       Do Dipole Moment Calculation      : true 
       Do Quadrupole Moment Calculation  : false 
       Do Polarizability Calculation     : false 
** Dipole moment part of electric properties **
        Magnitude of dipole moment (Debye) :        7.7335689764
        Electronic Contribution:
                  0    
      0      12.519527
      1       9.085559
      2      -3.314205
        Nuclear Contribution:
                  0    
      0     -15.198122
      1     -10.461401
      2       3.749354
        Total Dipole moment:
                  0    
      0      -2.678594
      1      -1.375842
      2       0.435149
# -------------------------------------------------------------
----------------------- !GEOMETRIES! ------------------------
# -------------------------------------------------------------
------------------------ !GEOMETRY! -------------------------
    Number of atoms:    53 
    Geometry Index:     1 
    Coordinates:
               0 C     -4.031104609584    2.177949253686   -1.670471610984
               1 C     -3.379702727979    1.862570442328   -0.345042268083
               2 O     -2.944847201924    2.773059904053    0.363522166429
               3 C     -3.287228810387    0.368383636196    0.068581500282
               4 O     -4.368175453759   -0.344682231945   -0.527061049550
               5 C     -3.372891993213    0.223103087394    1.612770084164
               6 C     -1.939477046189   -0.012544555420    2.121698559691
               7 C     -1.049796856761    0.210640809297    0.902325817345
               8 C      0.360546575873   -0.392625983176    0.910323334992
               9 C      1.152117422692    0.067222995826    2.144605323766
              10 C      2.563915783189   -0.504679933446    2.149864541708
              11 C      3.271438537474   -0.152296718896    0.867397938863
              12 C      4.412661757137    0.559123067413    0.911310169979
              13 C      5.113700462787    0.991850626102   -0.312989186890
              14 O      6.149637910650    1.642021607420   -0.259394462760
              15 C      4.510925661123    0.610426507318   -1.601083120049
              16 C      3.375774652893   -0.098979013392   -1.646185551003
              17 C      2.582877276965   -0.588605789301   -0.438875982210
              18 C      2.600717585607   -2.131924058350   -0.529642360758
              19 C      1.107300117026   -0.007629273998   -0.418843871384
              20 C      0.231936318896   -0.344734299103   -1.669355490182
              21 O      0.766782865646    0.243870188731   -2.854696948828
              22 C     -1.224995011554    0.155589670203   -1.566100414195
              23 C     -1.913976625490   -0.291802512526   -0.271882813981
              24 C     -2.081328188580   -1.838728286688   -0.309698924279
              25 H     -3.823666681845    3.217438440571   -1.940261964270
              26 H     -3.629923886823    1.534191729243   -2.455814108306
              27 H     -5.112044271945    2.041573563920   -1.588045298795
              28 H     -5.184848972953   -0.105573521552   -0.052989353836
              29 H     -3.803655022195    1.112143339982    2.086962299856
              30 H     -4.009921728073   -0.620621958460    1.904878578032
              31 H     -1.838807595944   -1.032497225593    2.509760802694
              32 H     -1.692728090021    0.675640297264    2.936837333062
              33 H     -0.916421462020    1.299045426777    0.808918044815
              34 H      0.275605134951   -1.482364910822    0.975765486367
              35 H      0.644105042421   -0.252464605964    3.061838701537
              36 H      1.196872727772    1.163899987032    2.172676457792
              37 H      3.099948291412   -0.114701999085    3.023830964443
              38 H      2.533217436560   -1.593305931161    2.272230525859
              39 H      4.874983440609    0.873260580579    1.840317977960
              40 H      5.042341329293    0.915655159571   -2.494102927408
              41 H      3.013196947831   -0.387698648556   -2.631009936284
              42 H      2.205866601632   -2.487658925021   -1.488258564785
              43 H      3.623568488439   -2.521205759413   -0.442790516357
              44 H      2.011970033302   -2.611602716001    0.257454410705
              45 H      1.217017343243    1.089662535810   -0.417152322980
              46 H      0.226438825862   -1.424960528776   -1.838116838796
              47 H      0.835335095473    1.204541614242   -2.710738295116
              48 H     -1.208256084368    1.250542165109   -1.639486276048
              49 H     -1.790292615050   -0.182609256972   -2.444116700563
              50 H     -2.674487075796   -2.140280691834   -1.181129752340
              51 H     -2.591772481281   -2.224314022896    0.578689646964
              52 H     -1.130449173023   -2.372313277716   -0.381615908268
