-------------------------------------------------------------
----------------------- !PROPERTIES! ------------------------
-------------------------------------------------------------
# -----------------------------------------------------------
$ PAL_Flags
   description: The PAL Flags
   geom. index: 1
   prop. index: 1
        Diskflag:     2
# -----------------------------------------------------------
$ SCF_Energy
   description: The SCF energy
   geom. index: 1
   prop. index: 1
        SCF Energy:     -967.7865871891
# -----------------------------------------------------------
$ Mayer_Pop
   description: The Mayer population analysis
   geom. index: 1
   prop. index: 1
     Number of atoms                     : 36
     Threshold for printing              : 0.1000000
     Number of bond orders printed       : 38
  NA   - Mulliken gross atomic population
  ZA   - Total nuclear charge
  QA   - Mulliken gross atomic charge
  VA   - Mayer's total valence
  BVA  - Mayer's bonded valence
  FA   - Mayer's free valence
  ATOM       NA         ZA         QA         VA         BVA        FA
  0   0     5.7777     6.0000     0.2223     3.8343     3.8343    -0.0000
  1   0     8.5469     8.0000    -0.5469     1.9095     1.9095     0.0000
  2   0     5.6550     6.0000     0.3450     3.7543     3.7543    -0.0000
  3   0     6.0875     6.0000    -0.0875     3.9083     3.9083    -0.0000
  4   0     5.9728     6.0000     0.0272     3.8773     3.8773    -0.0000
  5   0     6.2327     6.0000    -0.2327     3.7143     3.7143     0.0000
  6   0     5.6119     6.0000     0.3881     3.9781     3.9781    -0.0000
  7   0     8.3898     8.0000    -0.3898     2.0724     2.0724    -0.0000
  8   0     5.9419     6.0000     0.0581     3.5444     3.5444    -0.0000
  9   0     6.0316     6.0000    -0.0316     3.9373     3.9373     0.0000
 10   0     6.1015     6.0000    -0.1015     3.9476     3.9476     0.0000
 11   0     5.8506     6.0000     0.1494     3.6693     3.6693     0.0000
 12   0     7.5564     7.0000    -0.5564     3.1901     3.1901    -0.0000
 13   0     5.7306     6.0000     0.2694     3.7615     3.7615     0.0000
 14   0     6.0279     6.0000    -0.0279     3.9628     3.9628    -0.0000
 15   0     6.1697     6.0000    -0.1697     3.6932     3.6932     0.0000
 16   0     5.4791     6.0000     0.5209     4.0845     4.0845    -0.0000
 17   0     8.3928     8.0000    -0.3928     2.0752     2.0752     0.0000
 18   0     8.3576     8.0000    -0.3576     2.0651     2.0651    -0.0000
 19   0     5.9434     6.0000     0.0566     3.9442     3.9442    -0.0000
 20   0     6.1577     6.0000    -0.1577     3.8426     3.8426    -0.0000
 21   0     0.9655     1.0000     0.0345     0.9794     0.9794    -0.0000
 22   0     0.9461     1.0000     0.0539     0.9869     0.9869     0.0000
 23   0     0.9614     1.0000     0.0386     0.9803     0.9803     0.0000
 24   0     0.9506     1.0000     0.0494     0.9981     0.9981     0.0000
 25   0     0.9422     1.0000     0.0578     0.9936     0.9936     0.0000
 26   0     0.9509     1.0000     0.0491     1.0016     1.0016    -0.0000
 27   0     0.9524     1.0000     0.0476     1.0076     1.0076    -0.0000
 28   0     0.9423     1.0000     0.0577     0.9797     0.9797     0.0000
 29   0     0.9381     1.0000     0.0619     0.9863     0.9863     0.0000
 30   0     0.9376     1.0000     0.0624     0.9799     0.9799     0.0000
 31   0     0.9337     1.0000     0.0663     0.9798     0.9798     0.0000
 32   0     0.8982     1.0000     0.1018     0.9715     0.9715     0.0000
 33   0     0.7704     1.0000     0.2296     0.9975     0.9975     0.0000
 34   0     0.9373     1.0000     0.0627     1.0015     1.0015     0.0000
 35   0     0.9582     1.0000     0.0418     0.9974     0.9974     0.0000
      Bond orders larger than 0.1000000
           Atom A     A.N. of A          Atom B    A.N. of B              Bond order
                0             6               1            8                0.864702
                0             6              21            1                0.985032
                0             6              22            1                0.992923
                0             6              23            1                0.985102
                1             8               2            6                1.007372
                2             6               3            6                1.383542
                2             6              20            6                1.343356
                3             6               4            6                1.445684
                3             6              24            1                1.005326
                4             6               5            6                1.374215
                4             6              25            1                1.000771
                5             6               6            6                0.970055
                5             6              19            6                1.426392
                6             6               7            8                2.058267
                6             6               8            6                0.966160
                8             6               9            6                1.534117
                8             6              12            7                1.080812
                9             6              10            6                1.332728
                9             6              26            1                1.009406
               10             6              11            6                1.584995
               10             6              27            1                1.016009
               11             6              12            7                1.175282
               11             6              15            6                0.915533
               12             7              13            6                0.828676
               13             6              14            6                1.040793
               13             6              28            1                0.968206
               13             6              29            1                0.981670
               14             6              15            6                1.025633
               14             6              30            1                0.971247
               14             6              31            1                0.969368
               15             6              16            6                0.960761
               15             6              32            1                0.899239
               16             6              17            8                2.026232
               16             6              18            8                1.131412
               18             8              33            1                0.940010
               19             6              20            6                1.402080
               19             6              34            1                0.999276
               20             6              35            1                1.008010
# -----------------------------------------------------------
$ Calculation_Info
   description: Details of the calculation
   geom. index: 1
   prop. index: 1
     Multiplicity:                          1
     Charge:                                0
     number of atoms:                       36
     number of electrons:                   0
     number of frozen core electrons:       1
     number of correlated electrons:        0
     number of basis functions:             369
     number of aux C basis functions:       0
     number of aux J basis functions:       0
     number of aux JK basis functions:      0
     number of aux CABS basis functions:    0
     Total Energy                           -967.786587
# -----------------------------------------------------------
$ SCF_Electric_Properties
   description: The SCF Calculated Electric Properties
   geom. index: 1
   prop. index: 1
       Filename                          : ./ZINC000000000043/ZINC000000000043.scfp 
       Do Dipole Moment Calculation      : true 
       Do Quadrupole Moment Calculation  : false 
       Do Polarizability Calculation     : false 
** Dipole moment part of electric properties **
        Magnitude of dipole moment (Debye) :        6.3838258725
        Electronic Contribution:
                  0    
      0      -9.976064
      1      -7.374735
      2       0.198964
        Nuclear Contribution:
                  0    
      0      10.532913
      1       9.815119
      2      -0.404572
        Total Dipole moment:
                  0    
      0       0.556849
      1       2.440384
      2      -0.205608
# -------------------------------------------------------------
----------------------- !GEOMETRIES! ------------------------
# -------------------------------------------------------------
------------------------ !GEOMETRY! -------------------------
    Number of atoms:    36 
    Geometry Index:     1 
    Coordinates:
               0 C      5.687493848546    1.693041979774   -0.298775795392
               1 O      4.590493919350    1.386817581888   -1.150955388844
               2 C      3.637485408395    0.541843008012   -0.653851593994
               3 C      2.617190453639    0.221306227752   -1.555157356539
               4 C      1.574785933873   -0.629945778189   -1.180857151193
               5 C      1.540916042601   -1.154304329190    0.114693834343
               6 C      0.452179449804   -2.067611139359    0.548222273352
               7 O      0.771545420812   -3.046300995475    1.219643898761
               8 C     -0.918250598867   -1.790189504519    0.160834595737
               9 C     -1.919314019550   -2.723633584449   -0.107542727181
              10 C     -3.127803680026   -2.039221501595   -0.423330618821
              11 C     -2.846390378816   -0.706360513030   -0.295209261367
              12 N     -1.527166594517   -0.579990938739    0.038364752303
              13 C     -1.144459339586    0.798812521516    0.291823566124
              14 C     -2.503291371590    1.504328855206    0.417655643372
              15 C     -3.511181820266    0.624542346441   -0.371030681729
              16 C     -4.897845699411    0.643693756453    0.239213693699
              17 O     -5.659938126394   -0.291356809400    0.420180095191
              18 O     -5.313241728454    1.898427441826    0.526533317770
              19 C      2.570877216764   -0.854771226802    1.013025207286
              20 C      3.613130477291   -0.002769338676    0.631294200377
              21 H      5.353582174780    2.230286934953    0.594984866250
              22 H      6.364813882837    2.352514500067   -0.849901721894
              23 H      6.245673109971    0.789360850193   -0.032415692439
              24 H      2.643423749217    0.630638337583   -2.562825944896
              25 H      0.808009361332   -0.885999524334   -1.908119156485
              26 H     -1.782475034943   -3.798244470154   -0.072146481127
              27 H     -4.086708223613   -2.481209700496   -0.664370659076
              28 H     -0.586179134205    1.157207666541   -0.576715267537
              29 H     -0.550131271793    0.857546294773    1.206335530224
              30 H     -2.467680810958    2.531543389297    0.040121516071
              31 H     -2.784613477845    1.559458684392    1.478080620186
              32 H     -3.578518671396    0.947707602388   -1.415906026480
              33 H     -6.221638130805    1.761080500815    0.871241163015
              34 H      2.565069475594   -1.286841356663    2.012219054019
              35 H      4.390158188274    0.208592231043    1.358742511471
