-------------------------------------------------------------
----------------------- !PROPERTIES! ------------------------
-------------------------------------------------------------
# -----------------------------------------------------------
$ PAL_Flags
   description: The PAL Flags
   geom. index: 1
   prop. index: 1
        Diskflag:     2
# -----------------------------------------------------------
$ SCF_Energy
   description: The SCF energy
   geom. index: 1
   prop. index: 1
        SCF Energy:    -1030.3218966611
# -----------------------------------------------------------
$ Mayer_Pop
   description: The Mayer population analysis
   geom. index: 1
   prop. index: 1
     Number of atoms                     : 50
     Threshold for printing              : 0.1000000
     Number of bond orders printed       : 55
  NA   - Mulliken gross atomic population
  ZA   - Total nuclear charge
  QA   - Mulliken gross atomic charge
  VA   - Mayer's total valence
  BVA  - Mayer's bonded valence
  FA   - Mayer's free valence
  ATOM       NA         ZA         QA         VA         BVA        FA
  0   0     6.0155     6.0000    -0.0155     3.9500     3.9500     0.0000
  1   0     6.0077     6.0000    -0.0077     3.9337     3.9337     0.0000
  2   0     6.1779     6.0000    -0.1779     3.7880     3.7880     0.0000
  3   0     5.4984     6.0000     0.5016     3.7922     3.7922     0.0000
  4   0     8.4477     8.0000    -0.4477     1.9363     1.9363     0.0000
  5   0     7.6193     7.0000    -0.6193     2.6884     2.6884     0.0000
  6   0     5.9945     6.0000     0.0055     3.7416     3.7416     0.0000
  7   0     5.7322     6.0000     0.2678     3.6791     3.6791     0.0000
  8   0     6.4614     6.0000    -0.4614     3.7035     3.7035    -0.0000
  9   0     6.0395     6.0000    -0.0395     3.8292     3.8292    -0.0000
 10   0     6.0233     6.0000    -0.0233     3.9091     3.9091     0.0000
 11   0     6.0491     6.0000    -0.0491     3.8386     3.8386     0.0000
 12   0     6.0142     6.0000    -0.0142     3.8443     3.8443    -0.0000
 13   0     6.0907     6.0000    -0.0907     3.9427     3.9427    -0.0000
 14   0     5.7844     6.0000     0.2156     3.8006     3.8006     0.0000
 15   0     7.6142     7.0000    -0.6142     2.8413     2.8413     0.0000
 16   0     5.8033     6.0000     0.1967     3.8473     3.8473     0.0000
 17   0     5.6935     6.0000     0.3065     3.6846     3.6846    -0.0000
 18   0     5.9682     6.0000     0.0318     3.8100     3.8100     0.0000
 19   0     5.9133     6.0000     0.0867     3.8087     3.8087     0.0000
 20   0     6.1146     6.0000    -0.1146     3.7333     3.7333    -0.0000
 21   0     6.1381     6.0000    -0.1381     3.6685     3.6685     0.0000
 22   0     5.5337     6.0000     0.4663     3.7509     3.7509    -0.0000
 23   0     8.4537     8.0000    -0.4537     1.9076     1.9076     0.0000
 24   0     0.9730     1.0000     0.0270     0.9812     0.9812     0.0000
 25   0     0.9747     1.0000     0.0253     0.9797     0.9797     0.0000
 26   0     0.9670     1.0000     0.0330     0.9789     0.9789     0.0000
 27   0     0.9818     1.0000     0.0182     0.9781     0.9781     0.0000
 28   0     0.9541     1.0000     0.0459     0.9713     0.9713     0.0000
 29   0     0.9569     1.0000     0.0431     0.9859     0.9859    -0.0000
 30   0     0.9876     1.0000     0.0124     0.9945     0.9945     0.0000
 31   0     0.8011     1.0000     0.1989     1.0105     1.0105     0.0000
 32   0     0.9522     1.0000     0.0478     0.9965     0.9965     0.0000
 33   0     0.9640     1.0000     0.0360     1.0000     1.0000     0.0000
 34   0     0.9500     1.0000     0.0500     0.9939     0.9939     0.0000
 35   0     0.9541     1.0000     0.0459     1.0141     1.0141     0.0000
 36   0     0.9674     1.0000     0.0326     0.9865     0.9865     0.0000
 37   0     0.9640     1.0000     0.0360     0.9858     0.9858     0.0000
 38   0     0.9761     1.0000     0.0239     0.9943     0.9943     0.0000
 39   0     0.9899     1.0000     0.0101     0.9850     0.9850     0.0000
 40   0     0.9681     1.0000     0.0319     0.9869     0.9869     0.0000
 41   0     0.9656     1.0000     0.0344     0.9861     0.9861     0.0000
 42   0     0.9550     1.0000     0.0450     0.9838     0.9838    -0.0000
 43   0     0.9540     1.0000     0.0460     0.9772     0.9772    -0.0000
 44   0     0.9644     1.0000     0.0356     0.9848     0.9848     0.0000
 45   0     0.9639     1.0000     0.0361     0.9840     0.9840     0.0000
 46   0     0.9687     1.0000     0.0313     0.9800     0.9800     0.0000
 47   0     0.9689     1.0000     0.0311     0.9917     0.9917     0.0000
 48   0     0.9861     1.0000     0.0139     0.9990     0.9990     0.0000
 49   0     0.8032     1.0000     0.1968     0.9912     0.9912     0.0000
      Bond orders larger than 0.1000000
           Atom A     A.N. of A          Atom B    A.N. of B              Bond order
                0             6               1            6                1.045761
                0             6              24            1                0.984117
                0             6              25            1                0.983380
                0             6              26            1                0.987410
                1             6               2            6                1.019108
                1             6              27            1                0.965997
                1             6              28            1                0.974203
                2             6               3            6                0.974815
                2             6              20            6                0.974555
                2             6              29            1                0.954017
                3             6               4            8                0.966018
                3             6               5            7                0.937316
                3             6              30            1                0.967408
                4             8              31            1                0.962625
                5             7               6            6                0.902739
                5             7              18            6                0.912172
                6             6               7            6                1.010338
                6             6              21            6                0.956044
                6             6              32            1                0.953876
                7             6               8            6                0.931647
                7             6              33            1                0.968914
                7             6              34            1                0.965418
                8             6               9            6                0.961850
                8             6              17            6                0.954500
                8             6              22            6                0.988752
                9             6              10            6                1.468795
                9             6              14            6                1.387326
               10             6              11            6                1.385742
               10             6              35            1                1.006292
               11             6              12            6                1.424109
               11             6              36            1                0.999811
               12             6              13            6                1.393574
               12             6              37            1                0.997746
               13             6              14            6                1.447225
               13             6              38            1                1.011091
               14             6              15            7                0.964229
               15             7              16            6                0.920367
               15             7              17            6                0.943844
               16             6              39            1                0.978519
               16             6              40            1                0.988035
               16             6              41            1                0.990368
               17             6              18            6                0.995090
               17             6              42            1                0.976512
               18             6              19            6                1.012184
               18             6              43            1                0.958672
               19             6              20            6                0.985482
               19             6              44            1                0.968420
               19             6              45            1                0.974960
               20             6              21            6                0.953710
               20             6              46            1                0.966766
               21             6              22            6                0.992382
               21             6              47            1                0.943965
               22             6              23            8                0.916973
               22             6              48            1                0.971857
               23             8              49            1                0.970369
# -----------------------------------------------------------
$ Calculation_Info
   description: Details of the calculation
   geom. index: 1
   prop. index: 1
     Multiplicity:                          1
     Charge:                                0
     number of atoms:                       50
     number of electrons:                   0
     number of frozen core electrons:       1
     number of correlated electrons:        0
     number of basis functions:             466
     number of aux C basis functions:       0
     number of aux J basis functions:       0
     number of aux JK basis functions:      0
     number of aux CABS basis functions:    0
     Total Energy                           -1030.321897
# -----------------------------------------------------------
$ SCF_Electric_Properties
   description: The SCF Calculated Electric Properties
   geom. index: 1
   prop. index: 1
       Filename                          : ./ZINC000000000014/ZINC000000000014.scfp 
       Do Dipole Moment Calculation      : true 
       Do Quadrupole Moment Calculation  : false 
       Do Polarizability Calculation     : false 
** Dipole moment part of electric properties **
        Magnitude of dipole moment (Debye) :        1.9502917205
        Electronic Contribution:
                  0    
      0      16.887692
      1       2.574826
      2       2.000949
        Nuclear Contribution:
                  0    
      0     -17.469758
      1      -2.198284
      2      -2.329805
        Total Dipole moment:
                  0    
      0      -0.582066
      1       0.376542
      2      -0.328855
# -------------------------------------------------------------
----------------------- !GEOMETRIES! ------------------------
# -------------------------------------------------------------
------------------------ !GEOMETRY! -------------------------
    Number of atoms:    50 
    Geometry Index:     1 
    Coordinates:
               0 C     -5.294770793622    0.493824400859   -0.147331294749
               1 C     -4.348978259950   -0.684239464855   -0.330743978882
               2 C     -2.996418171727   -0.495913371417    0.380933591666
               3 C     -2.125431944063   -1.778403651970    0.245735229292
               4 O     -2.388749758847   -2.648252075664    1.326091564151
               5 N     -0.687267031788   -1.449811762726    0.245267997590
               6 C     -0.443688793638   -0.457391418418    1.335730359806
               7 C      1.048189156985   -0.221973422989    1.464795809011
               8 C      1.288774866324    0.691086542109    0.262847431257
               9 C      2.740354241235    0.966543716615    0.071112547122
              10 C      3.568307013714    1.864707132246    0.722059700989
              11 C      4.934492585864    1.829752299110    0.436067250265
              12 C      5.452410527104    0.897396187911   -0.477248260747
              13 C      4.610217420195   -0.010148932513   -1.125901877667
              14 C      3.253140311080    0.035341720254   -0.854130788963
              15 N      2.250762545605   -0.787034302059   -1.459953963839
              16 C      2.406884770709   -2.200698186853   -1.144597593539
              17 C      1.016460855981   -0.052756564672   -1.072866436718
              18 C     -0.342162838479   -0.809654806183   -1.077246112226
              19 C     -1.461604115830    0.212180849807   -1.444874846777
              20 C     -2.128660883501    0.685068802343   -0.142682648632
              21 C     -1.032928089812    0.935211026087    0.936380573385
              22 C      0.203237235835    1.766162394842    0.474345508489
              23 O      0.560450091717    2.649327908614    1.541522853764
              24 H     -5.435460416154    0.724986050768    0.913183234113
              25 H     -4.924233340495    1.390126347506   -0.652378650458
              26 H     -6.274774372206    0.256940133891   -0.574195140997
              27 H     -4.209910819633   -0.866057124738   -1.401791805027
              28 H     -4.837057068817   -1.579905111535    0.073855105057
              29 H     -3.227195596176   -0.320898401749    1.442157796521
              30 H     -2.374238293020   -2.338332797852   -0.664339675725
              31 H     -1.551501281754   -3.134182200984    1.423715982136
              32 H     -0.842849568802   -0.816860534258    2.291490607072
              33 H      1.622257380346   -1.152119234706    1.464222352688
              34 H      1.284919111912    0.286090917880    2.408960639895
              35 H      3.174295143925    2.562945047203    1.453590590641
              36 H      5.606559723935    2.523800188026    0.934913461399
              37 H      6.519218815682    0.884234232249   -0.685447845861
              38 H      5.009337133421   -0.714874241770   -1.846485730058
              39 H      2.411560607712   -2.400919399784   -0.070080184506
              40 H      1.600248628393   -2.784263203371   -1.598480361764
              41 H      3.341175813613   -2.588164105609   -1.566562510225
              42 H      0.946144198985    0.710142496462   -1.866256737933
              43 H     -0.321175288068   -1.580176027994   -1.857060965701
              44 H     -1.079777080512    1.070354569738   -2.008249605447
              45 H     -2.194042602074   -0.262589987334   -2.107806897911
              46 H     -2.712179275613    1.594691508894   -0.307300075440
              47 H     -1.499602368842    1.393474882737    1.818032268507
              48 H      0.018326767306    2.382228358206   -0.410690222693
              49 H     -0.133066894152    3.329002617644    1.605167004806
