-------------------------------------------------------------
----------------------- !PROPERTIES! ------------------------
-------------------------------------------------------------
# -----------------------------------------------------------
$ PAL_Flags
   description: The PAL Flags
   geom. index: 1
   prop. index: 1
        Diskflag:     2
# -----------------------------------------------------------
$ SCF_Energy
   description: The SCF energy
   geom. index: 1
   prop. index: 1
        SCF Energy:     -935.4892577834
# -----------------------------------------------------------
$ Mayer_Pop
   description: The Mayer population analysis
   geom. index: 1
   prop. index: 1
     Number of atoms                     : 44
     Threshold for printing              : 0.1000000
     Number of bond orders printed       : 46
  NA   - Mulliken gross atomic population
  ZA   - Total nuclear charge
  QA   - Mulliken gross atomic charge
  VA   - Mayer's total valence
  BVA  - Mayer's bonded valence
  FA   - Mayer's free valence
  ATOM       NA         ZA         QA         VA         BVA        FA
  0   0     5.8262     6.0000     0.1738     3.8734     3.8734    -0.0000
  1   0     7.5854     7.0000    -0.5854     2.6933     2.6933     0.0000
  2   0     6.0786     6.0000    -0.0786     3.8078     3.8078     0.0000
  3   0     5.9874     6.0000     0.0126     3.8651     3.8651    -0.0000
  4   0     5.9847     6.0000     0.0153     3.8691     3.8691     0.0000
  5   0     6.0698     6.0000    -0.0698     3.8195     3.8195     0.0000
  6   0     5.8872     6.0000     0.1128     3.8376     3.8376     0.0000
  7   0     5.8606     6.0000     0.1394     3.8313     3.8313    -0.0000
  8   0     8.5550     8.0000    -0.5550     1.8859     1.8859    -0.0000
  9   0     5.4489     6.0000     0.5511     3.9193     3.9193    -0.0000
 10   0     8.4336     8.0000    -0.4336     2.0093     2.0093     0.0000
 11   0     6.1009     6.0000    -0.1009     3.7418     3.7418    -0.0000
 12   0     5.6274     6.0000     0.3726     3.8551     3.8551    -0.0000
 13   0     8.4706     8.0000    -0.4706     1.9159     1.9159     0.0000
 14   0     6.1451     6.0000    -0.1451     3.8682     3.8682    -0.0000
 15   0     6.0017     6.0000    -0.0017     3.9329     3.9329    -0.0000
 16   0     6.0395     6.0000    -0.0395     3.8888     3.8888    -0.0000
 17   0     6.0360     6.0000    -0.0360     3.8623     3.8623    -0.0000
 18   0     6.0329     6.0000    -0.0329     3.8901     3.8901    -0.0000
 19   0     6.0253     6.0000    -0.0253     3.8777     3.8777    -0.0000
 20   0     5.8446     6.0000     0.1554     3.8170     3.8170     0.0000
 21   0     1.0001     1.0000    -0.0001     0.9765     0.9765    -0.0000
 22   0     0.9698     1.0000     0.0302     0.9857     0.9857    -0.0000
 23   0     0.9695     1.0000     0.0305     0.9858     0.9858    -0.0000
 24   0     0.9626     1.0000     0.0374     0.9820     0.9820     0.0000
 25   0     0.9635     1.0000     0.0365     0.9726     0.9726    -0.0000
 26   0     0.9647     1.0000     0.0353     0.9822     0.9822    -0.0000
 27   0     0.9636     1.0000     0.0364     0.9727     0.9727    -0.0000
 28   0     0.9577     1.0000     0.0423     0.9818     0.9818     0.0000
 29   0     0.9636     1.0000     0.0364     0.9823     0.9823    -0.0000
 30   0     0.9519     1.0000     0.0481     0.9880     0.9880     0.0000
 31   0     0.9610     1.0000     0.0390     0.9922     0.9922    -0.0000
 32   0     0.9485     1.0000     0.0515     0.9923     0.9923    -0.0000
 33   0     0.9214     1.0000     0.0786     0.9966     0.9966    -0.0000
 34   0     0.9753     1.0000     0.0247     0.9870     0.9870    -0.0000
 35   0     0.9742     1.0000     0.0258     0.9908     0.9908    -0.0000
 36   0     0.8017     1.0000     0.1983     0.9898     0.9898     0.0000
 37   0     0.9595     1.0000     0.0405     0.9950     0.9950    -0.0000
 38   0     0.9588     1.0000     0.0412     0.9857     0.9857     0.0000
 39   0     0.9595     1.0000     0.0405     0.9855     0.9855     0.0000
 40   0     0.9595     1.0000     0.0405     0.9861     0.9861    -0.0000
 41   0     0.9481     1.0000     0.0519     1.0049     1.0049    -0.0000
 42   0     0.9689     1.0000     0.0311     0.9769     0.9769     0.0000
 43   0     0.9551     1.0000     0.0449     0.9939     0.9939     0.0000
      Bond orders larger than 0.1000000
           Atom A     A.N. of A          Atom B    A.N. of B              Bond order
                0             6               1            7                0.947575
                0             6              21            1                0.976912
                0             6              22            1                0.991949
                0             6              23            1                0.992012
                1             7               2            6                0.913417
                1             7               5            6                0.914650
                2             6               3            6                0.976799
                2             6              20            6                0.996696
                2             6              24            1                0.975283
                3             6               4            6                1.036019
                3             6              25            1                0.968440
                3             6              26            1                0.975135
                4             6               5            6                0.983147
                4             6              27            1                0.969367
                4             6              28            1                0.974342
                5             6               6            6                1.002423
                5             6              29            1                0.974473
                6             6               7            6                1.031814
                6             6              30            1                0.969536
                6             6              31            1                0.959219
                7             6               8            8                0.778734
                7             6              20            6                1.015907
                7             6              32            1                0.963640
                8             8               9            6                1.094061
                9             6              10            8                1.911739
                9             6              11            6                0.931520
               11             6              12            6                1.007543
               11             6              14            6                0.988728
               11             6              33            1                0.954696
               12             6              13            8                0.949269
               12             6              34            1                0.964794
               12             6              35            1                0.985285
               13             8              36            1                0.969917
               14             6              15            6                1.442478
               14             6              19            6                1.400275
               15             6              16            6                1.426882
               15             6              37            1                0.998324
               16             6              17            6                1.414626
               16             6              38            1                0.999105
               17             6              18            6                1.411723
               17             6              39            1                0.999870
               18             6              19            6                1.431391
               18             6              40            1                0.999927
               19             6              41            1                0.994153
               20             6              42            1                0.974622
               20             6              43            1                0.962683
# -----------------------------------------------------------
$ Calculation_Info
   description: Details of the calculation
   geom. index: 1
   prop. index: 1
     Multiplicity:                          1
     Charge:                                0
     number of atoms:                       44
     number of electrons:                   0
     number of frozen core electrons:       1
     number of correlated electrons:        0
     number of basis functions:             409
     number of aux C basis functions:       0
     number of aux J basis functions:       0
     number of aux JK basis functions:      0
     number of aux CABS basis functions:    0
     Total Energy                           -935.489258
# -----------------------------------------------------------
$ SCF_Electric_Properties
   description: The SCF Calculated Electric Properties
   geom. index: 1
   prop. index: 1
       Filename                          : ./ZINC000000000056/ZINC000000000056.scfp 
       Do Dipole Moment Calculation      : true 
       Do Quadrupole Moment Calculation  : false 
       Do Polarizability Calculation     : false 
** Dipole moment part of electric properties **
        Magnitude of dipole moment (Debye) :        1.3102076183
        Electronic Contribution:
                  0    
      0     -18.189222
      1      -1.837876
      2       4.131199
        Nuclear Contribution:
                  0    
      0      18.560965
      1       1.756260
      2      -4.478834
        Total Dipole moment:
                  0    
      0       0.371743
      1      -0.081616
      2      -0.347635
# -------------------------------------------------------------
----------------------- !GEOMETRIES! ------------------------
# -------------------------------------------------------------
------------------------ !GEOMETRY! -------------------------
    Number of atoms:    44 
    Geometry Index:     1 
    Coordinates:
               0 C      5.091894379909    1.432431171212    0.061961096334
               1 N      3.683727114262    1.051967237838    0.150800405331
               2 C      2.956609215582    1.250989900539   -1.115959393239
               3 C      3.334872804636    0.034690490127   -1.968449024192
               4 C      3.691555192941   -1.053503497959   -0.952084068858
               5 C      3.495892826639   -0.386158281562    0.413907721330
               6 C      2.055335410988   -0.542986297757    0.932989336217
               7 C      1.013924773884   -0.046922019710   -0.083454326978
               8 O     -0.252945276538    0.189971002451    0.559505419717
               9 C     -1.023588529203   -0.908404603720    0.803572998598
              10 O     -0.711614455048   -2.059819198669    0.522300592696
              11 C     -2.334843140902   -0.499681404653    1.450832874549
              12 C     -2.864880982204   -1.658385818650    2.305606822981
              13 O     -3.746286217749   -1.162439438925    3.316060688107
              14 C     -3.359133160272   -0.030774557400    0.427427016360
              15 C     -4.071521515560    1.157281521219    0.650693134424
              16 C     -5.020169537936    1.602620114757   -0.271413557788
              17 C     -5.272760933794    0.864460005634   -1.425288061122
              18 C     -4.580660640113   -0.322148125354   -1.656098835210
              19 C     -3.631916090266   -0.770389375527   -0.735000780289
              20 C      1.461115831294    1.261684768046   -0.753176489962
              21 H      5.649564213078    0.893358468906   -0.710684135347
              22 H      5.177989425711    2.504957522554   -0.144402678608
              23 H      5.588672278417    1.256907453407    1.022534282923
              24 H      3.211042933964    2.195661737506   -1.609464114338
              25 H      4.211496385281    0.255275424144   -2.589150729036
              26 H      2.528680822474   -0.280622503909   -2.638845847556
              27 H      4.737404218980   -1.352580756599   -1.090038796923
              28 H      3.074134655756   -1.948825163953   -1.078708279192
              29 H      4.190536708767   -0.775753046304    1.166504599447
              30 H      1.860691941974   -1.594892231535    1.174834230070
              31 H      1.937546899343    0.003764341866    1.878569515768
              32 H      0.875890677435   -0.798361614957   -0.871954567652
              33 H     -2.102393007054    0.331711371678    2.131467942357
              34 H     -3.404924854334   -2.399798542126    1.706137554989
              35 H     -2.046818829138   -2.170733046899    2.824140951306
              36 H     -4.139211866026   -1.937423099814    3.754088310376
              37 H     -3.896431882864    1.741513963268    1.552106014445
              38 H     -5.564658389489    2.524654883794   -0.085378243351
              39 H     -6.012314204439    1.211632336832   -2.141747034888
              40 H     -4.781286308839   -0.901520489956   -2.553507390417
              41 H     -3.110185905128   -1.704421988239   -0.936166124446
              42 H      0.854035449825    1.430527123354   -1.651531084391
              43 H      1.245931565757    2.110484265046   -0.089467217338
