-------------------------------------------------------------
----------------------- !PROPERTIES! ------------------------
-------------------------------------------------------------
# -----------------------------------------------------------
$ PAL_Flags
   description: The PAL Flags
   geom. index: 1
   prop. index: 1
        Diskflag:     2
# -----------------------------------------------------------
$ SCF_Energy
   description: The SCF energy
   geom. index: 1
   prop. index: 1
        SCF Energy:    -1083.5715784385
# -----------------------------------------------------------
$ Mayer_Pop
   description: The Mayer population analysis
   geom. index: 1
   prop. index: 1
     Number of atoms                     : 43
     Threshold for printing              : 0.1000000
     Number of bond orders printed       : 47
  NA   - Mulliken gross atomic population
  ZA   - Total nuclear charge
  QA   - Mulliken gross atomic charge
  VA   - Mayer's total valence
  BVA  - Mayer's bonded valence
  FA   - Mayer's free valence
  ATOM       NA         ZA         QA         VA         BVA        FA
  0   0     5.7672     6.0000     0.2328     3.8270     3.8270     0.0000
  1   0     8.6022     8.0000    -0.6022     1.8532     1.8532     0.0000
  2   0     5.7238     6.0000     0.2762     3.6685     3.6685    -0.0000
  3   0     6.1006     6.0000    -0.1006     3.8608     3.8608     0.0000
  4   0     6.0489     6.0000    -0.0489     3.9266     3.9266    -0.0000
  5   0     6.1875     6.0000    -0.1875     3.9428     3.9428    -0.0000
  6   0     6.0045     6.0000    -0.0045     3.8312     3.8312     0.0000
  7   0     5.7738     6.0000     0.2262     4.0192     4.0192     0.0000
  8   0     8.3793     8.0000    -0.3793     2.0726     2.0726     0.0000
  9   0     6.0163     6.0000    -0.0163     3.9718     3.9718     0.0000
 10   0     5.7811     6.0000     0.2189     3.8599     3.8599     0.0000
 11   0     5.7494     6.0000     0.2506     3.7753     3.7753    -0.0000
 12   0     6.0787     6.0000    -0.0787     3.9790     3.9790     0.0000
 13   0     6.1564     6.0000    -0.1564     3.9000     3.9000    -0.0000
 14   0     6.1496     6.0000    -0.1496     3.8719     3.8719    -0.0000
 15   0     5.8205     6.0000     0.1795     3.8959     3.8959    -0.0000
 16   0     5.8211     6.0000     0.1789     3.8904     3.8904     0.0000
 17   0     7.6536     7.0000    -0.6536     2.7905     2.7905    -0.0000
 18   0     5.8388     6.0000     0.1612     3.8638     3.8638    -0.0000
 19   0     5.7740     6.0000     0.2260     3.8635     3.8635    -0.0000
 20   0     5.9443     6.0000     0.0557     3.9812     3.9812    -0.0000
 21   0     8.5307     8.0000    -0.5307     1.9184     1.9184    -0.0000
 22   0     5.4445     6.0000     0.5555     3.7480     3.7480    -0.0000
 23   0     8.5258     8.0000    -0.5258     1.9260     1.9260     0.0000
 24   0     0.9479     1.0000     0.0521     0.9868     0.9868    -0.0000
 25   0     0.9613     1.0000     0.0387     0.9808     0.9808     0.0000
 26   0     0.9608     1.0000     0.0392     0.9810     0.9810     0.0000
 27   0     0.9667     1.0000     0.0333     0.9956     0.9956     0.0000
 28   0     0.9739     1.0000     0.0261     0.9952     0.9952    -0.0000
 29   0     0.7768     1.0000     0.2232     1.0021     1.0021     0.0000
 30   0     0.9700     1.0000     0.0300     1.0023     1.0023     0.0000
 31   0     0.9594     1.0000     0.0406     0.9678     0.9678     0.0000
 32   0     0.9425     1.0000     0.0575     0.9745     0.9745     0.0000
 33   0     0.9543     1.0000     0.0457     0.9895     0.9895    -0.0000
 34   0     0.9709     1.0000     0.0291     0.9862     0.9862    -0.0000
 35   0     0.9804     1.0000     0.0196     0.9823     0.9823    -0.0000
 36   0     0.9709     1.0000     0.0291     0.9815     0.9815    -0.0000
 37   0     0.9720     1.0000     0.0280     0.9760     0.9760     0.0000
 38   0     0.9823     1.0000     0.0177     0.9783     0.9783     0.0000
 39   0     0.9607     1.0000     0.0393     0.9824     0.9824    -0.0000
 40   0     0.9517     1.0000     0.0483     0.9706     0.9706    -0.0000
 41   0     0.9628     1.0000     0.0372     0.9846     0.9846     0.0000
 42   0     0.9619     1.0000     0.0381     0.9832     0.9832     0.0000
      Bond orders larger than 0.1000000
           Atom A     A.N. of A          Atom B    A.N. of B              Bond order
                0             6               1            8                0.857234
                0             6              24            1                0.993045
                0             6              25            1                0.985753
                0             6              26            1                0.985551
                1             8               2            6                0.936288
                2             6               3            6                1.384680
                2             6               7            6                1.346277
                3             6               4            6                1.373841
                3             6              27            1                1.009499
                4             6               5            6                1.473143
                4             6              28            1                1.006222
                5             6               6            6                1.388721
                5             6              16            6                0.986849
                6             6               7            6                1.427996
                6             6               9            6                0.969655
                7             6               8            8                1.138467
                8             8              29            1                0.938606
                9             6              10            6                1.435384
                9             6              14            6                1.438273
               10             6              11            6                1.359583
               10             6              23            8                0.962126
               11             6              12            6                1.417565
               11             6              21            8                0.949246
               12             6              13            6                1.422672
               12             6              30            1                1.019263
               13             6              14            6                1.459316
               13             6              20            6                0.986819
               14             6              15            6                0.924228
               15             6              16            6                1.055829
               15             6              17            7                0.957672
               15             6              31            1                0.965034
               16             6              32            1                0.951354
               16             6              33            1                0.972180
               17             7              18            6                0.935487
               17             7              19            6                0.910804
               18             6              34            1                0.989638
               18             6              35            1                0.978938
               18             6              36            1                0.990760
               19             6              20            6                1.079444
               19             6              37            1                0.974215
               19             6              38            1                0.966646
               20             6              39            1                0.968494
               20             6              40            1                0.945722
               21             8              22            6                0.896697
               22             6              23            8                0.912374
               22             6              41            1                0.983975
               22             6              42            1                0.981823
# -----------------------------------------------------------
$ Calculation_Info
   description: Details of the calculation
   geom. index: 1
   prop. index: 1
     Multiplicity:                          1
     Charge:                                0
     number of atoms:                       43
     number of electrons:                   0
     number of frozen core electrons:       1
     number of correlated electrons:        0
     number of basis functions:             431
     number of aux C basis functions:       0
     number of aux J basis functions:       0
     number of aux JK basis functions:      0
     number of aux CABS basis functions:    0
     Total Energy                           -1083.571578
# -----------------------------------------------------------
$ SCF_Electric_Properties
   description: The SCF Calculated Electric Properties
   geom. index: 1
   prop. index: 1
       Filename                          : ./ZINC000000000103/ZINC000000000103.scfp 
       Do Dipole Moment Calculation      : true 
       Do Quadrupole Moment Calculation  : false 
       Do Polarizability Calculation     : false 
** Dipole moment part of electric properties **
        Magnitude of dipole moment (Debye) :        2.9983008930
        Electronic Contribution:
                  0    
      0       7.779847
      1      13.644422
      2      -2.140474
        Nuclear Contribution:
                  0    
      0      -7.096008
      1     -14.581307
      2       1.925851
        Total Dipole moment:
                  0    
      0       0.683839
      1      -0.936885
      2      -0.214624
# -------------------------------------------------------------
----------------------- !GEOMETRIES! ------------------------
# -------------------------------------------------------------
------------------------ !GEOMETRY! -------------------------
    Number of atoms:    43 
    Geometry Index:     1 
    Coordinates:
               0 C      4.469512477450   -2.625168501132   -2.287885363222
               1 O      3.609866385066   -1.498829466576   -2.156987408911
               2 C      2.732017647836   -1.511255090064   -1.098870536990
               3 C      2.586222844599   -2.541935255936   -0.179948359977
               4 C      1.609762351489   -2.443087777408    0.807416262607
               5 C      0.791325221818   -1.302560735766    0.901716768512
               6 C      0.975260848848   -0.193340655214    0.041731148809
               7 C      1.916679396456   -0.364666251724   -0.992570162010
               8 O      2.027937427700    0.558260707263   -2.007007716312
               9 C      0.105866961965    0.999488997504    0.212875000116
              10 C      0.373287830641    2.296713861047   -0.215112792501
              11 C     -0.579185919273    3.305101768622   -0.177426233547
              12 C     -1.862506821717    3.104519023748    0.284004049597
              13 C     -2.151639033487    1.845310707736    0.792483854305
              14 C     -1.142995451979    0.847655533172    0.846006850995
              15 C     -1.494181304322   -0.385267824473    1.652725590036
              16 C     -0.268926493353   -1.268620402122    1.976008556951
              17 N     -2.731350536471   -1.033882064759    1.163830996496
              18 C     -2.505640761288   -1.916700257179    0.019973587466
              19 C     -3.791548693701   -0.032869528895    0.851827638954
              20 C     -3.516463311925    1.432789486482    1.286560011936
              21 O     -0.112858053887    4.494330162273   -0.651961410718
              22 C      1.233451671462    4.132904036711   -1.005272456115
              23 O      1.568912188633    2.780499015338   -0.664490457474
              24 H      5.111187017988   -2.455479190209   -3.157862732096
              25 H      3.895768065111   -3.539596572020   -2.471004172889
              26 H      5.117802660678   -2.731532236618   -1.411849168505
              27 H      3.189230003137   -3.441966701990   -0.217306997758
              28 H      1.477661275668   -3.267935526347    1.505272864294
              29 H      2.752003165769    0.232709626192   -2.573710073788
              30 H     -2.596776383510    3.900300018878    0.256442398657
              31 H     -1.773961986950   -0.016383009404    2.652887923188
              32 H      0.220374521521   -0.871760154482    2.877474200350
              33 H     -0.599268013642   -2.281525340627    2.238398072729
              34 H     -1.836470814407   -2.742557938978    0.280342502198
              35 H     -2.086229833318   -1.386584909245   -0.842300073904
              36 H     -3.448301863367   -2.381690423394   -0.291469758302
              37 H     -4.724842560340   -0.370628076233    1.317337903961
              38 H     -3.979784970244   -0.012495701230   -0.231421623420
              39 H     -4.290326242668    2.082443293041    0.861952411138
              40 H     -3.557153778691    1.530142381305    2.377667486958
              41 H      1.923449351235    4.806712318084   -0.484948005400
              42 H      1.362833513519    4.268438654643   -2.085530576424
