-------------------------------------------------------------
----------------------- !PROPERTIES! ------------------------
-------------------------------------------------------------
# -----------------------------------------------------------
$ PAL_Flags
   description: The PAL Flags
   geom. index: 1
   prop. index: 1
        Diskflag:     2
# -----------------------------------------------------------
$ SCF_Energy
   description: The SCF energy
   geom. index: 1
   prop. index: 1
        SCF Energy:     -981.1812526885
# -----------------------------------------------------------
$ Mayer_Pop
   description: The Mayer population analysis
   geom. index: 1
   prop. index: 1
     Number of atoms                     : 58
     Threshold for printing              : 0.1000000
     Number of bond orders printed       : 61
  NA   - Mulliken gross atomic population
  ZA   - Total nuclear charge
  QA   - Mulliken gross atomic charge
  VA   - Mayer's total valence
  BVA  - Mayer's bonded valence
  FA   - Mayer's free valence
  ATOM       NA         ZA         QA         VA         BVA        FA
  0   0     6.0472     6.0000    -0.0472     3.9336     3.9336     0.0000
  1   0     6.0214     6.0000    -0.0214     3.9337     3.9337     0.0000
  2   0     5.9793     6.0000     0.0207     3.8548     3.8548     0.0000
  3   0     6.2345     6.0000    -0.2345     3.8603     3.8603    -0.0000
  4   0     5.4603     6.0000     0.5397     3.6138     3.6138     0.0000
  5   0     6.1353     6.0000    -0.1353     3.8405     3.8405     0.0000
  6   0     6.0326     6.0000    -0.0326     3.8667     3.8667    -0.0000
  7   0     6.0136     6.0000    -0.0136     3.9429     3.9429     0.0000
  8   0     6.0479     6.0000    -0.0479     3.9354     3.9354     0.0000
  9   0     6.0059     6.0000    -0.0059     3.9448     3.9448     0.0000
 10   0     6.0404     6.0000    -0.0404     3.9048     3.9048     0.0000
 11   0     8.6106     8.0000    -0.6106     1.7972     1.7972    -0.0000
 12   0     5.6523     6.0000     0.3477     3.8200     3.8200     0.0000
 13   0     5.8577     6.0000     0.1423     3.8541     3.8541     0.0000
 14   0     5.8415     6.0000     0.1585     3.8522     3.8522     0.0000
 15   0     6.0659     6.0000    -0.0659     3.9688     3.9688     0.0000
 16   0     6.0477     6.0000    -0.0477     3.9106     3.9106     0.0000
 17   0     6.0847     6.0000    -0.0847     3.9337     3.9337     0.0000
 18   0     5.8134     6.0000     0.1866     3.9524     3.9524     0.0000
 19   0     7.5181     7.0000    -0.5181     2.8660     2.8660     0.0000
 20   0     8.6114     8.0000    -0.6114     1.7607     1.7607     0.0000
 21   0     6.0054     6.0000    -0.0054     3.8963     3.8963    -0.0000
 22   0     6.0113     6.0000    -0.0113     3.9403     3.9403     0.0000
 23   0     0.9721     1.0000     0.0279     0.9709     0.9709    -0.0000
 24   0     0.9820     1.0000     0.0180     0.9729     0.9729     0.0000
 25   0     0.9844     1.0000     0.0156     0.9716     0.9716    -0.0000
 26   0     0.9700     1.0000     0.0300     0.9714     0.9714     0.0000
 27   0     0.9674     1.0000     0.0326     0.9918     0.9918     0.0000
 28   0     0.9643     1.0000     0.0357     0.9847     0.9847     0.0000
 29   0     0.9716     1.0000     0.0284     0.9730     0.9730     0.0000
 30   0     0.9699     1.0000     0.0301     0.9728     0.9728    -0.0000
 31   0     0.9602     1.0000     0.0398     0.9640     0.9640    -0.0000
 32   0     0.9559     1.0000     0.0441     0.9784     0.9784    -0.0000
 33   0     0.9711     1.0000     0.0289     0.9719     0.9719     0.0000
 34   0     0.9828     1.0000     0.0172     0.9715     0.9715     0.0000
 35   0     0.9724     1.0000     0.0276     0.9710     0.9710    -0.0000
 36   0     0.9789     1.0000     0.0211     0.9728     0.9728    -0.0000
 37   0     0.9735     1.0000     0.0265     0.9721     0.9721     0.0000
 38   0     0.9802     1.0000     0.0198     0.9725     0.9725     0.0000
 39   0     0.9599     1.0000     0.0401     0.9818     0.9818     0.0000
 40   0     0.9667     1.0000     0.0333     0.9688     0.9688     0.0000
 41   0     0.9820     1.0000     0.0180     0.9961     0.9961    -0.0000
 42   0     0.9578     1.0000     0.0422     0.9864     0.9864     0.0000
 43   0     0.9729     1.0000     0.0271     0.9736     0.9736     0.0000
 44   0     0.9657     1.0000     0.0343     0.9730     0.9730     0.0000
 45   0     0.9638     1.0000     0.0362     0.9796     0.9796     0.0000
 46   0     0.9588     1.0000     0.0412     0.9673     0.9673    -0.0000
 47   0     0.9641     1.0000     0.0359     0.9695     0.9695     0.0000
 48   0     0.9721     1.0000     0.0279     0.9738     0.9738     0.0000
 49   0     0.9710     1.0000     0.0290     0.9721     0.9721     0.0000
 50   0     0.9755     1.0000     0.0245     0.9780     0.9780    -0.0000
 51   0     0.9686     1.0000     0.0314     0.9789     0.9789     0.0000
 52   0     0.9794     1.0000     0.0206     0.9714     0.9714     0.0000
 53   0     0.8485     1.0000     0.1515     0.9732     0.9732     0.0000
 54   0     0.9948     1.0000     0.0052     0.9763     0.9763    -0.0000
 55   0     0.9508     1.0000     0.0492     0.9813     0.9813    -0.0000
 56   0     0.9796     1.0000     0.0204     0.9732     0.9732     0.0000
 57   0     0.9726     1.0000     0.0274     0.9718     0.9718    -0.0000
      Bond orders larger than 0.1000000
           Atom A     A.N. of A          Atom B    A.N. of B              Bond order
                0             6               1            6                1.028152
                0             6              22            6                1.025944
                0             6              23            1                0.976470
                0             6              24            1                0.970464
                1             6               2            6                1.035133
                1             6              25            1                0.967516
                1             6              26            1                0.976251
                2             6               3            6                0.982502
                2             6              27            1                0.963010
                2             6              28            1                0.974578
                3             6               4            6                0.968873
                3             6              21            6                1.020095
                3             6              29            1                0.959734
                4             6               5            6                0.996236
                4             6              11            8                0.907605
                4             6              20            8                0.887623
                5             6               6            6                0.990567
                5             6              10            6                1.007222
                5             6              30            1                0.951235
                6             6               7            6                1.039713
                6             6              31            1                0.967145
                6             6              32            1                0.964093
                7             6               8            6                1.031799
                7             6              33            1                0.976161
                7             6              34            1                0.967876
                8             6               9            6                1.026858
                8             6              35            1                0.976629
                8             6              36            1                0.969918
                9             6              10            6                1.043318
                9             6              37            1                0.976227
                9             6              38            1                0.969430
               10             6              39            1                0.971006
               10             6              40            1                0.959453
               11             8              12            6                0.854378
               12             6              13            6                1.035871
               12             6              41            1                0.974229
               12             6              42            1                0.965211
               13             6              14            6                1.010824
               13             6              20            8                0.861353
               13             6              43            1                0.951533
               14             6              15            6                1.034358
               14             6              19            7                0.942758
               14             6              44            1                0.953167
               15             6              16            6                1.034095
               15             6              45            1                0.973389
               15             6              46            1                0.961578
               16             6              17            6                0.999327
               16             6              47            1                0.973306
               16             6              48            1                0.975831
               17             6              18            6                1.051885
               17             6              49            1                0.973942
               17             6              50            1                0.968559
               18             6              19            7                0.970148
               18             6              51            1                0.984638
               18             6              52            1                0.969541
               19             7              53            1                0.946131
               21             6              22            6                1.043707
               21             6              54            1                0.960182
               21             6              55            1                0.965619
               22             6              56            1                0.969101
               22             6              57            1                0.976091
# -----------------------------------------------------------
$ Calculation_Info
   description: Details of the calculation
   geom. index: 1
   prop. index: 1
     Multiplicity:                          1
     Charge:                                0
     number of atoms:                       58
     number of electrons:                   0
     number of frozen core electrons:       1
     number of correlated electrons:        0
     number of basis functions:             497
     number of aux C basis functions:       0
     number of aux J basis functions:       0
     number of aux JK basis functions:      0
     number of aux CABS basis functions:    0
     Total Energy                           -981.181253
# -----------------------------------------------------------
$ SCF_Electric_Properties
   description: The SCF Calculated Electric Properties
   geom. index: 1
   prop. index: 1
       Filename                          : ./ZINC000000000210/ZINC000000000210.scfp 
       Do Dipole Moment Calculation      : true 
       Do Quadrupole Moment Calculation  : false 
       Do Polarizability Calculation     : false 
** Dipole moment part of electric properties **
        Magnitude of dipole moment (Debye) :        1.7927654190
        Electronic Contribution:
                  0    
      0       2.129450
      1      -2.682759
      2       1.005393
        Nuclear Contribution:
                  0    
      0      -1.514120
      1       2.542698
      2      -0.690402
        Total Dipole moment:
                  0    
      0       0.615330
      1      -0.140061
      2       0.314992
# -------------------------------------------------------------
----------------------- !GEOMETRIES! ------------------------
# -------------------------------------------------------------
------------------------ !GEOMETRY! -------------------------
    Number of atoms:    58 
    Geometry Index:     1 
    Coordinates:
               0 C     -0.987036031917    4.184954262912   -0.520647492913
               1 C     -1.885684261285    3.178590881476   -1.228865232695
               2 C     -1.340840645500    1.756733693281   -1.102871658890
               3 C     -1.161413236689    1.339059947038    0.375727210834
               4 C     -0.719188151442   -0.162084701350    0.552231737008
               5 C     -1.950545398822   -1.112110775846    0.778844741172
               6 C     -3.002572007375   -1.070293624042   -0.344853189350
               7 C     -4.186262323467   -2.001000578069   -0.076695615066
               8 C     -3.744038893387   -3.432191655823    0.192388072638
               9 C     -2.718781395834   -3.486101117347    1.316426430932
              10 C     -1.526204602795   -2.580005839749    1.019710264675
              11 O      0.111489720000   -0.295760166314    1.725937933424
              12 C      1.442820568271   -0.482655652963    1.241884354064
              13 C      1.262975150192   -1.139743939733   -0.102317785270
              14 C      2.403625433702   -0.975065427212   -1.139737588436
              15 C      3.713221811424   -1.648515622036   -0.695179084969
              16 C      4.581094608445   -0.784704526056    0.217225000995
              17 C      4.574540941509    0.691344806020   -0.175325703929
              18 C      3.938779539292    0.927608573899   -1.538209304269
              19 N      2.580847396147    0.411479087266   -1.608518460251
              20 O      0.036155714534   -0.577521093407   -0.596314096752
              21 C     -0.218895356737    2.360938949059    1.052021959299
              22 C     -0.746714099631    3.791329692295    0.931434992199
              23 H     -1.439876648047    5.181763909882   -0.564589107938
              24 H     -0.025453047420    4.247372163632   -1.045005314326
              25 H     -2.895966311786    3.222581108963   -0.804040856032
              26 H     -1.972114919432    3.446797472897   -2.287925830743
              27 H     -0.376428935880    1.707664645090   -1.623937668121
              28 H     -2.011962290890    1.078331421098   -1.634609437046
              29 H     -2.127158184514    1.454662977727    0.887913237825
              30 H     -2.439960201771   -0.778339181018    1.706046536203
              31 H     -3.409497006365   -0.060049662705   -0.447485510719
              32 H     -2.539198131504   -1.339963549038   -1.301606185453
              33 H     -4.868946624331   -1.981662759412   -0.933882186561
              34 H     -4.750829570684   -1.626972541082    0.786587406967
              35 H     -4.613334422627   -4.045968125514    0.453583726103
              36 H     -3.312014451409   -3.860324941783   -0.720433089325
              37 H     -2.373023377006   -4.517522613655    1.449057140527
              38 H     -3.186947425025   -3.181089723929    2.260241888784
              39 H     -0.824759732205   -2.644386499788    1.858894157459
              40 H     -1.012376027160   -2.970249005764    0.133606687442
              41 H      1.922506022225    0.495529091793    1.182595092387
              42 H      2.003513659259   -1.102396596740    1.946444417559
              43 H      1.085334619458   -2.211694682193    0.041132137728
              44 H      2.058116298241   -1.520839948851   -2.028491455855
              45 H      3.511639420463   -2.612020739775   -0.212083336625
              46 H      4.299555697181   -1.884262085934   -1.594323767918
              47 H      5.608817243287   -1.167527058061    0.189824687318
              48 H      4.259107748829   -0.883979958202    1.259490667795
              49 H      5.601186027369    1.076238218352   -0.173451007754
              50 H      4.035845186657    1.269125152252    0.585597506250
              51 H      3.922712557829    2.001606765652   -1.754788668056
              52 H      4.548823394560    0.467838495187   -2.325148405800
              53 H      1.909237425430    1.030319220699   -1.156497599966
              54 H      0.775438622152    2.315719730722    0.593855319795
              55 H     -0.104166305231    2.130550781832    2.117170983079
              56 H     -1.683319673389    3.882759109034    1.495171121498
              57 H     -0.031875114898    4.486104235333    1.386789229068
