-------------------------------------------------------------
----------------------- !PROPERTIES! ------------------------
-------------------------------------------------------------
# -----------------------------------------------------------
$ PAL_Flags
   description: The PAL Flags
   geom. index: 1
   prop. index: 1
        Diskflag:     2
# -----------------------------------------------------------
$ SCF_Energy
   description: The SCF energy
   geom. index: 1
   prop. index: 1
        SCF Energy:    -1027.4363409408
# -----------------------------------------------------------
$ Mayer_Pop
   description: The Mayer population analysis
   geom. index: 1
   prop. index: 1
     Number of atoms                     : 46
     Threshold for printing              : 0.1000000
     Number of bond orders printed       : 46
  NA   - Mulliken gross atomic population
  ZA   - Total nuclear charge
  QA   - Mulliken gross atomic charge
  VA   - Mayer's total valence
  BVA  - Mayer's bonded valence
  FA   - Mayer's free valence
  ATOM       NA         ZA         QA         VA         BVA        FA
  0   0     6.0517     6.0000    -0.0517     3.8712     3.8712    -0.0000
  1   0     5.6265     6.0000     0.3735     4.0477     4.0477     0.0000
  2   0     8.4332     8.0000    -0.4332     2.0373     2.0373    -0.0000
  3   0     7.3939     7.0000    -0.3939     2.9882     2.9882    -0.0000
  4   0     5.8225     6.0000     0.1775     3.8185     3.8185    -0.0000
  5   0     6.0265     6.0000    -0.0265     3.8778     3.8778    -0.0000
  6   0     6.1414     6.0000    -0.1414     3.9174     3.9174     0.0000
  7   0     5.6266     6.0000     0.3734     3.7949     3.7949     0.0000
  8   0     8.6023     8.0000    -0.6023     1.8626     1.8626    -0.0000
  9   0     5.7402     6.0000     0.2598     3.7416     3.7416    -0.0000
 10   0     5.8185     6.0000     0.1815     3.8510     3.8510     0.0000
 11   0     8.4715     8.0000    -0.4715     1.9086     1.9086     0.0000
 12   0     5.8378     6.0000     0.1622     3.8711     3.8711    -0.0000
 13   0     7.4728     7.0000    -0.4728     2.8499     2.8499    -0.0000
 14   0     6.0294     6.0000    -0.0294     3.9660     3.9660    -0.0000
 15   0     6.0037     6.0000    -0.0037     3.8997     3.8997     0.0000
 16   0     5.9971     6.0000     0.0029     3.9192     3.9192     0.0000
 17   0     6.2136     6.0000    -0.2136     3.7452     3.7452    -0.0000
 18   0     5.7389     6.0000     0.2611     3.9888     3.9888     0.0000
 19   0     5.9967     6.0000     0.0033     3.8550     3.8550    -0.0000
 20   0     8.3823     8.0000    -0.3823     2.0516     2.0516    -0.0000
 21   0     6.0062     6.0000    -0.0062     3.9718     3.9718    -0.0000
 22   0     0.9206     1.0000     0.0794     1.0010     1.0010    -0.0000
 23   0     0.9243     1.0000     0.0757     0.9866     0.9866    -0.0000
 24   0     0.9595     1.0000     0.0405     0.9876     0.9876    -0.0000
 25   0     0.8403     1.0000     0.1597     0.9780     0.9780    -0.0000
 26   0     0.9720     1.0000     0.0280     0.9949     0.9949    -0.0000
 27   0     0.9583     1.0000     0.0417     0.9928     0.9928    -0.0000
 28   0     0.9735     1.0000     0.0265     0.9910     0.9910    -0.0000
 29   0     0.9552     1.0000     0.0448     0.9859     0.9859     0.0000
 30   0     0.9685     1.0000     0.0315     0.9837     0.9837     0.0000
 31   0     0.7880     1.0000     0.2120     0.9934     0.9934     0.0000
 32   0     0.9640     1.0000     0.0360     0.9905     0.9905    -0.0000
 33   0     0.9438     1.0000     0.0562     0.9920     0.9920     0.0000
 34   0     0.8771     1.0000     0.1229     0.9841     0.9841    -0.0000
 35   0     0.9877     1.0000     0.0123     0.9514     0.9514    -0.0000
 36   0     0.9685     1.0000     0.0315     0.9840     0.9840     0.0000
 37   0     0.9595     1.0000     0.0405     0.9887     0.9887     0.0000
 38   0     0.9654     1.0000     0.0346     0.9836     0.9836    -0.0000
 39   0     0.9815     1.0000     0.0185     0.9833     0.9833     0.0000
 40   0     0.9602     1.0000     0.0398     0.9891     0.9891     0.0000
 41   0     0.9699     1.0000     0.0301     0.9838     0.9838     0.0000
 42   0     0.9565     1.0000     0.0435     0.9869     0.9869    -0.0000
 43   0     0.9350     1.0000     0.0650     0.9991     0.9991     0.0000
 44   0     0.9354     1.0000     0.0646     0.9965     0.9965     0.0000
 45   0     0.9020     1.0000     0.0980     1.0400     1.0400    -0.0000
      Bond orders larger than 0.1000000
           Atom A     A.N. of A          Atom B    A.N. of B              Bond order
                0             6               1            6                0.988595
                0             6              22            1                0.979230
                0             6              23            1                0.966771
                0             6              24            1                0.984806
                1             6               2            8                1.937678
                1             6               3            7                1.085780
                3             7               4            6                0.974388
                3             7              25            1                0.937390
                4             6               5            6                1.387884
                4             6              21            6                1.394171
                5             6               6            6                1.424924
                5             6              26            1                0.997020
                6             6               7            6                1.371454
                6             6              27            1                1.003971
                7             6               8            8                0.983845
                7             6              17            6                1.407281
                8             8               9            6                0.840703
                9             6              10            6                0.996207
                9             6              28            1                0.966506
                9             6              29            1                0.964007
               10             6              11            8                0.926485
               10             6              12            6                0.991528
               10             6              30            1                0.967726
               11             8              31            1                0.959550
               12             6              13            7                0.988424
               12             6              32            1                0.977710
               12             6              33            1                0.980214
               13             7              14            6                0.939246
               13             7              34            1                0.959386
               14             6              15            6                1.022771
               14             6              16            6                1.037952
               14             6              35            1                0.962938
               15             6              36            1                0.985083
               15             6              37            1                0.977092
               15             6              38            1                0.983355
               16             6              39            1                0.985102
               16             6              40            1                0.980229
               16             6              41            1                0.985801
               17             6              18            6                0.931370
               17             6              21            6                1.423809
               18             6              19            6                0.989353
               18             6              20            8                2.035532
               19             6              42            1                0.980561
               19             6              43            1                0.962602
               19             6              44            1                0.974815
               21             6              45            1                1.003383
# -----------------------------------------------------------
$ Calculation_Info
   description: Details of the calculation
   geom. index: 1
   prop. index: 1
     Multiplicity:                          1
     Charge:                                0
     number of atoms:                       46
     number of electrons:                   0
     number of frozen core electrons:       1
     number of correlated electrons:        0
     number of basis functions:             428
     number of aux C basis functions:       0
     number of aux J basis functions:       0
     number of aux JK basis functions:      0
     number of aux CABS basis functions:    0
     Total Energy                           -1027.436341
# -----------------------------------------------------------
$ SCF_Electric_Properties
   description: The SCF Calculated Electric Properties
   geom. index: 1
   prop. index: 1
       Filename                          : ./ZINC000000000211/ZINC000000000211.scfp 
       Do Dipole Moment Calculation      : true 
       Do Quadrupole Moment Calculation  : false 
       Do Polarizability Calculation     : false 
** Dipole moment part of electric properties **
        Magnitude of dipole moment (Debye) :        7.5257332155
        Electronic Contribution:
                  0    
      0      30.379358
      1      -7.435915
      2       1.508525
        Nuclear Contribution:
                  0    
      0     -30.833278
      1       9.630578
      2      -3.443387
        Total Dipole moment:
                  0    
      0      -0.453920
      1       2.194664
      2      -1.934863
# -------------------------------------------------------------
----------------------- !GEOMETRIES! ------------------------
# -------------------------------------------------------------
------------------------ !GEOMETRY! -------------------------
    Number of atoms:    46 
    Geometry Index:     1 
    Coordinates:
               0 C      7.276533916015    1.762795513297   -0.931830929292
               1 C      6.112523401615    1.152230899439   -0.191610058987
               2 O      6.223367728487    0.813820572688    0.980642606847
               3 N      4.970599505970    1.083067795140   -0.969669689271
               4 C      3.721684316794    0.538325344608   -0.606994162014
               5 C      2.668624740062    0.696135788155   -1.514628730788
               6 C      1.392702145911    0.186376568211   -1.239158175378
               7 C      1.144388916583   -0.495383198413   -0.046374288683
               8 O     -0.056414401413   -1.059832717852    0.286680314862
               9 C     -1.162099318050   -0.874375120547   -0.608813338989
              10 C     -2.371780645525   -1.591361521208    0.003883320540
              11 O     -2.087181341638   -2.997378907966    0.076844233980
              12 C     -3.658750766293   -1.401731552299   -0.823203059706
              13 N     -4.148998978957   -0.032481516820   -1.013580222244
              14 C     -4.462981847283    0.704679241179    0.215100858416
              15 C     -5.583659435656    0.050367672198    1.024491675336
              16 C     -4.876234504980    2.126168060296   -0.177620176670
              17 C      2.200665717304   -0.650887810959    0.865264280800
              18 C      2.026936645376   -1.367800036282    2.153291358441
              19 C      0.839249769513   -1.028963181878    3.015400108511
              20 O      2.857936756658   -2.205047483326    2.496797931114
              21 C      3.482509899945   -0.149097244364    0.581090072161
              22 H      8.211923830142    1.377055738720   -0.516257904797
              23 H      7.246891534292    2.849506221624   -0.817984365534
              24 H      7.247335498667    1.504553514506   -1.994334471767
              25 H      5.023618654664    1.508396404636   -1.886674851564
              26 H      2.822394203459    1.219226854581   -2.456001967253
              27 H      0.622261962462    0.332781923747   -1.989499320784
              28 H     -1.366851498395    0.195899804598   -0.718339160270
              29 H     -0.922328484734   -1.326947058222   -1.578360955978
              30 H     -2.523963807244   -1.259158543083    1.036691436111
              31 H     -1.225949891300   -3.082692427902    0.528320485335
              32 H     -3.493544562534   -1.831913393008   -1.820001927793
              33 H     -4.454232383987   -2.027488364732   -0.400113622677
              34 H     -3.502612991435    0.501698589132   -1.590822738921
              35 H     -3.568464221705    0.788334559374    0.842771652280
              36 H     -5.860148631838    0.678415400912    1.878654084833
              37 H     -6.482318828682   -0.099176486129    0.415638932074
              38 H     -5.277103559308   -0.920758985204    1.425775603457
              39 H     -4.073476407958    2.633395156851   -0.724727955834
              40 H     -5.770682041108    2.124964789333   -0.811031567810
              41 H     -5.095771656278    2.725302981398    0.712906783435
              42 H      0.420709682768   -0.053604864087    2.752568336854
              43 H      0.074910117585   -1.802797742046    2.910165828928
              44 H      1.164556760677   -0.974762186736    4.058592586537
              45 H      4.273224501358   -0.319859051561    1.307319745933
