-------------------------------------------------------------
----------------------- !PROPERTIES! ------------------------
-------------------------------------------------------------
# -----------------------------------------------------------
$ PAL_Flags
   description: The PAL Flags
   geom. index: 1
   prop. index: 1
        Diskflag:     2
# -----------------------------------------------------------
$ SCF_Energy
   description: The SCF energy
   geom. index: 1
   prop. index: 1
        SCF Energy:    -1006.3321561466
# -----------------------------------------------------------
$ Mayer_Pop
   description: The Mayer population analysis
   geom. index: 1
   prop. index: 1
     Number of atoms                     : 45
     Threshold for printing              : 0.1000000
     Number of bond orders printed       : 47
  NA   - Mulliken gross atomic population
  ZA   - Total nuclear charge
  QA   - Mulliken gross atomic charge
  VA   - Mayer's total valence
  BVA  - Mayer's bonded valence
  FA   - Mayer's free valence
  ATOM       NA         ZA         QA         VA         BVA        FA
  0   0     6.0098     6.0000    -0.0098     3.8862     3.8862     0.0000
  1   0     6.3298     6.0000    -0.3298     3.8951     3.8951    -0.0000
  2   0     5.9413     6.0000     0.0587     3.9217     3.9217    -0.0000
  3   0     5.4708     6.0000     0.5292     3.8175     3.8175     0.0000
  4   0     8.4439     8.0000    -0.4439     2.0290     2.0290     0.0000
  5   0     7.6791     7.0000    -0.6791     2.8807     2.8807     0.0000
  6   0     5.6629     6.0000     0.3371     3.7320     3.7320    -0.0000
  7   0     6.1522     6.0000    -0.1522     3.8800     3.8800    -0.0000
  8   0     6.0050     6.0000    -0.0050     3.9182     3.9182    -0.0000
  9   0     5.8150     6.0000     0.1850     3.8648     3.8648    -0.0000
 10   0     7.6295     7.0000    -0.6295     2.8340     2.8340     0.0000
 11   0     5.8544     6.0000     0.1456     3.8667     3.8667     0.0000
 12   0     5.8488     6.0000     0.1512     3.8756     3.8756    -0.0000
 13   0     6.1850     6.0000    -0.1850     3.8565     3.8565    -0.0000
 14   0     5.9634     6.0000     0.0366     3.9555     3.9555    -0.0000
 15   0     5.9141     6.0000     0.0859     3.6766     3.6766    -0.0000
 16   0     6.6521     7.0000     0.3479     3.8480     3.8480     0.0000
 17   0     8.3598     8.0000    -0.3598     1.7694     1.7694    -0.0000
 18   0     8.3581     8.0000    -0.3581     1.7708     1.7708    -0.0000
 19   0     5.9671     6.0000     0.0329     3.9274     3.9274    -0.0000
 20   0     6.1477     6.0000    -0.1477     3.8999     3.8999     0.0000
 21   0     5.6025     6.0000     0.3975     3.6835     3.6835     0.0000
 22   0     0.9513     1.0000     0.0487     0.9867     0.9867    -0.0000
 23   0     0.9520     1.0000     0.0480     0.9844     0.9844     0.0000
 24   0     0.9503     1.0000     0.0497     0.9826     0.9826    -0.0000
 25   0     0.9328     1.0000     0.0672     0.9552     0.9552    -0.0000
 26   0     0.9728     1.0000     0.0272     0.9807     0.9807     0.0000
 27   0     0.9512     1.0000     0.0488     0.9942     0.9942    -0.0000
 28   0     0.9572     1.0000     0.0428     0.9881     0.9881     0.0000
 29   0     0.9411     1.0000     0.0589     0.9973     0.9973     0.0000
 30   0     0.9368     1.0000     0.0632     0.9927     0.9927    -0.0000
 31   0     0.9377     1.0000     0.0623     0.9682     0.9682    -0.0000
 32   0     0.9629     1.0000     0.0371     0.9838     0.9838    -0.0000
 33   0     0.9532     1.0000     0.0468     0.9881     0.9881    -0.0000
 34   0     0.9704     1.0000     0.0296     0.9940     0.9940     0.0000
 35   0     0.9973     1.0000     0.0027     0.9806     0.9806    -0.0000
 36   0     0.9971     1.0000     0.0029     0.9822     0.9822     0.0000
 37   0     0.9620     1.0000     0.0380     0.9849     0.9849    -0.0000
 38   0     0.9639     1.0000     0.0361     0.9868     0.9868     0.0000
 39   0     0.9976     1.0000     0.0024     0.9808     0.9808    -0.0000
 40   0     0.9652     1.0000     0.0348     0.9855     0.9855     0.0000
 41   0     0.9656     1.0000     0.0344     0.9856     0.9856    -0.0000
 42   0     0.9230     1.0000     0.0770     1.0209     1.0209    -0.0000
 43   0     0.9138     1.0000     0.0862     1.0071     1.0071     0.0000
 44   0     0.9527     1.0000     0.0473     0.9965     0.9965    -0.0000
      Bond orders larger than 0.1000000
           Atom A     A.N. of A          Atom B    A.N. of B              Bond order
                0             6               1            6                1.001691
                0             6              22            1                0.979863
                0             6              23            1                0.987462
                0             6              24            1                0.987329
                1             6               2            6                1.043283
                1             6               3            6                0.924967
                1             6              25            1                0.954109
                2             6              26            1                0.985497
                2             6              27            1                0.977633
                2             6              28            1                0.983932
                3             6               4            8                1.940325
                3             6               5            7                1.034606
                5             7               6            6                0.843533
                5             7              21            6                0.939904
                6             6               7            6                0.999427
                6             6              29            1                0.986182
                6             6              30            1                0.979277
                7             6               8            6                1.031895
                7             6              13            6                0.968278
                7             6              31            1                0.929069
                8             6               9            6                1.035768
                8             6              32            1                0.967784
                8             6              33            1                0.962224
                9             6              10            7                0.953920
                9             6              34            1                0.976002
                9             6              35            1                0.962866
               10             7              11            6                0.937499
               10             7              12            6                0.945337
               11             6              36            1                0.975452
               11             6              37            1                0.991325
               11             6              38            1                0.991527
               12             6              39            1                0.976412
               12             6              40            1                0.992173
               12             6              41            1                0.991620
               13             6              14            6                1.471393
               13             6              21            6                1.367741
               14             6              15            6                1.369687
               14             6              42            1                1.002732
               15             6              16            7                0.836676
               15             6              19            6                1.406262
               16             7              17            8                1.498754
               16             7              18            8                1.503981
               17             8              18            8                0.196740
               19             6              20            6                1.421600
               19             6              43            1                0.991140
               20             6              21            6                1.364794
               20             6              44            1                1.016577
# -----------------------------------------------------------
$ Calculation_Info
   description: Details of the calculation
   geom. index: 1
   prop. index: 1
     Multiplicity:                          1
     Charge:                                0
     number of atoms:                       45
     number of electrons:                   0
     number of frozen core electrons:       1
     number of correlated electrons:        0
     number of basis functions:             423
     number of aux C basis functions:       0
     number of aux J basis functions:       0
     number of aux JK basis functions:      0
     number of aux CABS basis functions:    0
     Total Energy                           -1006.332156
# -----------------------------------------------------------
$ SCF_Electric_Properties
   description: The SCF Calculated Electric Properties
   geom. index: 1
   prop. index: 1
       Filename                          : ./ZINC000000000041/ZINC000000000041.scfp 
       Do Dipole Moment Calculation      : true 
       Do Quadrupole Moment Calculation  : false 
       Do Polarizability Calculation     : false 
** Dipole moment part of electric properties **
        Magnitude of dipole moment (Debye) :        3.4281602857
        Electronic Contribution:
                  0    
      0     -12.295563
      1      25.449192
      2      -2.191288
        Nuclear Contribution:
                  0    
      0      12.107892
      1     -26.713628
      2       2.621419
        Total Dipole moment:
                  0    
      0      -0.187671
      1      -1.264436
      2       0.430131
# -------------------------------------------------------------
----------------------- !GEOMETRIES! ------------------------
# -------------------------------------------------------------
------------------------ !GEOMETRY! -------------------------
    Number of atoms:    45 
    Geometry Index:     1 
    Coordinates:
               0 C     -4.413928636433   -0.875722379744    0.883826768069
               1 C     -3.815337932982   -1.338813347771   -0.443288312574
               2 C     -4.602063707028   -2.554429744356   -0.950137257487
               3 C     -2.336621110449   -1.677787409907   -0.276536144289
               4 O     -1.980498190525   -2.863580275705   -0.304324527218
               5 N     -1.396621559535   -0.688722038301   -0.049319663976
               6 C     -0.006605006424   -1.108357573270    0.194382279771
               7 C      0.783364933591    0.126747758985    0.648309016597
               8 C      2.175594122077    0.227842987651    0.013544661721
               9 C      3.098690386296   -0.915309117082    0.463862748861
              10 N      4.400787313840   -0.895711366318   -0.221945214174
              11 C      5.232477860603    0.236460285160    0.193595196371
              12 C      5.120117407572   -2.148652018946    0.030628333411
              13 C     -0.166644191282    1.228873668295    0.254949264916
              14 C      0.091683850663    2.597582877227    0.292016576588
              15 C     -0.936835015330    3.472912361165   -0.068699627207
              16 N     -0.701329863373    4.922364565838   -0.045143601620
              17 O      0.415727297765    5.318784500853    0.316426950301
              18 O     -1.634381798190    5.663108054961   -0.386048847630
              19 C     -2.195709177484    2.978234957484   -0.447242999884
              20 C     -2.438596675911    1.595949371352   -0.464660927385
              21 C     -1.425072267728    0.719191332670   -0.106966048189
              22 H     -4.381977692495   -1.679688105878    1.628334123762
              23 H     -3.875652635674   -0.027411427978    1.313816160980
              24 H     -5.459650173669   -0.577712556200    0.753722405168
              25 H     -3.916571788178   -0.579959160427   -1.220040569910
              26 H     -5.651457465064   -2.292581864019   -1.122693025032
              27 H     -4.573166105444   -3.382430738024   -0.232946531512
              28 H     -4.186816372675   -2.919351006877   -1.896091903176
              29 H      0.375307717968   -1.527219070835   -0.745765295852
              30 H      0.021671513547   -1.900386961060    0.952150020537
              31 H      0.865461514311    0.128332103465    1.743053498479
              32 H      2.620725921559    1.189671355513    0.291333504602
              33 H      2.089239095130    0.228198181303   -1.081240062450
              34 H      2.599256297840   -1.864008748185    0.232364112314
              35 H      3.229735707546   -0.884464627934    1.553465112611
              36 H      5.405277879743    0.246673594991    1.275796005799
              37 H      4.781305507852    1.190057644574   -0.096610025269
              38 H      6.206814403423    0.201903281421   -0.307659678623
              39 H      5.327118654531   -2.297871406081    1.096622434584
              40 H      6.071819115292   -2.163824002004   -0.512452607799
              41 H      4.542341300651   -3.005719686182   -0.333202671375
              42 H      1.066452540015    2.966031985132    0.600303781972
              43 H     -3.000789503151    3.654880483457   -0.730609032507
              44 H     -3.424643472802    1.275913281590   -0.766617088373
