-------------------------------------------------------------
----------------------- !PROPERTIES! ------------------------
-------------------------------------------------------------
# -----------------------------------------------------------
$ PAL_Flags
   description: The PAL Flags
   geom. index: 1
   prop. index: 1
        Diskflag:     2
# -----------------------------------------------------------
$ SCF_Energy
   description: The SCF energy
   geom. index: 1
   prop. index: 1
        SCF Energy:     -799.7933683524
# -----------------------------------------------------------
$ Mayer_Pop
   description: The Mayer population analysis
   geom. index: 1
   prop. index: 1
     Number of atoms                     : 38
     Threshold for printing              : 0.1000000
     Number of bond orders printed       : 38
  NA   - Mulliken gross atomic population
  ZA   - Total nuclear charge
  QA   - Mulliken gross atomic charge
  VA   - Mayer's total valence
  BVA  - Mayer's bonded valence
  FA   - Mayer's free valence
  ATOM       NA         ZA         QA         VA         BVA        FA
  0   0     5.9537     6.0000     0.0463     3.8277     3.8277    -0.0000
  1   0     6.2547     6.0000    -0.2547     3.9672     3.9672    -0.0000
  2   0     5.9471     6.0000     0.0529     3.8624     3.8624    -0.0000
  3   0     5.9500     6.0000     0.0500     3.8508     3.8508     0.0000
  4   0     7.5039     7.0000    -0.5039     2.7692     2.7692    -0.0000
  5   0     5.8507     6.0000     0.1493     3.8348     3.8348     0.0000
  6   0     5.8237     6.0000     0.1763     3.8840     3.8840    -0.0000
  7   0     8.4766     8.0000    -0.4766     1.8978     1.8978    -0.0000
  8   0     5.6908     6.0000     0.3092     3.7402     3.7402    -0.0000
  9   0     8.5583     8.0000    -0.5583     1.9144     1.9144    -0.0000
 10   0     5.5591     6.0000     0.4409     3.8279     3.8279    -0.0000
 11   0     6.1745     6.0000    -0.1745     3.8494     3.8494     0.0000
 12   0     5.9687     6.0000     0.0313     3.8628     3.8628    -0.0000
 13   0     6.0792     6.0000    -0.0792     3.8761     3.8761    -0.0000
 14   0     5.9232     6.0000     0.0768     3.9199     3.9199     0.0000
 15   0     6.2975     6.0000    -0.2975     3.9007     3.9007     0.0000
 16   0     5.9091     6.0000     0.0909     4.0214     4.0214     0.0000
 17   0     7.1053     7.0000    -0.1053     3.0936     3.0936     0.0000
 18   0     0.9789     1.0000     0.0211     0.9905     0.9905    -0.0000
 19   0     0.9673     1.0000     0.0327     0.9850     0.9850    -0.0000
 20   0     0.9669     1.0000     0.0331     0.9877     0.9877     0.0000
 21   0     0.9692     1.0000     0.0308     0.9870     0.9870     0.0000
 22   0     0.9576     1.0000     0.0424     0.9904     0.9904    -0.0000
 23   0     0.9781     1.0000     0.0219     0.9884     0.9884    -0.0000
 24   0     0.9702     1.0000     0.0298     0.9866     0.9866    -0.0000
 25   0     0.9557     1.0000     0.0443     0.9902     0.9902     0.0000
 26   0     0.9669     1.0000     0.0331     0.9870     0.9870    -0.0000
 27   0     0.8669     1.0000     0.1331     0.9729     0.9729     0.0000
 28   0     0.9846     1.0000     0.0154     0.9712     0.9712     0.0000
 29   0     0.9463     1.0000     0.0537     0.9868     0.9868    -0.0000
 30   0     0.9596     1.0000     0.0404     0.9894     0.9894     0.0000
 31   0     0.7906     1.0000     0.2094     1.0151     1.0151    -0.0000
 32   0     0.9711     1.0000     0.0289     0.9844     0.9844    -0.0000
 33   0     0.9532     1.0000     0.0468     1.0042     1.0042    -0.0000
 34   0     0.9569     1.0000     0.0431     0.9917     0.9917     0.0000
 35   0     0.9456     1.0000     0.0544     0.9853     0.9853    -0.0000
 36   0     0.9496     1.0000     0.0504     0.9870     0.9870    -0.0000
 37   0     0.9386     1.0000     0.0614     0.9929     0.9929     0.0000
      Bond orders larger than 0.1000000
           Atom A     A.N. of A          Atom B    A.N. of B              Bond order
                0             6               1            6                0.991028
                0             6              18            1                0.980552
                0             6              19            1                0.981661
                0             6              20            1                0.981097
                1             6               2            6                1.019059
                1             6               3            6                1.006188
                1             6               4            7                0.909698
                2             6              21            1                0.984625
                2             6              22            1                0.983912
                2             6              23            1                0.981508
                3             6              24            1                0.981114
                3             6              25            1                0.981289
                3             6              26            1                0.982902
                4             7               5            6                0.916617
                4             7              27            1                0.945931
                5             6               6            6                1.032013
                5             6              28            1                0.963826
                5             6              29            1                0.968601
                6             6               7            8                0.914884
                6             6               8            6                0.979721
                6             6              30            1                0.967874
                7             8              31            1                0.950927
                8             6               9            8                0.836353
                8             6              32            1                0.981013
                8             6              33            1                0.960651
                9             8              10            6                1.045947
               10             6              11            6                1.351016
               10             6              15            6                1.381080
               11             6              12            6                1.400605
               11             6              34            1                1.004101
               12             6              13            6                1.411112
               12             6              35            1                0.997401
               13             6              14            6                1.420700
               13             6              36            1                1.000295
               14             6              15            6                1.412029
               14             6              37            1                1.000782
               15             6              16            6                1.021437
               16             6              17            7                3.026948
# -----------------------------------------------------------
$ Calculation_Info
   description: Details of the calculation
   geom. index: 1
   prop. index: 1
     Multiplicity:                          1
     Charge:                                0
     number of atoms:                       38
     number of electrons:                   0
     number of frozen core electrons:       1
     number of correlated electrons:        0
     number of basis functions:             352
     number of aux C basis functions:       0
     number of aux J basis functions:       0
     number of aux JK basis functions:      0
     number of aux CABS basis functions:    0
     Total Energy                           -799.793368
# -----------------------------------------------------------
$ SCF_Electric_Properties
   description: The SCF Calculated Electric Properties
   geom. index: 1
   prop. index: 1
       Filename                          : ./ZINC000000000104/ZINC000000000104.scfp 
       Do Dipole Moment Calculation      : true 
       Do Quadrupole Moment Calculation  : false 
       Do Polarizability Calculation     : false 
** Dipole moment part of electric properties **
        Magnitude of dipole moment (Debye) :        8.6079551488
        Electronic Contribution:
                  0    
      0      36.618716
      1       2.861439
      2       7.854840
        Nuclear Contribution:
                  0    
      0     -38.319653
      1      -5.009678
      2      -9.844986
        Total Dipole moment:
                  0    
      0      -1.700937
      1      -2.148239
      2      -1.990146
# -------------------------------------------------------------
----------------------- !GEOMETRIES! ------------------------
# -------------------------------------------------------------
------------------------ !GEOMETRY! -------------------------
    Number of atoms:    38 
    Geometry Index:     1 
    Coordinates:
               0 C     -3.678915999268   -1.202097388876   -0.770488442659
               1 C     -3.497312529367    0.193266678196   -0.151451889273
               2 C     -4.357341785425    0.278185179318    1.125050888108
               3 C     -3.985657920808    1.272724132771   -1.131371904756
               4 N     -2.102866443794    0.434149733714    0.274970763879
               5 C     -1.084044164064    0.341433088794   -0.784848906917
               6 C      0.284796595771    0.842506614793   -0.273304904073
               7 O      0.103866697830    2.155442381541    0.279955011753
               8 C      0.895551636362   -0.092075384277    0.783588073715
               9 O      2.254883685047    0.251660509713    1.075478547581
              10 C      3.267590393609   -0.264290330156    0.313306435152
              11 C      3.089973989736   -1.039818990419   -0.837775682599
              12 C      4.194649857428   -1.513892553945   -1.553408207101
              13 C      5.486906886637   -1.218336129133   -1.129463349047
              14 C      5.677853890390   -0.445480151415    0.013793260681
              15 C      4.574686309704    0.033562074107    0.736660926895
              16 C      4.816122982347    0.819114659713    1.914620439634
              17 N      5.066067696708    1.437908561352    2.865349824035
              18 H     -3.305948860430   -1.986521563964   -0.101828396716
              19 H     -3.153937414912   -1.296173924129   -1.727185180411
              20 H     -4.738067761411   -1.410027617909   -0.962381245479
              21 H     -5.418640302879    0.123540737598    0.897909159698
              22 H     -4.263407390554    1.259237703679    1.606038306980
              23 H     -4.065437104111   -0.483071583034    1.858457704174
              24 H     -3.491319932450    1.200990165359   -2.105658774394
              25 H     -3.808471249313    2.279326306903   -0.735099654303
              26 H     -5.062683716993    1.176944196614   -1.313125717568
              27 H     -1.875423163808   -0.224092035275    1.022160345786
              28 H     -0.986035340490   -0.683907645767   -1.156257221858
              29 H     -1.365534434083    0.986604625682   -1.622949142119
              30 H      0.968327915264    0.956078580396   -1.120556476553
              31 H     -0.786404282931    2.142370228380    0.687870518115
              32 H      0.803837040234   -1.150851882550    0.516334239731
              33 H      0.358611704872    0.034278548349    1.731028176817
              34 H      2.105827208863   -1.291173411593   -1.217157106036
              35 H      4.043547886756   -2.114042803871   -2.448147918984
              36 H      6.343653788096   -1.586977025228   -1.688561981908
              37 H      6.690693631435   -0.216494285433    0.341120840218
