-------------------------------------------------------------
----------------------- !PROPERTIES! ------------------------
-------------------------------------------------------------
# -----------------------------------------------------------
$ PAL_Flags
   description: The PAL Flags
   geom. index: 1
   prop. index: 1
        Diskflag:     2
# -----------------------------------------------------------
$ SCF_Energy
   description: The SCF energy
   geom. index: 1
   prop. index: 1
        SCF Energy:    -1545.1901204898
# -----------------------------------------------------------
$ Mayer_Pop
   description: The Mayer population analysis
   geom. index: 1
   prop. index: 1
     Number of atoms                     : 55
     Threshold for printing              : 0.1000000
     Number of bond orders printed       : 58
  NA   - Mulliken gross atomic population
  ZA   - Total nuclear charge
  QA   - Mulliken gross atomic charge
  VA   - Mayer's total valence
  BVA  - Mayer's bonded valence
  FA   - Mayer's free valence
  ATOM       NA         ZA         QA         VA         BVA        FA
  0   0     8.4600     8.0000    -0.4600     2.0136     2.0136     0.0000
  1   0     5.5205     6.0000     0.4795     3.9000     3.9000    -0.0000
  2   0     6.1647     6.0000    -0.1647     3.8912     3.8912    -0.0000
  3   0     5.9944     6.0000     0.0056     3.9548     3.9548     0.0000
  4   0     5.7800     6.0000     0.2200     3.8001     3.8001    -0.0000
  5   0     7.4034     7.0000    -0.4034     3.2161     3.2161    -0.0000
  6   0     5.8097     6.0000     0.1903     3.7392     3.7392     0.0000
  7   0     6.2064     6.0000    -0.2064     3.8889     3.8889     0.0000
  8   0     5.8829     6.0000     0.1171     3.8916     3.8916    -0.0000
  9   0     7.2091     7.0000    -0.2091     2.8210     2.8210     0.0000
 10   0     7.6902     7.0000    -0.6902     2.8294     2.8294    -0.0000
 11   0     5.8152     6.0000     0.1848     3.8301     3.8301     0.0000
 12   0     5.8177     6.0000     0.1823     3.8645     3.8645     0.0000
 13   0     7.6342     7.0000    -0.6342     2.8638     2.8638    -0.0000
 14   0     5.5591     6.0000     0.4409     3.8709     3.8709    -0.0000
 15   0     6.1162     6.0000    -0.1162     3.8663     3.8663    -0.0000
 16   0     6.0506     6.0000    -0.0506     3.9223     3.9223    -0.0000
 17   0     4.9374     6.0000     1.0626     3.9166     3.9166    -0.0000
 18   0     9.2999     9.0000    -0.2999     1.0110     1.0110     0.0000
 19   0     9.3128     9.0000    -0.3128     0.9907     0.9907    -0.0000
 20   0     9.3186     9.0000    -0.3186     0.9880     0.9880     0.0000
 21   0     7.3812     7.0000    -0.3812     3.0197     3.0197    -0.0000
 22   0     5.6336     6.0000     0.3664     4.0533     4.0533     0.0000
 23   0     6.1735     6.0000    -0.1735     3.8158     3.8158     0.0000
 24   0     5.9719     6.0000     0.0281     3.9099     3.9099     0.0000
 25   0     6.0502     6.0000    -0.0502     3.8698     3.8698    -0.0000
 26   0     6.0080     6.0000    -0.0080     3.8491     3.8491     0.0000
 27   0     6.0474     6.0000    -0.0474     3.8705     3.8705    -0.0000
 28   0     5.9818     6.0000     0.0182     3.9152     3.9152     0.0000
 29   0     7.4187     7.0000    -0.4187     2.9541     2.9541    -0.0000
 30   0     5.8342     6.0000     0.1658     3.8730     3.8730     0.0000
 31   0     5.8258     6.0000     0.1742     3.8352     3.8352     0.0000
 32   0     0.9280     1.0000     0.0720     0.9738     0.9738     0.0000
 33   0     0.9261     1.0000     0.0739     0.9717     0.9717     0.0000
 34   0     0.9469     1.0000     0.0531     0.9852     0.9852     0.0000
 35   0     0.9556     1.0000     0.0444     0.9842     0.9842    -0.0000
 36   0     0.9561     1.0000     0.0439     0.9995     0.9995    -0.0000
 37   0     0.9278     1.0000     0.0722     1.0047     1.0047    -0.0000
 38   0     0.9365     1.0000     0.0635     0.9995     0.9995    -0.0000
 39   0     0.9523     1.0000     0.0477     0.9951     0.9951    -0.0000
 40   0     0.9535     1.0000     0.0465     0.9962     0.9962    -0.0000
 41   0     0.9455     1.0000     0.0545     0.9974     0.9974     0.0000
 42   0     0.9275     1.0000     0.0725     0.9990     0.9990    -0.0000
 43   0     0.9562     1.0000     0.0438     0.9808     0.9808     0.0000
 44   0     0.9332     1.0000     0.0668     0.9975     0.9975     0.0000
 45   0     0.9280     1.0000     0.0720     1.0084     1.0084    -0.0000
 46   0     0.9321     1.0000     0.0679     1.0040     1.0040    -0.0000
 47   0     0.9533     1.0000     0.0467     0.9868     0.9868     0.0000
 48   0     0.9514     1.0000     0.0486     0.9849     0.9849    -0.0000
 49   0     0.9558     1.0000     0.0442     0.9868     0.9868    -0.0000
 50   0     0.9428     1.0000     0.0572     0.9991     0.9991     0.0000
 51   0     0.9459     1.0000     0.0541     0.9845     0.9845    -0.0000
 52   0     0.9378     1.0000     0.0622     0.9882     0.9882    -0.0000
 53   0     0.9588     1.0000     0.0412     0.9798     0.9798     0.0000
 54   0     0.9392     1.0000     0.0608     0.9816     0.9816     0.0000
      Bond orders larger than 0.1000000
           Atom A     A.N. of A          Atom B    A.N. of B              Bond order
                0             8               1            6                1.904910
                1             6               2            6                0.953747
                1             6              10            7                1.092678
                2             6               3            6                1.058260
                2             6              32            1                0.957015
                2             6              33            1                0.960051
                3             6               4            6                1.018412
                3             6              34            1                0.976508
                3             6              35            1                0.957436
                4             6               5            7                0.853999
                4             6              36            1                0.977554
                4             6              37            1                0.974560
                5             7               6            6                1.177688
                5             7               9            7                1.118972
                6             6               7            6                1.518489
                6             6              38            1                0.994477
                7             6               8            6                1.320003
                7             6              39            1                1.001422
                8             6               9            7                1.576364
                8             6              40            1                1.006001
               10             7              11            6                0.852649
               10             7              31            6                0.888229
               11             6              12            6                1.045795
               11             6              41            1                0.977994
               11             6              42            1                0.974189
               12             6              13            7                0.904610
               12             6              43            1                0.974263
               12             6              44            1                0.976432
               13             7              14            6                1.048515
               13             7              30            6                0.920652
               14             6              15            6                1.339896
               14             6              29            7                1.436213
               15             6              16            6                1.450535
               15             6              45            1                0.971383
               16             6              17            6                0.973292
               16             6              21            7                1.444756
               17             6              18            9                1.004455
               17             6              19            9                0.995384
               17             6              20            9                0.969315
               21             7              22            6                1.520793
               22             6              23            6                1.035611
               22             6              29            7                1.478116
               23             6              24            6                1.407055
               23             6              28            6                1.404169
               24             6              25            6                1.430329
               24             6              46            1                0.993408
               25             6              26            6                1.402497
               25             6              47            1                1.000610
               26             6              27            6                1.402143
               26             6              48            1                0.998063
               27             6              28            6                1.431149
               27             6              49            1                1.000884
               28             6              50            1                0.996539
               30             6              31            6                1.036119
               30             6              51            1                0.971417
               30             6              52            1                0.980673
               31             6              53            1                0.968574
               31             6              54            1                0.969483
# -----------------------------------------------------------
$ Calculation_Info
   description: Details of the calculation
   geom. index: 1
   prop. index: 1
     Multiplicity:                          1
     Charge:                                0
     number of atoms:                       55
     number of electrons:                   0
     number of frozen core electrons:       1
     number of correlated electrons:        0
     number of basis functions:             563
     number of aux C basis functions:       0
     number of aux J basis functions:       0
     number of aux JK basis functions:      0
     number of aux CABS basis functions:    0
     Total Energy                           -1545.190120
# -----------------------------------------------------------
$ SCF_Electric_Properties
   description: The SCF Calculated Electric Properties
   geom. index: 1
   prop. index: 1
       Filename                          : ./ZINC000000000114/ZINC000000000114.scfp 
       Do Dipole Moment Calculation      : true 
       Do Quadrupole Moment Calculation  : false 
       Do Polarizability Calculation     : false 
** Dipole moment part of electric properties **
        Magnitude of dipole moment (Debye) :        1.1113785412
        Electronic Contribution:
                  0    
      0      41.113894
      1      29.730240
      2     -16.123623
        Nuclear Contribution:
                  0    
      0     -41.037487
      1     -30.122492
      2      15.946196
        Total Dipole moment:
                  0    
      0       0.076407
      1      -0.392252
      2      -0.177427
# -------------------------------------------------------------
----------------------- !GEOMETRIES! ------------------------
# -------------------------------------------------------------
------------------------ !GEOMETRY! -------------------------
    Number of atoms:    55 
    Geometry Index:     1 
    Coordinates:
               0 O     -2.008475834863   -1.730439646513    0.750571107895
               1 C     -2.000432671857   -0.742339478260    0.017000989502
               2 C     -3.165864625516    0.235995383040   -0.001282650035
               3 C     -4.308179508542   -0.129012175446    0.947527796749
               4 C     -5.031492122040   -1.415690765638    0.547306544515
               5 N     -6.333309221057   -1.512958181408    1.188359889302
               6 C     -6.624373352981   -2.129568099126    2.372637149490
               7 C     -7.971664345584   -1.936499041928    2.577726342805
               8 C     -8.401211376689   -1.192452440462    1.461293159073
               9 N     -7.404785014515   -0.931222380925    0.610242879410
              10 N     -0.950866733853   -0.475690392043   -0.860101769757
              11 C      0.245787538652   -1.326852320282   -0.750621366663
              12 C      1.109751806767   -1.327527307934   -2.027585817070
              13 N      1.377674866822    0.039212198659   -2.533287711460
              14 C      2.413260250277    0.724506117303   -1.880856587219
              15 C      2.871006846901    1.928083980255   -2.383975975384
              16 C      3.900104170393    2.566270221062   -1.711604898402
              17 C      4.397734600340    3.905986482975   -2.225101801096
              18 F      5.703879015910    4.160857248456   -1.934259224015
              19 F      3.684416724124    4.952915160044   -1.715752305278
              20 F      4.294274302518    4.026200460246   -3.583455302217
              21 N      4.446189818162    2.042991777343   -0.588625214660
              22 C      3.977225939274    0.853481484028   -0.178694776301
              23 C      4.596508925144    0.236619031200    1.012907653852
              24 C      5.548849463884    0.927429231101    1.788486489394
              25 C      6.149273511650    0.339306775132    2.907521537681
              26 C      5.807956873814   -0.957458191260    3.279755733821
              27 C      4.868545672168   -1.665012889948    2.535820900276
              28 C      4.270006582880   -1.073192404713    1.418190167271
              29 N      2.983747005292    0.183401685250   -0.792768340373
              30 C      0.126905670528    0.800588614274   -2.734426260775
              31 C     -0.717257027846    0.854432690827   -1.446410960991
              32 H     -3.552462572330    0.305642542888   -1.025170550518
              33 H     -2.787066200963    1.219550877580    0.299050502046
              34 H     -5.018541611227    0.709272733114    0.949858538323
              35 H     -3.936975500156   -0.220956158774    1.976837145128
              36 H     -5.203397938349   -1.461162599539   -0.535826476601
              37 H     -4.462861235164   -2.308105183558    0.834252818878
              38 H     -5.865575432988   -2.636890188412    2.955417933878
              39 H     -8.561433087246   -2.280791571365    3.414511716822
              40 H     -9.396734029387   -0.829174630098    1.232963005621
              41 H      0.814695579176   -0.962511864368    0.113388242089
              42 H     -0.053288877856   -2.358196418879   -0.524917164811
              43 H      0.562121697495   -1.864794557617   -2.812755714511
              44 H      2.037127949192   -1.894157897369   -1.875427998437
              45 H      2.462190070406    2.349248597687   -3.294349388565
              46 H      5.835945207698    1.943349996986    1.520882245765
              47 H      6.882852059225    0.896754851859    3.484510186111
              48 H      6.273178909224   -1.416228891436    4.150336026913
              49 H      4.600351961970   -2.678432140562    2.819322898923
              50 H      3.542043364234   -1.652192834678    0.852663957337
              51 H     -0.453859238325    0.290134302239   -3.514463815683
              52 H      0.304870473660    1.814306193483   -3.107729477250
              53 H     -0.212803567156    1.455337767445   -0.679465810185
              54 H     -1.665565731289    1.347634248065   -1.674433724949
