-------------------------------------------------------------
----------------------- !PROPERTIES! ------------------------
-------------------------------------------------------------
# -----------------------------------------------------------
$ PAL_Flags
   description: The PAL Flags
   geom. index: 1
   prop. index: 1
        Diskflag:     2
# -----------------------------------------------------------
$ SCF_Energy
   description: The SCF energy
   geom. index: 1
   prop. index: 1
        SCF Energy:    -1195.7367413811
# -----------------------------------------------------------
$ Mayer_Pop
   description: The Mayer population analysis
   geom. index: 1
   prop. index: 1
     Number of atoms                     : 36
     Threshold for printing              : 0.1000000
     Number of bond orders printed       : 38
  NA   - Mulliken gross atomic population
  ZA   - Total nuclear charge
  QA   - Mulliken gross atomic charge
  VA   - Mayer's total valence
  BVA  - Mayer's bonded valence
  FA   - Mayer's free valence
  ATOM       NA         ZA         QA         VA         BVA        FA
  0   0     5.8590     6.0000     0.1410     3.8565     3.8565     0.0000
  1   0     7.6223     7.0000    -0.6223     2.8567     2.8567    -0.0000
  2   0     5.8501     6.0000     0.1499     3.8760     3.8760    -0.0000
  3   0     5.7985     6.0000     0.2015     3.7788     3.7788     0.0000
  4   0     5.5857     6.0000     0.4143     3.9547     3.9547     0.0000
  5   0     8.3663     8.0000    -0.3663     2.0850     2.0850    -0.0000
  6   0     7.6738     7.0000    -0.6738     2.7830     2.7830     0.0000
  7   0     5.7308     6.0000     0.2692     3.8825     3.8825    -0.0000
  8   0     6.1063     6.0000    -0.1063     3.9392     3.9392    -0.0000
  9   0     6.0147     6.0000    -0.0147     3.8776     3.8776    -0.0000
 10   0     6.0373     6.0000    -0.0373     3.8933     3.8933    -0.0000
 11   0     6.0055     6.0000    -0.0055     3.9571     3.9571    -0.0000
 12   0     6.1468     6.0000    -0.1468     3.9273     3.9273    -0.0000
 13   0    15.8559    16.0000     0.1441     2.0261     2.0261    -0.0000
 14   0     6.1649     6.0000    -0.1649     3.9157     3.9157    -0.0000
 15   0     6.0060     6.0000    -0.0060     3.9532     3.9532    -0.0000
 16   0     6.0378     6.0000    -0.0378     3.8850     3.8850    -0.0000
 17   0     6.0191     6.0000    -0.0191     3.8678     3.8678    -0.0000
 18   0     6.1019     6.0000    -0.1019     3.9486     3.9486    -0.0000
 19   0     5.7131     6.0000     0.2869     3.8607     3.8607    -0.0000
 20   0     0.9915     1.0000     0.0085     0.9823     0.9823    -0.0000
 21   0     0.9611     1.0000     0.0389     0.9871     0.9871     0.0000
 22   0     0.9534     1.0000     0.0466     0.9949     0.9949     0.0000
 23   0     0.9651     1.0000     0.0349     0.9861     0.9861    -0.0000
 24   0     0.9962     1.0000     0.0038     0.9804     0.9804    -0.0000
 25   0     0.9606     1.0000     0.0394     0.9862     0.9862    -0.0000
 26   0     0.9534     1.0000     0.0466     0.9879     0.9879     0.0000
 27   0     0.9481     1.0000     0.0519     0.9950     0.9950    -0.0000
 28   0     0.9408     1.0000     0.0592     0.9921     0.9921    -0.0000
 29   0     0.9510     1.0000     0.0490     0.9866     0.9866    -0.0000
 30   0     0.9522     1.0000     0.0478     0.9861     0.9861    -0.0000
 31   0     0.9509     1.0000     0.0491     0.9962     0.9962    -0.0000
 32   0     0.9542     1.0000     0.0458     0.9960     0.9960    -0.0000
 33   0     0.9565     1.0000     0.0435     0.9861     0.9861     0.0000
 34   0     0.9529     1.0000     0.0471     0.9865     0.9865    -0.0000
 35   0     0.9165     1.0000     0.0835     1.0133     1.0133     0.0000
      Bond orders larger than 0.1000000
           Atom A     A.N. of A          Atom B    A.N. of B              Bond order
                0             6               1            7                0.932285
                0             6              20            1                0.975187
                0             6              21            1                0.990072
                0             6              22            1                0.988582
                1             7               2            6                0.943878
                1             7               3            6                0.971385
                2             6              23            1                0.991455
                2             6              24            1                0.976834
                2             6              25            1                0.991667
                3             6               4            6                0.953497
                3             6              26            1                0.978872
                3             6              27            1                0.959927
                4             6               5            8                2.041555
                4             6               6            7                0.933192
                6             7               7            6                0.908408
                6             7              19            6                0.889357
                7             6               8            6                1.412865
                7             6              12            6                1.455578
                8             6               9            6                1.431866
                8             6              28            1                0.990696
                9             6              10            6                1.401315
                9             6              29            1                0.997055
               10             6              11            6                1.447638
               10             6              30            1                1.000590
               11             6              12            6                1.413791
               11             6              31            1                0.996274
               12             6              13           16                0.959543
               13            16              14            6                0.958591
               14             6              15            6                1.414288
               14             6              19            6                1.440534
               15             6              16            6                1.446382
               15             6              32            1                0.996711
               16             6              17            6                1.396659
               16             6              33            1                1.001041
               17             6              18            6                1.428862
               17             6              34            1                1.000135
               18             6              19            6                1.428378
               18             6              35            1                0.988079
# -----------------------------------------------------------
$ Calculation_Info
   description: Details of the calculation
   geom. index: 1
   prop. index: 1
     Multiplicity:                          1
     Charge:                                0
     number of atoms:                       36
     number of electrons:                   0
     number of frozen core electrons:       1
     number of correlated electrons:        0
     number of basis functions:             364
     number of aux C basis functions:       0
     number of aux J basis functions:       0
     number of aux JK basis functions:      0
     number of aux CABS basis functions:    0
     Total Energy                           -1195.736741
# -----------------------------------------------------------
$ SCF_Electric_Properties
   description: The SCF Calculated Electric Properties
   geom. index: 1
   prop. index: 1
       Filename                          : ./ZINC000000000200/ZINC000000000200.scfp 
       Do Dipole Moment Calculation      : true 
       Do Quadrupole Moment Calculation  : false 
       Do Polarizability Calculation     : false 
** Dipole moment part of electric properties **
        Magnitude of dipole moment (Debye) :        2.8358803332
        Electronic Contribution:
                  0    
      0     -18.514121
      1       0.148539
      2      -0.263316
        Nuclear Contribution:
                  0    
      0      18.637140
      1      -0.299174
      2       1.361932
        Total Dipole moment:
                  0    
      0       0.123020
      1      -0.150635
      2       1.098617
# -------------------------------------------------------------
----------------------- !GEOMETRIES! ------------------------
# -------------------------------------------------------------
------------------------ !GEOMETRY! -------------------------
    Number of atoms:    36 
    Geometry Index:     1 
    Coordinates:
               0 C      2.772528825597    1.394161797221   -0.090861807843
               1 N      3.062784737241   -0.009459160057   -0.388711070579
               2 C      4.222321942624   -0.456311216192    0.383553761893
               3 C      1.897171003749   -0.877623083205   -0.099275016282
               4 C      0.731939122991   -0.613072987047   -1.083464752540
               5 O      0.885435653745   -0.690850032926   -2.303461365901
               6 N     -0.468657298451   -0.244144896963   -0.445768764003
               7 C     -1.077703584902   -1.151847250494    0.498794570539
               8 C     -0.695790981533   -2.513236568325    0.495953990408
               9 C     -1.242056301503   -3.439404416676    1.389402542186
              10 C     -2.198848772925   -3.031647601863    2.304637536030
              11 C     -2.616573295381   -1.704226484807    2.307853588166
              12 C     -2.075126295457   -0.769336152990    1.405763513159
              13 S     -2.700053316089    0.879002610282    1.515385376698
              14 C     -2.220384418005    1.504028738121   -0.073094740626
              15 C     -2.886281442227    2.672156934035   -0.493540106569
              16 C     -2.526995221149    3.317897385241   -1.670799844801
              17 C     -1.485371183170    2.808849062794   -2.427480623969
              18 C     -0.819672032006    1.649277069490   -2.012598005521
              19 C     -1.181443396314    0.949344784174   -0.841908968884
              20 H      2.483772583827    1.543888246945    0.955781276175
              21 H      3.649076208822    2.019065417912   -0.296856543966
              22 H      1.971021960358    1.776485394969   -0.729645925997
              23 H      4.480556499544   -1.490043589156    0.127971671072
              24 H      4.046076342852   -0.401366740375    1.463990996225
              25 H      5.102051246502    0.152188032370    0.145771644846
              26 H      1.579874040476   -0.747106129896    0.941701972328
              27 H      2.177025646413   -1.929203396563   -0.237679259175
              28 H      0.007509198941   -2.901710699315   -0.237741782668
              29 H     -0.927564766561   -4.479911687086    1.354947736693
              30 H     -2.632380457737   -3.743529766731    3.002240956799
              31 H     -3.380750687989   -1.399552306428    3.021218053650
              32 H     -3.687560850702    3.095878223630    0.109392478213
              33 H     -3.047939202521    4.217938612585   -1.985407817566
              34 H     -1.181901298844    3.304888970289   -3.346489166567
              35 H     -0.016090210214    1.308532887037   -2.659576101624
