-------------------------------------------------------------
----------------------- !PROPERTIES! ------------------------
-------------------------------------------------------------
# -----------------------------------------------------------
$ PAL_Flags
   description: The PAL Flags
   geom. index: 1
   prop. index: 1
        Diskflag:     2
# -----------------------------------------------------------
$ SCF_Energy
   description: The SCF energy
   geom. index: 1
   prop. index: 1
        SCF Energy:    -1252.4327498924
# -----------------------------------------------------------
$ Mayer_Pop
   description: The Mayer population analysis
   geom. index: 1
   prop. index: 1
     Number of atoms                     : 35
     Threshold for printing              : 0.1000000
     Number of bond orders printed       : 36
  NA   - Mulliken gross atomic population
  ZA   - Total nuclear charge
  QA   - Mulliken gross atomic charge
  VA   - Mayer's total valence
  BVA  - Mayer's bonded valence
  FA   - Mayer's free valence
  ATOM       NA         ZA         QA         VA         BVA        FA
  0   0     8.4539     8.0000    -0.4539     2.0348     2.0348     0.0000
  1   0     5.5835     6.0000     0.4165     4.0482     4.0482    -0.0000
  2   0     6.1273     6.0000    -0.1273     3.7299     3.7299    -0.0000
  3   0    15.3637    16.0000     0.6363     3.1875     3.1875     0.0000
  4   0     8.7381     8.0000    -0.7381     1.5551     1.5551     0.0000
  5   0     6.0693     6.0000    -0.0693     3.7975     3.7975     0.0000
  6   0     6.0840     6.0000    -0.0840     3.8235     3.8235    -0.0000
  7   0     6.0235     6.0000    -0.0235     3.8970     3.8970    -0.0000
  8   0     6.0337     6.0000    -0.0337     3.8959     3.8959     0.0000
  9   0     6.0304     6.0000    -0.0304     3.8638     3.8638     0.0000
 10   0     6.0353     6.0000    -0.0353     3.8990     3.8990     0.0000
 11   0     6.0188     6.0000    -0.0188     3.9262     3.9262     0.0000
 12   0     6.1203     6.0000    -0.1203     3.7503     3.7503     0.0000
 13   0     6.0249     6.0000    -0.0249     3.9227     3.9227    -0.0000
 14   0     6.0353     6.0000    -0.0353     3.8965     3.8965    -0.0000
 15   0     6.0299     6.0000    -0.0299     3.8593     3.8593    -0.0000
 16   0     6.0352     6.0000    -0.0352     3.8860     3.8860    -0.0000
 17   0     5.9963     6.0000     0.0037     3.8929     3.8929     0.0000
 18   0     7.1635     7.0000    -0.1635     3.0172     3.0172     0.0000
 19   0     8.3094     8.0000    -0.3094     1.9074     1.9074     0.0000
 20   0     0.8942     1.0000     0.1058     0.9998     0.9998    -0.0000
 21   0     0.8630     1.0000     0.1370     0.9842     0.9842     0.0000
 22   0     0.9223     1.0000     0.0777     0.9821     0.9821     0.0000
 23   0     0.9249     1.0000     0.0751     1.0112     1.0112    -0.0000
 24   0     0.9513     1.0000     0.0487     0.9864     0.9864     0.0000
 25   0     0.9529     1.0000     0.0471     0.9855     0.9855    -0.0000
 26   0     0.9541     1.0000     0.0459     0.9858     0.9858     0.0000
 27   0     0.9679     1.0000     0.0321     0.9927     0.9927     0.0000
 28   0     0.9676     1.0000     0.0324     0.9922     0.9922    -0.0000
 29   0     0.9538     1.0000     0.0462     0.9858     0.9858    -0.0000
 30   0     0.9515     1.0000     0.0485     0.9854     0.9854    -0.0000
 31   0     0.9505     1.0000     0.0495     0.9862     0.9862    -0.0000
 32   0     0.9249     1.0000     0.0751     1.0095     1.0095     0.0000
 33   0     0.7821     1.0000     0.2179     0.9989     0.9989     0.0000
 34   0     0.7628     1.0000     0.2372     1.0002     1.0002     0.0000
      Bond orders larger than 0.1000000
           Atom A     A.N. of A          Atom B    A.N. of B              Bond order
                0             8               1            6                1.922547
                1             6               2            6                0.965153
                1             6              18            7                1.151526
                2             6               3           16                0.908137
                2             6              20            1                0.951904
                2             6              21            1                0.939479
                3            16               4            8                1.341639
                3            16               5            6                0.938701
                5             6               6            6                1.002103
                5             6              12            6                0.953145
                5             6              22            1                0.957988
                6             6               7            6                1.410557
                6             6              11            6                1.425400
                7             6               8            6                1.430718
                7             6              23            1                0.992264
                8             6               9            6                1.413459
                8             6              24            1                0.999664
                9             6              10            6                1.412253
                9             6              25            1                0.999131
               10             6              11            6                1.436656
               10             6              26            1                0.998353
               11             6              27            1                0.998275
               12             6              13            6                1.419490
               12             6              17            6                1.406552
               13             6              14            6                1.434248
               13             6              28            1                0.999102
               14             6              15            6                1.415626
               14             6              29            1                0.999015
               15             6              16            6                1.406152
               15             6              30            1                0.998931
               16             6              17            6                1.432292
               16             6              31            1                1.000551
               17             6              32            1                0.993677
               18             7              19            8                0.944828
               18             7              33            1                0.900749
               19             8              34            1                0.933360
# -----------------------------------------------------------
$ Calculation_Info
   description: Details of the calculation
   geom. index: 1
   prop. index: 1
     Multiplicity:                          1
     Charge:                                0
     number of atoms:                       35
     number of electrons:                   0
     number of frozen core electrons:       1
     number of correlated electrons:        0
     number of basis functions:             359
     number of aux C basis functions:       0
     number of aux J basis functions:       0
     number of aux JK basis functions:      0
     number of aux CABS basis functions:    0
     Total Energy                           -1252.432750
# -----------------------------------------------------------
$ SCF_Electric_Properties
   description: The SCF Calculated Electric Properties
   geom. index: 1
   prop. index: 1
       Filename                          : ./ZINC000000000012/ZINC000000000012.scfp 
       Do Dipole Moment Calculation      : true 
       Do Quadrupole Moment Calculation  : false 
       Do Polarizability Calculation     : false 
** Dipole moment part of electric properties **
        Magnitude of dipole moment (Debye) :        5.9976719730
        Electronic Contribution:
                  0    
      0       8.559555
      1       3.746139
      2      -0.712614
        Nuclear Contribution:
                  0    
      0     -10.364897
      1      -4.899922
      2       1.701210
        Total Dipole moment:
                  0    
      0      -1.805342
      1      -1.153783
      2       0.988596
# -------------------------------------------------------------
----------------------- !GEOMETRIES! ------------------------
# -------------------------------------------------------------
------------------------ !GEOMETRY! -------------------------
    Number of atoms:    35 
    Geometry Index:     1 
    Coordinates:
               0 O      4.932118587560   -0.271418482901   -0.422445535275
               1 C      3.860060213863    0.075275540397   -0.919729091112
               2 C      2.529512405699   -0.444193375667   -0.438497482132
               3 S      1.521066777028    0.919172077565    0.203784936710
               4 O      1.174105473665    1.799208501082   -0.965009526241
               5 C      0.062025873150   -0.097866124763    0.710502914806
               6 C     -0.966688397401    0.700650215443    1.503691199953
               7 C     -1.469389356779    1.935417209156    1.060315600303
               8 C     -2.429005489989    2.626611392095    1.804293949615
               9 C     -2.907743793085    2.092467625393    2.997162408539
              10 C     -2.432202059146    0.863493377440    3.446813108534
              11 C     -1.472863917261    0.170702819188    2.704848317504
              12 C     -0.557801152355   -0.940982957545   -0.395065746830
              13 C     -0.682664738651   -2.331167998625   -0.216304373194
              14 C     -1.247975731046   -3.133787928706   -1.209375846485
              15 C     -1.702899660280   -2.560073838295   -2.393861110190
              16 C     -1.598696065406   -1.184370552174   -2.583899536323
              17 C     -1.036191486536   -0.380005986101   -1.590129960028
              18 N      3.792259869516    0.929033303391   -2.001742851395
              19 O      5.034530991716    1.502184616236   -2.377258368079
              20 H      2.697002825260   -1.170645421146    0.361675428232
              21 H      2.026425612055   -0.936025374341   -1.274457442931
              22 H      0.528190065814   -0.788723582935    1.427218687001
              23 H     -1.123086035837    2.377703913522    0.127124113794
              24 H     -2.804703089931    3.582488937892    1.446129786290
              25 H     -3.656659960239    2.630953646667    3.572081010046
              26 H     -2.812928173715    0.442021704867    4.373807282567
              27 H     -1.128987914711   -0.794779865557    3.072974208668
              28 H     -0.345912871920   -2.806675100721    0.703559186986
              29 H     -1.339077979742   -4.205576066895   -1.054088686394
              30 H     -2.145994003624   -3.183562593599   -3.167091670583
              31 H     -1.959062899297   -0.732976314816   -3.504974425741
              32 H     -0.975367226038    0.692501219545   -1.764092331263
              33 H      2.974718800122    1.537222177843   -2.106471865542
              34 H      5.663884507539    1.085723287067   -1.747774990522
