-------------------------------------------------------------
----------------------- !PROPERTIES! ------------------------
-------------------------------------------------------------
# -----------------------------------------------------------
$ PAL_Flags
   description: The PAL Flags
   geom. index: 1
   prop. index: 1
        Diskflag:     2
# -----------------------------------------------------------
$ SCF_Energy
   description: The SCF energy
   geom. index: 1
   prop. index: 1
        SCF Energy:    -1573.0633286980
# -----------------------------------------------------------
$ Mayer_Pop
   description: The Mayer population analysis
   geom. index: 1
   prop. index: 1
     Number of atoms                     : 62
     Threshold for printing              : 0.1000000
     Number of bond orders printed       : 66
  NA   - Mulliken gross atomic population
  ZA   - Total nuclear charge
  QA   - Mulliken gross atomic charge
  VA   - Mayer's total valence
  BVA  - Mayer's bonded valence
  FA   - Mayer's free valence
  ATOM       NA         ZA         QA         VA         BVA        FA
  0   0     5.9220     6.0000     0.0780     3.9115     3.9115     0.0000
  1   0     5.7590     6.0000     0.2410     3.8130     3.8130    -0.0000
  2   0     5.9555     6.0000     0.0445     3.9212     3.9212    -0.0000
  3   0     8.5682     8.0000    -0.5682     1.7893     1.7893     0.0000
  4   0     5.7402     6.0000     0.2598     3.8975     3.8975    -0.0000
  5   0     5.8116     6.0000     0.1884     3.8944     3.8944    -0.0000
  6   0     6.1276     6.0000    -0.1276     3.6715     3.6715    -0.0000
  7   0     6.1362     6.0000    -0.1362     3.7386     3.7386    -0.0000
  8   0     5.9634     6.0000     0.0366     3.8937     3.8937     0.0000
  9   0     5.4745     6.0000     0.5255     3.7991     3.7991     0.0000
 10   0     9.3734     9.0000    -0.3734     0.9023     0.9023     0.0000
 11   0     6.1807     6.0000    -0.1807     3.6918     3.6918    -0.0000
 12   0     6.0901     6.0000    -0.0901     3.8589     3.8589     0.0000
 13   0     5.6881     6.0000     0.3119     3.9330     3.9330     0.0000
 14   0     8.3879     8.0000    -0.3879     2.0593     2.0593     0.0000
 15   0     6.0954     6.0000    -0.0954     3.8260     3.8260    -0.0000
 16   0     5.9517     6.0000     0.0483     3.7335     3.7335     0.0000
 17   0     6.3484     6.0000    -0.3484     3.6973     3.6973     0.0000
 18   0     5.8831     6.0000     0.1169     3.7967     3.7967    -0.0000
 19   0     5.7492     6.0000     0.2508     3.5303     3.5303    -0.0000
 20   0     9.4091     9.0000    -0.4091     0.8401     0.8401     0.0000
 21   0     5.7267     6.0000     0.2733     3.8966     3.8966    -0.0000
 22   0     8.4614     8.0000    -0.4614     1.9319     1.9319    -0.0000
 23   0     5.9047     6.0000     0.0953     3.7252     3.7252     0.0000
 24   0     6.4910     6.0000    -0.4910     3.6955     3.6955     0.0000
 25   0     5.8893     6.0000     0.1107     3.8547     3.8547     0.0000
 26   0     5.8951     6.0000     0.1049     3.3867     3.3867    -0.0000
 27   0     5.7818     6.0000     0.2182     3.7769     3.7769    -0.0000
 28   0     8.3917     8.0000    -0.3917     2.0445     2.0445    -0.0000
 29   0     5.6577     6.0000     0.3423     3.8002     3.8002    -0.0000
 30   0     8.4778     8.0000    -0.4778     1.9423     1.9423    -0.0000
 31   0     8.6478     8.0000    -0.6478     1.7041     1.7041    -0.0000
 32   0     0.9693     1.0000     0.0307     0.9976     0.9976    -0.0000
 33   0     0.9588     1.0000     0.0412     0.9873     0.9873    -0.0000
 34   0     0.9506     1.0000     0.0494     0.9874     0.9874    -0.0000
 35   0     0.9558     1.0000     0.0442     1.0003     1.0003    -0.0000
 36   0     0.9560     1.0000     0.0440     0.9858     0.9858     0.0000
 37   0     0.9455     1.0000     0.0545     0.9900     0.9900    -0.0000
 38   0     0.9540     1.0000     0.0460     0.9833     0.9833    -0.0000
 39   0     0.9300     1.0000     0.0700     1.0039     1.0039    -0.0000
 40   0     0.9608     1.0000     0.0392     0.9718     0.9718    -0.0000
 41   0     0.9468     1.0000     0.0532     0.9873     0.9873     0.0000
 42   0     0.9113     1.0000     0.0887     0.9971     0.9971    -0.0000
 43   0     0.9435     1.0000     0.0565     0.9997     0.9997     0.0000
 44   0     0.9483     1.0000     0.0517     0.9761     0.9761     0.0000
 45   0     0.9548     1.0000     0.0452     0.9943     0.9943     0.0000
 46   0     0.9350     1.0000     0.0650     1.0158     1.0158     0.0000
 47   0     0.9443     1.0000     0.0557     1.0008     1.0008    -0.0000
 48   0     0.9056     1.0000     0.0944     0.9963     0.9963     0.0000
 49   0     0.9465     1.0000     0.0535     0.9968     0.9968    -0.0000
 50   0     0.9503     1.0000     0.0497     0.9935     0.9935    -0.0000
 51   0     0.9542     1.0000     0.0458     1.0090     1.0090    -0.0000
 52   0     0.9557     1.0000     0.0443     0.9984     0.9984    -0.0000
 53   0     0.7864     1.0000     0.2136     0.9860     0.9860    -0.0000
 54   0     0.9224     1.0000     0.0776     1.0265     1.0265     0.0000
 55   0     0.9601     1.0000     0.0399     1.0133     1.0133     0.0000
 56   0     0.9748     1.0000     0.0252     0.9930     0.9930     0.0000
 57   0     0.9462     1.0000     0.0538     0.9897     0.9897     0.0000
 58   0     0.9486     1.0000     0.0514     0.9880     0.9880    -0.0000
 59   0     0.9351     1.0000     0.0649     0.9991     0.9991    -0.0000
 60   0     0.9437     1.0000     0.0563     0.9967     0.9967    -0.0000
 61   0     0.7655     1.0000     0.2345     1.0009     1.0009    -0.0000
      Bond orders larger than 0.1000000
           Atom A     A.N. of A          Atom B    A.N. of B              Bond order
                0             6               1            6                1.043532
                0             6              32            1                0.970588
                0             6              33            1                0.975611
                0             6              34            1                0.974587
                1             6               2            6                1.044649
                1             6               3            8                0.884877
                1             6              31            8                0.791828
                2             6              35            1                0.970576
                2             6              36            1                0.973809
                2             6              37            1                0.974008
                3             8               4            6                0.871550
                4             6               5            6                1.041676
                4             6              26            6                1.042555
                4             6              38            1                0.984640
                5             6               6            6                1.009698
                5             6              39            1                0.951520
                5             6              40            1                0.961568
                6             6               7            6                0.933087
                6             6              24            6                0.909824
                6             6              41            1                0.944440
                7             6               8            6                0.980824
                7             6              19            6                1.034609
                7             6              42            1                0.945952
                8             6               9            6                1.059443
                8             6              43            1                0.965504
                8             6              44            1                0.962921
                9             6              10            9                0.849111
                9             6              11            6                0.994073
                9             6              45            1                0.966320
               11             6              12            6                1.849675
               11             6              17            6                0.938592
               12             6              13            6                1.004970
               12             6              46            1                1.009278
               13             6              14            8                1.950053
               13             6              15            6                1.005013
               15             6              16            6                1.842828
               15             6              47            1                1.003936
               16             6              17            6                0.974933
               16             6              48            1                0.976703
               17             6              18            6                0.983971
               17             6              19            6                0.876630
               18             6              49            1                0.974941
               18             6              50            1                0.981691
               18             6              51            1                0.981936
               19             6              20            9                0.760732
               19             6              21            6                1.004897
               21             6              22            8                0.932238
               21             6              23            6                1.024272
               21             6              52            1                0.969697
               22             8              53            1                0.955652
               23             6              24            6                0.957267
               23             6              54            1                0.951141
               23             6              55            1                0.967492
               24             6              25            6                1.010618
               24             6              26            6                0.905624
               25             6              56            1                0.985061
               25             6              57            1                0.980192
               25             6              58            1                0.980395
               26             6              27            6                0.849178
               26             6              31            8                0.814629
               27             6              28            8                1.987706
               27             6              29            6                0.953595
               29             6              30            8                0.933151
               29             6              59            1                0.968183
               29             6              60            1                0.969113
               30             8              61            1                0.935532
# -----------------------------------------------------------
$ Calculation_Info
   description: Details of the calculation
   geom. index: 1
   prop. index: 1
     Multiplicity:                          1
     Charge:                                0
     number of atoms:                       62
     number of electrons:                   0
     number of frozen core electrons:       1
     number of correlated electrons:        0
     number of basis functions:             598
     number of aux C basis functions:       0
     number of aux J basis functions:       0
     number of aux JK basis functions:      0
     number of aux CABS basis functions:    0
     Total Energy                           -1573.063329
# -----------------------------------------------------------
$ SCF_Electric_Properties
   description: The SCF Calculated Electric Properties
   geom. index: 1
   prop. index: 1
       Filename                          : ./ZINC000000000025/ZINC000000000025.scfp 
       Do Dipole Moment Calculation      : true 
       Do Quadrupole Moment Calculation  : false 
       Do Polarizability Calculation     : false 
** Dipole moment part of electric properties **
        Magnitude of dipole moment (Debye) :        4.9260445257
        Electronic Contribution:
                  0    
      0     -22.743429
      1       9.113738
      2      -3.821728
        Nuclear Contribution:
                  0    
      0      24.518073
      1      -9.217752
      2       3.049895
        Total Dipole moment:
                  0    
      0       1.774643
      1      -0.104014
      2      -0.771833
# -------------------------------------------------------------
----------------------- !GEOMETRIES! ------------------------
# -------------------------------------------------------------
------------------------ !GEOMETRY! -------------------------
    Number of atoms:    62 
    Geometry Index:     1 
    Coordinates:
               0 C      4.514269241986   -0.317353506793    2.520686406311
               1 C      4.080729980756    0.207159100637    1.151046494775
               2 C      5.304516363715    0.450090913987    0.275734506280
               3 O      3.350955835569    1.454913898645    1.289919006211
               4 C      2.027754289012    0.980007750417    1.274246411597
               5 C      0.790939598085    1.805412553030    1.072559824499
               6 C     -0.256234781784    0.729261054402    0.599319390032
               7 C     -1.101401611600    1.321104729081   -0.553178395474
               8 C     -2.028879056696    2.468538618432   -0.070249958485
               9 C     -3.517081432292    2.131902095747   -0.084088707937
              10 F     -4.147351751311    2.979438928816    0.777284314041
              11 C     -3.684046670049    0.697405211630    0.325706202387
              12 C     -4.142669590691    0.373587897407    1.548306550286
              13 C     -4.117042803465   -1.018567988939    2.036927424203
              14 O     -4.563142515068   -1.321482374502    3.135083317793
              15 C     -3.483258007129   -2.023324292994    1.161718947572
              16 C     -3.041885508107   -1.696255795167   -0.061094611659
              17 C     -3.165732005395   -0.321077972964   -0.700378628138
              18 C     -4.275342015652   -0.506461801496   -1.772662074397
              19 C     -1.851396333102    0.265115666599   -1.387284336107
              20 F     -2.297709707775    0.978055324254   -2.496719710802
              21 C     -0.798869776541   -0.705103788294   -1.960059830246
              22 O     -1.401581718855   -1.687809274806   -2.804418950377
              23 C      0.052353846931   -1.425558413406   -0.914621401221
              24 C      0.579409213139   -0.596959001731    0.283345339769
              25 C      0.509182452382   -1.568992087617    1.501627159698
              26 C      2.033829129973   -0.038165905372    0.150014135080
              27 C      2.316342917803    0.516361672004   -1.275512291492
              28 O      1.956714537238    1.638068951081   -1.640739900058
              29 C      3.057538886349   -0.392006416834   -2.273350247397
              30 O      3.234261169905   -1.750713571033   -1.935782729805
              31 O      3.191038090341   -0.793905903708    0.542594773619
              32 H      3.650024559377   -0.551960624256    3.150951344641
              33 H      5.091610174593   -1.242809580992    2.421495697798
              34 H      5.113724143704    0.425647056626    3.056843494420
              35 H      5.034941506743    0.973551607078   -0.645432197955
              36 H      5.788689694268   -0.491181787426   -0.002963735757
              37 H      6.031757166468    1.090840870181    0.786358722384
              38 H      1.902691370180    0.522061962349    2.262885419219
              39 H      0.951471349053    2.617416508511    0.357635894208
              40 H      0.471568148013    2.278203505198    2.008103584335
              41 H     -0.926850941166    0.513194899244    1.441417659166
              42 H     -0.411024990666    1.812402150082   -1.249817327166
              43 H     -1.742862194692    2.811609436597    0.931726320503
              44 H     -1.880337584271    3.344442626211   -0.715992079401
              45 H     -3.953730733660    2.310786976364   -1.071055994313
              46 H     -4.489126393390    1.115411632842    2.260503744964
              47 H     -3.427627030176   -3.033558842601    1.549936619460
              48 H     -2.663065297583   -2.503949558844   -0.685956375222
              49 H     -4.528353306664    0.432068340381   -2.278207227650
              50 H     -5.206958784735   -0.882067163996   -1.328927339007
              51 H     -3.974979408783   -1.221577289899   -2.546442108317
              52 H     -0.126704062486   -0.135834387383   -2.613528162580
              53 H     -1.790107105331   -1.206911752813   -3.560241507439
              54 H      0.879124674181   -1.930583667626   -1.422355471554
              55 H     -0.522663884555   -2.283128084401   -0.548915719476
              56 H      0.780459532299   -1.108890895624    2.454056684041
              57 H     -0.507914846717   -1.950892114706    1.639758635184
              58 H      1.169160537573   -2.430563027767    1.348501471095
              59 H      2.491668145297   -0.367578676425   -3.210299378968
              60 H      4.042334485543    0.042286654709   -2.465480411135
              61 H      3.626870809912   -1.781123042126   -1.040538686039
