-------------------------------------------------------------
----------------------- !PROPERTIES! ------------------------
-------------------------------------------------------------
# -----------------------------------------------------------
$ PAL_Flags
   description: The PAL Flags
   geom. index: 1
   prop. index: 1
        Diskflag:     2
# -----------------------------------------------------------
$ SCF_Energy
   description: The SCF energy
   geom. index: 1
   prop. index: 1
        SCF Energy:     -891.7895507329
# -----------------------------------------------------------
$ Mayer_Pop
   description: The Mayer population analysis
   geom. index: 1
   prop. index: 1
     Number of atoms                     : 40
     Threshold for printing              : 0.1000000
     Number of bond orders printed       : 40
  NA   - Mulliken gross atomic population
  ZA   - Total nuclear charge
  QA   - Mulliken gross atomic charge
  VA   - Mayer's total valence
  BVA  - Mayer's bonded valence
  FA   - Mayer's free valence
  ATOM       NA         ZA         QA         VA         BVA        FA
  0   0     5.9666     6.0000     0.0334     3.8543     3.8543    -0.0000
  1   0     6.2519     6.0000    -0.2519     3.9672     3.9672    -0.0000
  2   0     5.9588     6.0000     0.0412     3.8386     3.8386    -0.0000
  3   0     5.9434     6.0000     0.0566     3.8378     3.8378    -0.0000
  4   0     7.4805     7.0000    -0.4805     2.8325     2.8325     0.0000
  5   0     5.8281     6.0000     0.1719     3.9032     3.9032    -0.0000
  6   0     5.7192     6.0000     0.2808     3.9148     3.9148    -0.0000
  7   0     8.4596     8.0000    -0.4596     1.9227     1.9227     0.0000
  8   0     6.1171     6.0000    -0.1171     3.8015     3.8015    -0.0000
  9   0     6.0005     6.0000    -0.0005     3.8678     3.8678     0.0000
 10   0     6.0628     6.0000    -0.0628     3.9297     3.9297    -0.0000
 11   0     5.7820     6.0000     0.2180     3.8073     3.8073    -0.0000
 12   0     8.4118     8.0000    -0.4118     2.0027     2.0027     0.0000
 13   0     5.8705     6.0000     0.1295     3.8259     3.8259    -0.0000
 14   0     7.4205     7.0000    -0.4205     2.9602     2.9602     0.0000
 15   0     5.4551     6.0000     0.5449     4.2049     4.2049     0.0000
 16   0     7.3156     7.0000    -0.3156     3.0187     3.0187    -0.0000
 17   0     8.4550     8.0000    -0.4550     2.0166     2.0166    -0.0000
 18   0     6.0440     6.0000    -0.0440     3.9432     3.9432    -0.0000
 19   0     0.9675     1.0000     0.0325     0.9884     0.9884     0.0000
 20   0     0.9600     1.0000     0.0400     0.9880     0.9880    -0.0000
 21   0     0.9779     1.0000     0.0221     0.9875     0.9875     0.0000
 22   0     0.9675     1.0000     0.0325     0.9863     0.9863    -0.0000
 23   0     0.9624     1.0000     0.0376     0.9872     0.9872    -0.0000
 24   0     0.9737     1.0000     0.0263     0.9864     0.9864    -0.0000
 25   0     0.9652     1.0000     0.0348     0.9933     0.9933     0.0000
 26   0     0.9748     1.0000     0.0252     0.9856     0.9856    -0.0000
 27   0     0.9650     1.0000     0.0350     0.9913     0.9913    -0.0000
 28   0     0.8637     1.0000     0.1363     0.9725     0.9725     0.0000
 29   0     0.9722     1.0000     0.0278     0.9777     0.9777     0.0000
 30   0     0.9769     1.0000     0.0231     0.9899     0.9899     0.0000
 31   0     0.9841     1.0000     0.0159     0.9711     0.9711    -0.0000
 32   0     0.7921     1.0000     0.2079     1.0158     1.0158     0.0000
 33   0     0.9587     1.0000     0.0413     0.9915     0.9915     0.0000
 34   0     0.9548     1.0000     0.0452     0.9966     0.9966     0.0000
 35   0     0.7863     1.0000     0.2137     0.9833     0.9833     0.0000
 36   0     0.8439     1.0000     0.1561     1.0052     1.0052    -0.0000
 37   0     0.8496     1.0000     0.1504     0.9911     0.9911    -0.0000
 38   0     0.8346     1.0000     0.1654     0.9967     0.9967    -0.0000
 39   0     0.9264     1.0000     0.0736     1.0295     1.0295     0.0000
      Bond orders larger than 0.1000000
           Atom A     A.N. of A          Atom B    A.N. of B              Bond order
                0             6               1            6                1.015388
                0             6              19            1                0.985820
                0             6              20            1                0.984206
                0             6              21            1                0.981891
                1             6               2            6                0.992669
                1             6               3            6                0.999748
                1             6               4            7                0.918695
                2             6              22            1                0.978774
                2             6              23            1                0.980183
                2             6              24            1                0.978831
                3             6              25            1                0.983767
                3             6              26            1                0.981455
                3             6              27            1                0.979589
                4             7               5            6                0.988877
                4             7              28            1                0.953048
                5             6               6            6                1.028473
                5             6              29            1                0.967063
                5             6              30            1                0.964574
                6             6               7            8                0.977028
                6             6               8            6                0.980362
                6             6              31            1                0.956097
                7             8              32            1                0.952883
                8             6               9            6                1.396006
                8             6              18            6                1.431961
                9             6              10            6                1.418971
                9             6              33            1                0.998890
               10             6              11            6                1.424717
               10             6              34            1                1.006970
               11             6              12            8                0.998595
               11             6              13            6                1.347736
               12             8              35            1                0.960849
               13             6              14            7                0.975476
               13             6              18            6                1.400038
               14             7              15            6                1.080541
               14             7              36            1                0.927409
               15             6              16            7                1.130083
               15             6              17            8                1.939314
               16             7              37            1                0.955494
               16             7              38            1                0.956769
               18             6              39            1                0.998525
# -----------------------------------------------------------
$ Calculation_Info
   description: Details of the calculation
   geom. index: 1
   prop. index: 1
     Multiplicity:                          1
     Charge:                                0
     number of atoms:                       40
     number of electrons:                   0
     number of frozen core electrons:       1
     number of correlated electrons:        0
     number of basis functions:             371
     number of aux C basis functions:       0
     number of aux J basis functions:       0
     number of aux JK basis functions:      0
     number of aux CABS basis functions:    0
     Total Energy                           -891.789551
# -----------------------------------------------------------
$ SCF_Electric_Properties
   description: The SCF Calculated Electric Properties
   geom. index: 1
   prop. index: 1
       Filename                          : ./ZINC000000000124/ZINC000000000124.scfp 
       Do Dipole Moment Calculation      : true 
       Do Quadrupole Moment Calculation  : false 
       Do Polarizability Calculation     : false 
** Dipole moment part of electric properties **
        Magnitude of dipole moment (Debye) :        1.8942841087
        Electronic Contribution:
                  0    
      0      31.405942
      1      -2.871629
      2      -3.390674
        Nuclear Contribution:
                  0    
      0     -31.107160
      1       2.565959
      2       2.780184
        Total Dipole moment:
                  0    
      0       0.298782
      1      -0.305670
      2      -0.610490
# -------------------------------------------------------------
----------------------- !GEOMETRIES! ------------------------
# -------------------------------------------------------------
------------------------ !GEOMETRY! -------------------------
    Number of atoms:    40 
    Geometry Index:     1 
    Coordinates:
               0 C     -4.973570885209    0.117213605816    0.786250669239
               1 C     -3.488723016128    0.301746574109    0.398794608468
               2 C     -3.389071373095    0.236218594460   -1.135730176856
               3 C     -3.059597263411    1.691511573296    0.901399490553
               4 N     -2.741653401286   -0.765376166978    1.103998864947
               5 C     -1.450361119255   -1.212664733256    0.531475523972
               6 C     -0.267386123232   -0.234444170993    0.760020505394
               7 O     -0.210289409272    0.112233680027    2.146665124197
               8 C      1.095514705004   -0.752336513034    0.345733230825
               9 C      1.529884352307   -2.057470612175    0.645158310922
              10 C      2.792692466374   -2.495357598409    0.245324915061
              11 C      3.638015345979   -1.618429237996   -0.430323202166
              12 O      4.834078165819   -2.111588750202   -0.879077136695
              13 C      3.266896745053   -0.288746504864   -0.684483068395
              14 N      4.231465722297    0.578215910794   -1.248286325222
              15 C      4.028823887955    1.825933146382   -1.766216927888
              16 N      5.210839101586    2.464638845348   -2.023696440801
              17 O      2.966085982893    2.370484402101   -2.022531353818
              18 C      1.988976221177    0.129251376048   -0.305757248862
              19 H     -5.600794832300    0.900399398606    0.345207091661
              20 H     -5.112963095967    0.159531502429    1.872722686868
              21 H     -5.361148514985   -0.847202184559    0.440952235527
              22 H     -4.045448627773    0.981357953165   -1.602040290826
              23 H     -2.373833626026    0.444725860558   -1.488035810415
              24 H     -3.688714505400   -0.749916573400   -1.513815923822
              25 H     -2.039101466972    1.956942286106    0.604865387662
              26 H     -3.712320347651    2.474975303151    0.503419091531
              27 H     -3.110000784442    1.748143565223    1.996341246411
              28 H     -3.339721269815   -1.594352200126    1.147197417296
              29 H     -1.539314465837   -1.498952372619   -0.525928754454
              30 H     -1.234006683974   -2.144760309097    1.068238569844
              31 H     -0.466599871571    0.679265968502    0.189587414206
              32 H     -1.147468117441    0.122818032256    2.430473096568
              33 H      0.896934140063   -2.748822848458    1.204557832231
              34 H      3.110966623417   -3.516379833378    0.456284042127
              35 H      4.899836567143   -1.819599750747   -1.808881290747
              36 H      5.177089343846    0.226540758591   -1.298600918014
              37 H      5.937790169291    2.347592110678   -1.327668494155
              38 H      5.068139820202    3.426065895901   -2.311710830030
              39 H      1.678059440635    1.160594016740   -0.470660444247
