-------------------------------------------------------------
----------------------- !PROPERTIES! ------------------------
-------------------------------------------------------------
# -----------------------------------------------------------
$ PAL_Flags
   description: The PAL Flags
   geom. index: 1
   prop. index: 1
        Diskflag:     2
# -----------------------------------------------------------
$ SCF_Energy
   description: The SCF energy
   geom. index: 1
   prop. index: 1
        SCF Energy:    -1689.6587982779
# -----------------------------------------------------------
$ Mayer_Pop
   description: The Mayer population analysis
   geom. index: 1
   prop. index: 1
     Number of atoms                     : 53
     Threshold for printing              : 0.1000000
     Number of bond orders printed       : 56
  NA   - Mulliken gross atomic population
  ZA   - Total nuclear charge
  QA   - Mulliken gross atomic charge
  VA   - Mayer's total valence
  BVA  - Mayer's bonded valence
  FA   - Mayer's free valence
  ATOM       NA         ZA         QA         VA         BVA        FA
  0   0     5.9195     6.0000     0.0805     3.8972     3.8972    -0.0000
  1   0     6.1919     6.0000    -0.1919     3.8814     3.8814    -0.0000
  2   0     6.0189     6.0000    -0.0189     3.8974     3.8974     0.0000
  3   0     6.0382     6.0000    -0.0382     3.9303     3.9303    -0.0000
  4   0     6.2002     6.0000    -0.2002     3.9731     3.9731     0.0000
  5   0     5.9004     6.0000     0.0996     3.9045     3.9045    -0.0000
  6   0     6.2004     6.0000    -0.2004     3.9383     3.9383     0.0000
  7   0     5.6517     6.0000     0.3483     3.8062     3.8062    -0.0000
  8   0     7.6150     7.0000    -0.6150     2.8580     2.8580     0.0000
  9   0     5.3406     6.0000     0.6594     4.0674     4.0674    -0.0000
 10   0     8.4445     8.0000    -0.4445     2.0606     2.0606    -0.0000
 11   0     7.4623     7.0000    -0.4623     2.8686     2.8686    -0.0000
 12   0     6.2868     6.0000    -0.2868     3.6569     3.6569    -0.0000
 13   0     5.9126     6.0000     0.0874     3.8499     3.8499     0.0000
 14   0     5.8397     6.0000     0.1603     3.8657     3.8657    -0.0000
 15   0     7.6370     7.0000    -0.6370     2.8286     2.8286    -0.0000
 16   0     5.6810     6.0000     0.3190     3.7656     3.7656    -0.0000
 17   0     5.8463     6.0000     0.1537     4.0250     4.0250    -0.0000
 18   0     7.3931     7.0000    -0.3931     2.9422     2.9422    -0.0000
 19   0     5.9744     6.0000     0.0256     3.9189     3.9189    -0.0000
 20   0     5.9395     6.0000     0.0605     3.8842     3.8842    -0.0000
 21   0     6.0701     6.0000    -0.0701     3.7801     3.7801    -0.0000
 22   0     5.7578     6.0000     0.2422     3.9537     3.9537     0.0000
 23   0    17.1073    17.0000    -0.1073     1.0816     1.0816     0.0000
 24   0     7.3352     7.0000    -0.3352     2.9803     2.9803    -0.0000
 25   0     5.6559     6.0000     0.3441     3.7382     3.7382     0.0000
 26   0     5.4556     6.0000     0.5444     3.9784     3.9784    -0.0000
 27   0     8.4163     8.0000    -0.4163     2.0823     2.0823    -0.0000
 28   0     6.0201     6.0000    -0.0201     3.9312     3.9312    -0.0000
 29   0     0.9663     1.0000     0.0337     0.9840     0.9840    -0.0000
 30   0     0.9480     1.0000     0.0520     0.9787     0.9787    -0.0000
 31   0     0.9625     1.0000     0.0375     0.9877     0.9877    -0.0000
 32   0     0.9754     1.0000     0.0246     0.9931     0.9931     0.0000
 33   0     0.9734     1.0000     0.0266     0.9934     0.9934    -0.0000
 34   0     0.9280     1.0000     0.0720     0.9949     0.9949    -0.0000
 35   0     0.9638     1.0000     0.0362     0.9834     0.9834    -0.0000
 36   0     0.9748     1.0000     0.0252     0.9870     0.9870     0.0000
 37   0     0.9353     1.0000     0.0647     1.0041     1.0041    -0.0000
 38   0     0.9314     1.0000     0.0686     0.9958     0.9958    -0.0000
 39   0     0.8186     1.0000     0.1814     0.9864     0.9864     0.0000
 40   0     0.9512     1.0000     0.0488     0.9909     0.9909     0.0000
 41   0     0.9391     1.0000     0.0609     0.9925     0.9925    -0.0000
 42   0     0.9475     1.0000     0.0525     0.9800     0.9800     0.0000
 43   0     0.9432     1.0000     0.0568     0.9979     0.9979     0.0000
 44   0     0.9492     1.0000     0.0508     0.9968     0.9968     0.0000
 45   0     0.9895     1.0000     0.0105     0.9929     0.9929     0.0000
 46   0     0.9375     1.0000     0.0625     1.0033     1.0033     0.0000
 47   0     0.9403     1.0000     0.0597     0.9841     0.9841     0.0000
 48   0     0.9378     1.0000     0.0622     0.9841     0.9841     0.0000
 49   0     0.9421     1.0000     0.0579     1.0075     1.0075    -0.0000
 50   0     0.9536     1.0000     0.0464     1.0015     1.0015     0.0000
 51   0     0.9327     1.0000     0.0673     0.9974     0.9974     0.0000
 52   0     0.9461     1.0000     0.0539     1.0218     1.0218    -0.0000
      Bond orders larger than 0.1000000
           Atom A     A.N. of A          Atom B    A.N. of B              Bond order
                0             6               1            6                0.999270
                0             6              29            1                0.984636
                0             6              30            1                0.974536
                0             6              31            1                0.986597
                1             6               2            6                1.409423
                1             6              28            6                1.430480
                2             6               3            6                1.438513
                2             6              32            1                1.003846
                3             6               4            6                1.431059
                3             6              33            1                1.002043
                4             6               5            6                1.006049
                4             6               6            6                1.454303
                5             6              34            1                0.966412
                5             6              35            1                0.978277
                5             6              36            1                0.979288
                6             6               7            6                1.019842
                6             6              28            6                1.429450
                7             6               8            7                0.824141
                7             6              37            1                0.973559
                7             6              38            1                0.970904
                8             7               9            6                1.001923
                8             7              26            6                1.068618
                9             6              10            8                1.974379
                9             6              11            7                1.100594
               11             7              12            6                0.870642
               11             7              39            1                0.934234
               12             6              13            6                0.984127
               12             6              25            6                0.935386
               12             6              26            6                0.922519
               13             6              14            6                1.034423
               13             6              40            1                0.966696
               13             6              41            1                0.963263
               14             6              15            7                0.927946
               14             6              42            1                0.971087
               14             6              43            1                0.975899
               15             7              16            6                0.947632
               15             7              25            6                0.956907
               16             6              17            6                0.993958
               16             6              44            1                0.960533
               16             6              45            1                0.966582
               17             6              18            7                1.440684
               17             6              24            7                1.495473
               18             7              19            6                1.464721
               19             6              20            6                1.007453
               19             6              21            6                1.360214
               20             6              46            1                0.982078
               20             6              47            1                0.976699
               20             6              48            1                0.975174
               21             6              22            6                1.386777
               21             6              49            1                0.985096
               22             6              23           17                1.040474
               22             6              24            7                1.443200
               25             6              50            1                0.971563
               25             6              51            1                0.973434
               26             6              27            8                2.011606
               28             6              52            1                0.999875
# -----------------------------------------------------------
$ Calculation_Info
   description: Details of the calculation
   geom. index: 1
   prop. index: 1
     Multiplicity:                          1
     Charge:                                0
     number of atoms:                       53
     number of electrons:                   0
     number of frozen core electrons:       1
     number of correlated electrons:        0
     number of basis functions:             530
     number of aux C basis functions:       0
     number of aux J basis functions:       0
     number of aux JK basis functions:      0
     number of aux CABS basis functions:    0
     Total Energy                           -1689.658798
# -----------------------------------------------------------
$ SCF_Electric_Properties
   description: The SCF Calculated Electric Properties
   geom. index: 1
   prop. index: 1
       Filename                          : ./ZINC000000000203/ZINC000000000203.scfp 
       Do Dipole Moment Calculation      : true 
       Do Quadrupole Moment Calculation  : false 
       Do Polarizability Calculation     : false 
** Dipole moment part of electric properties **
        Magnitude of dipole moment (Debye) :        4.4036873914
        Electronic Contribution:
                  0    
      0      30.811952
      1      12.781428
      2      -5.021899
        Nuclear Contribution:
                  0    
      0     -29.161328
      1     -13.200511
      2       5.340328
        Total Dipole moment:
                  0    
      0       1.650624
      1      -0.419083
      2       0.318429
# -------------------------------------------------------------
----------------------- !GEOMETRIES! ------------------------
# -------------------------------------------------------------
------------------------ !GEOMETRY! -------------------------
    Number of atoms:    53 
    Geometry Index:     1 
    Coordinates:
               0 C     -5.832213609631    2.216288648614    2.209186709774
               1 C     -5.439881339766    1.358709497756    1.043216758251
               2 C     -5.835069952646    1.699582298041   -0.249353683977
               3 C     -5.436515395666    0.919658662481   -1.335049909005
               4 C     -4.632118489364   -0.219385160154   -1.158265800382
               5 C     -4.223414536826   -0.994189572049   -2.381703091385
               6 C     -4.208175564603   -0.564181165844    0.141902312646
               7 C     -3.299605585507   -1.743585432081    0.436646195729
               8 N     -1.913595384809   -1.345727319679    0.551531338481
               9 C     -1.329318622387   -0.920604287727    1.704497279524
              10 O     -1.841065745407   -0.792617756116    2.804115709653
              11 N     -0.000368967277   -0.667947325712    1.455080459204
              12 C      0.335981403423   -0.860487025156    0.064905535320
              13 C      1.532602926091   -1.777953259565   -0.138896859991
              14 C      2.391166999277   -1.035741900025   -1.155304096114
              15 N      2.124645137216    0.398049776048   -0.948282645343
              16 C      2.901251421015    0.976327625866    0.176732282548
              17 C      4.405722335963    1.060688807789   -0.050480735715
              18 N      5.167881108054    0.055280728777    0.437618367011
              19 C      6.498859813721    0.123556793177    0.227905360681
              20 C      7.339714410944   -0.998168858635    0.758430988131
              21 C      7.081677086387    1.170060439799   -0.450134433690
              22 C      6.215488344722    2.137951683346   -0.894221851901
              23 Cl     6.802863841525    3.509349732180   -1.743710560528
              24 N      4.888064835586    2.124846547554   -0.712990954194
              25 C      0.671948039774    0.443028654611   -0.671777410915
              26 C     -0.983895513694   -1.447168417423   -0.445690918047
              27 O     -1.158984611639   -1.917009215024   -1.561670685476
              28 C     -4.619872428352    0.239320736871    1.225885750148
              29 H     -6.839346034895    2.622554891006    2.071259654465
              30 H     -5.127251708774    3.046378554494    2.317319127540
              31 H     -5.839744322690    1.637687606514    3.138655057439
              32 H     -6.452885380043    2.577560516612   -0.422602240356
              33 H     -5.758702878801    1.213196809916   -2.332467805404
              34 H     -3.182226794360   -0.777683166335   -2.631840400409
              35 H     -4.359051234404   -2.069085256907   -2.235367554471
              36 H     -4.836226796138   -0.719065165863   -3.247601741970
              37 H     -3.391823149271   -2.517144674792   -0.331310811553
              38 H     -3.612739087947   -2.207853657702    1.380385718320
              39 H      0.601629244029   -0.294637574434    2.177379010638
              40 H      2.094528501699   -1.910776880719    0.793322083133
              41 H      1.259165443769   -2.772116863026   -0.507235564214
              42 H      2.066300745036   -1.302140958547   -2.169493620029
              43 H      3.446996126120   -1.313590273673   -1.090822869962
              44 H      2.556805816317    2.005116510660    0.345779048862
              45 H      2.723626435085    0.434595998459    1.113976384258
              46 H      6.724976318627   -1.720043148391    1.305338516047
              47 H      8.100406426454   -0.611452773686    1.444082397300
              48 H      7.831936872630   -1.523383757746   -0.066028379230
              49 H      8.146915003438    1.229648300524   -0.622575650004
              50 H      0.380193781778    1.342173048673   -0.115856752743
              51 H      0.152094245876    0.493650426006   -1.636877373921
              52 H     -4.289349529664   -0.011522448764    2.234383202356
