-------------------------------------------------------------
----------------------- !PROPERTIES! ------------------------
-------------------------------------------------------------
# -----------------------------------------------------------
$ PAL_Flags
   description: The PAL Flags
   geom. index: 1
   prop. index: 1
        Diskflag:     2
# -----------------------------------------------------------
$ SCF_Energy
   description: The SCF energy
   geom. index: 1
   prop. index: 1
        SCF Energy:     -974.4754871388
# -----------------------------------------------------------
$ Mayer_Pop
   description: The Mayer population analysis
   geom. index: 1
   prop. index: 1
     Number of atoms                     : 47
     Threshold for printing              : 0.1000000
     Number of bond orders printed       : 49
  NA   - Mulliken gross atomic population
  ZA   - Total nuclear charge
  QA   - Mulliken gross atomic charge
  VA   - Mayer's total valence
  BVA  - Mayer's bonded valence
  FA   - Mayer's free valence
  ATOM       NA         ZA         QA         VA         BVA        FA
  0   0     5.8309     6.0000     0.1691     3.8724     3.8724    -0.0000
  1   0     7.5935     7.0000    -0.5935     2.7277     2.7277    -0.0000
  2   0     6.0412     6.0000    -0.0412     3.8230     3.8230    -0.0000
  3   0     5.9846     6.0000     0.0154     3.8699     3.8699    -0.0000
  4   0     5.9856     6.0000     0.0144     3.8708     3.8708    -0.0000
  5   0     6.0505     6.0000    -0.0505     3.8256     3.8256    -0.0000
  6   0     5.9060     6.0000     0.0940     3.8404     3.8404    -0.0000
  7   0     5.7810     6.0000     0.2190     3.7985     3.7985    -0.0000
  8   0     8.5802     8.0000    -0.5802     1.8484     1.8484    -0.0000
  9   0     5.3747     6.0000     0.6253     3.8476     3.8476     0.0000
 10   0     8.4087     8.0000    -0.4087     2.0603     2.0603    -0.0000
 11   0     6.4732     6.0000    -0.4732     3.7320     3.7320    -0.0000
 12   0     5.9212     6.0000     0.0788     3.8761     3.8761    -0.0000
 13   0     5.5548     6.0000     0.4452     3.7559     3.7559     0.0000
 14   0     8.4657     8.0000    -0.4657     1.9230     1.9230     0.0000
 15   0     6.0621     6.0000    -0.0621     3.8054     3.8054     0.0000
 16   0     6.0290     6.0000    -0.0290     3.9101     3.9101    -0.0000
 17   0     6.0300     6.0000    -0.0300     3.8941     3.8941     0.0000
 18   0     6.0338     6.0000    -0.0338     3.8614     3.8614    -0.0000
 19   0     6.0376     6.0000    -0.0376     3.8888     3.8888    -0.0000
 20   0     6.0175     6.0000    -0.0175     3.9531     3.9531     0.0000
 21   0     5.9432     6.0000     0.0568     3.8590     3.8590    -0.0000
 22   0     0.9675     1.0000     0.0325     0.9857     0.9857     0.0000
 23   0     0.9660     1.0000     0.0340     0.9864     0.9864    -0.0000
 24   0     0.9957     1.0000     0.0043     0.9769     0.9769    -0.0000
 25   0     0.9595     1.0000     0.0405     0.9808     0.9808    -0.0000
 26   0     0.9654     1.0000     0.0346     0.9719     0.9719    -0.0000
 27   0     0.9672     1.0000     0.0328     0.9805     0.9805    -0.0000
 28   0     0.9650     1.0000     0.0350     0.9720     0.9720     0.0000
 29   0     0.9671     1.0000     0.0329     0.9807     0.9807     0.0000
 30   0     0.9611     1.0000     0.0389     0.9800     0.9800    -0.0000
 31   0     0.9645     1.0000     0.0355     0.9908     0.9908    -0.0000
 32   0     0.9677     1.0000     0.0323     0.9774     0.9774    -0.0000
 33   0     0.9355     1.0000     0.0645     0.9932     0.9932    -0.0000
 34   0     0.9708     1.0000     0.0292     0.9907     0.9907    -0.0000
 35   0     0.9380     1.0000     0.0620     0.9920     0.9920     0.0000
 36   0     0.9418     1.0000     0.0582     0.9920     0.9920     0.0000
 37   0     0.9862     1.0000     0.0138     0.9935     0.9935    -0.0000
 38   0     0.9743     1.0000     0.0257     0.9914     0.9914     0.0000
 39   0     0.7996     1.0000     0.2004     0.9891     0.9891     0.0000
 40   0     0.9547     1.0000     0.0453     0.9994     0.9994    -0.0000
 41   0     0.9619     1.0000     0.0381     0.9862     0.9862     0.0000
 42   0     0.9614     1.0000     0.0386     0.9855     0.9855    -0.0000
 43   0     0.9600     1.0000     0.0400     0.9857     0.9857    -0.0000
 44   0     0.9517     1.0000     0.0483     0.9975     0.9975     0.0000
 45   0     0.9408     1.0000     0.0592     0.9866     0.9866    -0.0000
 46   0     0.9717     1.0000     0.0283     0.9895     0.9895     0.0000
      Bond orders larger than 0.1000000
           Atom A     A.N. of A          Atom B    A.N. of B              Bond order
                0             6               1            7                0.942913
                0             6              22            1                0.991991
                0             6              23            1                0.991769
                0             6              24            1                0.979180
                1             7               2            6                0.926776
                1             7               5            6                0.926577
                2             6               3            6                0.998165
                2             6              21            6                0.999464
                2             6              25            1                0.975908
                3             6               4            6                1.027732
                3             6              26            1                0.972247
                3             6              27            1                0.974012
                4             6               5            6                0.997662
                4             6              28            1                0.972127
                4             6              29            1                0.973762
                5             6               6            6                0.999155
                5             6              30            1                0.975092
                6             6               7            6                1.020175
                6             6              31            1                0.973595
                6             6              32            1                0.972546
                7             6               8            8                0.762582
                7             6              21            6                1.039484
                7             6              33            1                0.958731
                8             8               9            6                1.042748
                9             6              10            8                1.989342
                9             6              11            6                0.885531
               11             6              12            6                1.026910
               11             6              13            6                0.966545
               11             6              15            6                0.937985
               12             6              34            1                0.982462
               12             6              35            1                0.980257
               12             6              36            1                0.976753
               13             6              14            8                0.944906
               13             6              37            1                0.978166
               13             6              38            1                0.968325
               14             8              39            1                0.967883
               15             6              16            6                1.434429
               15             6              20            6                1.443409
               16             6              17            6                1.431126
               16             6              40            1                0.987403
               17             6              18            6                1.418682
               17             6              41            1                0.998088
               18             6              19            6                1.408076
               18             6              42            1                0.999486
               19             6              20            6                1.436320
               19             6              43            1                0.998705
               20             6              44            1                0.996951
               21             6              45            1                0.966153
               21             6              46            1                0.972598
# -----------------------------------------------------------
$ Calculation_Info
   description: Details of the calculation
   geom. index: 1
   prop. index: 1
     Multiplicity:                          1
     Charge:                                0
     number of atoms:                       47
     number of electrons:                   0
     number of frozen core electrons:       1
     number of correlated electrons:        0
     number of basis functions:             433
     number of aux C basis functions:       0
     number of aux J basis functions:       0
     number of aux JK basis functions:      0
     number of aux CABS basis functions:    0
     Total Energy                           -974.475487
# -----------------------------------------------------------
$ SCF_Electric_Properties
   description: The SCF Calculated Electric Properties
   geom. index: 1
   prop. index: 1
       Filename                          : ./ZINC000000000055/ZINC000000000055.scfp 
       Do Dipole Moment Calculation      : true 
       Do Quadrupole Moment Calculation  : false 
       Do Polarizability Calculation     : false 
** Dipole moment part of electric properties **
        Magnitude of dipole moment (Debye) :        4.2543212953
        Electronic Contribution:
                  0    
      0      17.187914
      1       0.348012
      2       4.172089
        Nuclear Contribution:
                  0    
      0     -18.092708
      1       0.175773
      2      -5.479153
        Total Dipole moment:
                  0    
      0      -0.904794
      1       0.523785
      2      -1.307065
# -------------------------------------------------------------
----------------------- !GEOMETRIES! ------------------------
# -------------------------------------------------------------
------------------------ !GEOMETRY! -------------------------
    Number of atoms:    47 
    Geometry Index:     1 
    Coordinates:
               0 C     -5.136778891400    0.968404636734    1.088648310578
               1 N     -3.755992425475    0.649541232226    0.732548052000
               2 C     -3.594827618274   -0.730022727936    0.235132238222
               3 C     -4.074948467414   -0.674125639850   -1.220235547541
               4 C     -3.847255332674    0.772164265000   -1.643301112981
               5 C     -3.256042008693    1.449420987617   -0.400619939894
               6 C     -1.717912337533    1.355167422593   -0.403506266624
               7 C     -1.181360454063    0.143816935424    0.377237553316
               8 O      0.129176696878   -0.171168526409   -0.140989593116
               9 C      0.975202606882   -0.840168076720    0.699165705855
              10 O      0.678170283483   -1.169915914215    1.842409776898
              11 C      2.353657858654   -1.089182538652    0.050413498006
              12 C      2.777631510478   -2.496572162109    0.546912762587
              13 C      2.205945707295   -1.114445372390   -1.494163182791
              14 O      3.341017246240   -1.693439401792   -2.142657005137
              15 C      3.373426842832    0.000909324406    0.445111596913
              16 C      2.961613267739    1.300596508492    0.800350839257
              17 C      3.893947047256    2.288671493885    1.134626623299
              18 C      5.257507116323    2.003849580539    1.110998714331
              19 C      5.690931220201    0.734581424527    0.740955363071
              20 C      4.760316317163   -0.252309904821    0.404724461449
              21 C     -2.097674740585   -1.089517968053    0.307723000212
              22 H     -5.197352163390    1.997967445676    1.459120975718
              23 H     -5.473493657496    0.319573504886    1.904778584345
              24 H     -5.845129108738    0.865606985306    0.260017631963
              25 H     -4.167355314689   -1.468881398060    0.809038558525
              26 H     -5.144926364532   -0.909360626173   -1.281080708206
              27 H     -3.550137166963   -1.375721159101   -1.877083562907
              28 H     -4.807214599035    1.230485612759   -1.912070328857
              29 H     -3.198151223489    0.838837444174   -2.522424505403
              30 H     -3.549139693228    2.504738643907   -0.350900555792
              31 H     -1.321918306598    1.363724592854   -1.427103170599
              32 H     -1.303735838004    2.256321976301    0.070779673856
              33 H     -1.084915413668    0.457054499118    1.427317839791
              34 H      1.986242616413   -3.232278605080    0.353734406689
              35 H      2.966852204293   -2.496521855505    1.628970747564
              36 H      3.683858353843   -2.871422213857    0.060901197449
              37 H      1.337060074060   -1.713219916617   -1.792332709824
              38 H      2.069335005790   -0.102166457032   -1.895291888024
              39 H      3.254118986597   -1.501732197654   -3.093128165598
              40 H      1.908379480317    1.578781405220    0.825146110871
              41 H      3.550744967708    3.282553787407    1.414360790605
              42 H      5.981094434207    2.770496270640    1.374218833056
              43 H      6.755230530734    0.507167210520    0.708668316916
              44 H      5.142561535724   -1.222840260836    0.092224906093
              45 H     -1.923645207960   -1.683687549114    1.215486509593
              46 H     -1.804115577205   -1.741732718224   -0.524835335735
