-------------------------------------------------------------
----------------------- !PROPERTIES! ------------------------
-------------------------------------------------------------
# -----------------------------------------------------------
$ PAL_Flags
   description: The PAL Flags
   geom. index: 1
   prop. index: 1
        Diskflag:     2
# -----------------------------------------------------------
$ SCF_Energy
   description: The SCF energy
   geom. index: 1
   prop. index: 1
        SCF Energy:    -1243.4659670027
# -----------------------------------------------------------
$ Mayer_Pop
   description: The Mayer population analysis
   geom. index: 1
   prop. index: 1
     Number of atoms                     : 40
     Threshold for printing              : 0.1000000
     Number of bond orders printed       : 41
  NA   - Mulliken gross atomic population
  ZA   - Total nuclear charge
  QA   - Mulliken gross atomic charge
  VA   - Mayer's total valence
  BVA  - Mayer's bonded valence
  FA   - Mayer's free valence
  ATOM       NA         ZA         QA         VA         BVA        FA
  0   0     5.8383     6.0000     0.1617     3.8509     3.8509     0.0000
  1   0     7.6496     7.0000    -0.6496     2.8420     2.8420     0.0000
  2   0     5.8462     6.0000     0.1538     3.8796     3.8796    -0.0000
  3   0     5.7930     6.0000     0.2070     3.8280     3.8280     0.0000
  4   0     5.7615     6.0000     0.2385     3.9158     3.9158     0.0000
  5   0     8.4629     8.0000    -0.4629     1.9211     1.9211    -0.0000
  6   0     5.9342     6.0000     0.0658     3.7665     3.7665     0.0000
  7   0     6.1382     6.0000    -0.1382     3.7825     3.7825     0.0000
  8   0     6.0619     6.0000    -0.0619     3.9001     3.9001     0.0000
  9   0     6.0208     6.0000    -0.0208     3.8917     3.8917     0.0000
 10   0     6.0398     6.0000    -0.0398     3.8638     3.8638     0.0000
 11   0     6.0281     6.0000    -0.0281     3.8851     3.8851     0.0000
 12   0     6.0107     6.0000    -0.0107     3.9085     3.9085    -0.0000
 13   0     6.1169     6.0000    -0.1169     3.7978     3.7978    -0.0000
 14   0     6.0020     6.0000    -0.0020     3.9102     3.9102    -0.0000
 15   0     6.0297     6.0000    -0.0297     3.8769     3.8769     0.0000
 16   0     6.0217     6.0000    -0.0217     3.9223     3.9223     0.0000
 17   0     5.9618     6.0000     0.0382     3.8360     3.8360    -0.0000
 18   0    17.1391    17.0000    -0.1391     1.0303     1.0303     0.0000
 19   0     5.9862     6.0000     0.0138     3.9157     3.9157     0.0000
 20   0     0.9937     1.0000     0.0063     0.9868     0.9868    -0.0000
 21   0     0.9828     1.0000     0.0172     0.9826     0.9826    -0.0000
 22   0     0.9568     1.0000     0.0432     1.0045     1.0045    -0.0000
 23   0     0.9981     1.0000     0.0019     0.9819     0.9819    -0.0000
 24   0     0.9684     1.0000     0.0316     0.9864     0.9864    -0.0000
 25   0     0.9692     1.0000     0.0308     0.9853     0.9853    -0.0000
 26   0     0.9604     1.0000     0.0396     0.9870     0.9870     0.0000
 27   0     0.9757     1.0000     0.0243     0.9897     0.9897    -0.0000
 28   0     0.9833     1.0000     0.0167     0.9767     0.9767     0.0000
 29   0     0.7914     1.0000     0.2086     0.9973     0.9973     0.0000
 30   0     0.9521     1.0000     0.0479     1.0001     1.0001    -0.0000
 31   0     0.9585     1.0000     0.0415     0.9896     0.9896    -0.0000
 32   0     0.9566     1.0000     0.0434     0.9858     0.9858    -0.0000
 33   0     0.9562     1.0000     0.0438     0.9856     0.9856     0.0000
 34   0     0.9563     1.0000     0.0437     0.9855     0.9855     0.0000
 35   0     0.9646     1.0000     0.0354     0.9948     0.9948    -0.0000
 36   0     0.9581     1.0000     0.0419     1.0000     1.0000    -0.0000
 37   0     0.9530     1.0000     0.0470     0.9859     0.9859     0.0000
 38   0     0.9549     1.0000     0.0451     1.0002     1.0002     0.0000
 39   0     0.9675     1.0000     0.0325     1.0181     1.0181     0.0000
      Bond orders larger than 0.1000000
           Atom A     A.N. of A          Atom B    A.N. of B              Bond order
                0             6               1            7                0.931113
                0             6              20            1                0.978196
                0             6              21            1                0.988779
                0             6              22            1                0.987848
                1             7               2            6                0.948712
                1             7               3            6                0.943582
                2             6              23            1                0.976549
                2             6              24            1                0.990898
                2             6              25            1                0.992090
                3             6               4            6                1.047820
                3             6              26            1                0.966850
                3             6              27            1                0.967913
                4             6               5            8                0.934366
                4             6               6            6                0.998983
                4             6              28            1                0.956105
                5             8              29            1                0.960276
                6             6               7            6                0.971940
                6             6              13            6                0.966095
                6             6              30            1                0.956846
                7             6               8            6                1.406298
                7             6              12            6                1.422909
                8             6               9            6                1.423682
                8             6              31            1                1.002659
                9             6              10            6                1.419969
                9             6              32            1                0.998908
               10             6              11            6                1.406614
               10             6              33            1                0.999672
               11             6              12            6                1.434134
               11             6              34            1                0.998800
               12             6              35            1                1.000565
               13             6              14            6                1.436824
               13             6              19            6                1.389162
               14             6              15            6                1.418333
               14             6              36            1                0.998024
               15             6              16            6                1.413319
               15             6              37            1                0.997882
               16             6              17            6                1.409264
               16             6              38            1                1.002222
               17             6              18           17                0.951285
               17             6              19            6                1.422782
               19             6              39            1                1.000507
# -----------------------------------------------------------
$ Calculation_Info
   description: Details of the calculation
   geom. index: 1
   prop. index: 1
     Multiplicity:                          1
     Charge:                                0
     number of atoms:                       40
     number of electrons:                   0
     number of frozen core electrons:       1
     number of correlated electrons:        0
     number of basis functions:             384
     number of aux C basis functions:       0
     number of aux J basis functions:       0
     number of aux JK basis functions:      0
     number of aux CABS basis functions:    0
     Total Energy                           -1243.465967
# -----------------------------------------------------------
$ SCF_Electric_Properties
   description: The SCF Calculated Electric Properties
   geom. index: 1
   prop. index: 1
       Filename                          : ./ZINC000000000161/ZINC000000000161.scfp 
       Do Dipole Moment Calculation      : true 
       Do Quadrupole Moment Calculation  : false 
       Do Polarizability Calculation     : false 
** Dipole moment part of electric properties **
        Magnitude of dipole moment (Debye) :        1.4408301255
        Electronic Contribution:
                  0    
      0     -24.149950
      1      11.716589
      2      -8.569858
        Nuclear Contribution:
                  0    
      0      24.152060
      1     -11.861344
      2       9.117915
        Total Dipole moment:
                  0    
      0       0.002110
      1      -0.144755
      2       0.548056
# -------------------------------------------------------------
----------------------- !GEOMETRIES! ------------------------
# -------------------------------------------------------------
------------------------ !GEOMETRY! -------------------------
    Number of atoms:    40 
    Geometry Index:     1 
    Coordinates:
               0 C      3.481283886276   -0.667205881971    0.536114877911
               1 N      2.764256852109    0.476110755974   -0.034578581649
               2 C      3.721488098139    1.524848024154   -0.398021846866
               3 C      1.972643298803    0.089438605216   -1.227188613167
               4 C      0.758969231729   -0.855716913996   -0.988117947811
               5 O      1.259031877276   -2.191948619067   -0.788077539536
               6 C     -0.174752750755   -0.397696578468    0.178335539466
               7 C     -1.347480918307   -1.349784464543    0.459160331069
               8 C     -2.064217041164   -1.999008410001   -0.559587234569
               9 C     -3.128744640203   -2.850218496251   -0.252995425811
              10 C     -3.498825555618   -3.059611750758    1.072906050653
              11 C     -2.808890071433   -2.414205541654    2.095045240685
              12 C     -1.744763970135   -1.563369630237    1.791093710746
              13 C     -0.671713596953    1.038532935362    0.015176358621
              14 C     -0.294065567273    2.015404535549    0.952097872700
              15 C     -0.728392162903    3.336684542333    0.825615414852
              16 C     -1.548338410773    3.702181544285   -0.239930598371
              17 C     -1.928507367208    2.743709343422   -1.175422716602
              18 Cl    -2.936923207854    3.193058905949   -2.496222234753
              19 C     -1.496476161744    1.421932260106   -1.055266117802
              20 H      4.110508127828   -1.175229050117   -0.203341007364
              21 H      4.124100646416   -0.342343199927    1.362799920036
              22 H      2.788756432569   -1.392570039260    0.972136893153
              23 H      4.434290953171    1.189155178223   -1.159994706941
              24 H      3.198341482918    2.409390353262   -0.778434107734
              25 H      4.285358689576    1.853801121007    0.482128965928
              26 H      1.578668253229    1.004817440894   -1.687554486895
              27 H      2.636071465246   -0.372871673212   -1.971124499724
              28 H      0.197966579216   -0.886939564209   -1.929725886916
              29 H      0.520889255487   -2.744991757306   -0.477148070138
              30 H      0.446100046094   -0.447199435939    1.084548052887
              31 H     -1.814032392745   -1.850744581531   -1.606715476337
              32 H     -3.674781928693   -3.345908150449   -1.051901896883
              33 H     -4.329710631366   -3.719150747476    1.309062641430
              34 H     -3.101608768355   -2.568115651940    3.130463673132
              35 H     -1.225467209151   -1.061488458423    2.605560489690
              36 H      0.357641695707    1.752658443899    1.784158047078
              37 H     -0.422913678286    4.079789451888    1.557830505947
              38 H     -1.884489788687    4.730730913325   -0.335356230481
              39 H     -1.811271052181    0.694074241889   -1.797529359631
