-------------------------------------------------------------
----------------------- !PROPERTIES! ------------------------
-------------------------------------------------------------
# -----------------------------------------------------------
$ PAL_Flags
   description: The PAL Flags
   geom. index: 1
   prop. index: 1
        Diskflag:     2
# -----------------------------------------------------------
$ SCF_Energy
   description: The SCF energy
   geom. index: 1
   prop. index: 1
        SCF Energy:     -649.3333025859
# -----------------------------------------------------------
$ Mayer_Pop
   description: The Mayer population analysis
   geom. index: 1
   prop. index: 1
     Number of atoms                     : 35
     Threshold for printing              : 0.1000000
     Number of bond orders printed       : 35
  NA   - Mulliken gross atomic population
  ZA   - Total nuclear charge
  QA   - Mulliken gross atomic charge
  VA   - Mayer's total valence
  BVA  - Mayer's bonded valence
  FA   - Mayer's free valence
  ATOM       NA         ZA         QA         VA         BVA        FA
  0   0     6.0404     6.0000    -0.0404     3.9467     3.9467    -0.0000
  1   0     6.0348     6.0000    -0.0348     3.9043     3.9043    -0.0000
  2   0     6.0076     6.0000    -0.0076     3.9295     3.9295    -0.0000
  3   0     5.9999     6.0000     0.0001     3.9117     3.9117    -0.0000
  4   0     7.4655     7.0000    -0.4655     2.8653     2.8653    -0.0000
  5   0     5.7934     6.0000     0.2066     3.8881     3.8881     0.0000
  6   0     5.7000     6.0000     0.3000     3.8439     3.8439    -0.0000
  7   0     8.4705     8.0000    -0.4705     1.9052     1.9052     0.0000
  8   0     6.2602     6.0000    -0.2602     3.8074     3.8074    -0.0000
  9   0     5.9833     6.0000     0.0167     3.9064     3.9064     0.0000
 10   0     6.0859     6.0000    -0.0859     3.8834     3.8834    -0.0000
 11   0     5.8653     6.0000     0.1347     3.9000     3.9000    -0.0000
 12   0     7.2659     7.0000    -0.2659     3.0435     3.0435    -0.0000
 13   0     6.0884     6.0000    -0.0884     3.8832     3.8832     0.0000
 14   0     5.9854     6.0000     0.0146     3.9322     3.9322     0.0000
 15   0     0.9685     1.0000     0.0315     0.9796     0.9796     0.0000
 16   0     0.9702     1.0000     0.0298     0.9775     0.9775     0.0000
 17   0     0.9790     1.0000     0.0210     0.9794     0.9794     0.0000
 18   0     0.9678     1.0000     0.0322     0.9812     0.9812    -0.0000
 19   0     0.9778     1.0000     0.0222     0.9740     0.9740    -0.0000
 20   0     0.9947     1.0000     0.0053     0.9596     0.9596    -0.0000
 21   0     0.9725     1.0000     0.0275     0.9848     0.9848    -0.0000
 22   0     0.9701     1.0000     0.0299     0.9862     0.9862    -0.0000
 23   0     0.9647     1.0000     0.0353     0.9868     0.9868     0.0000
 24   0     0.8569     1.0000     0.1431     0.9885     0.9885    -0.0000
 25   0     0.9711     1.0000     0.0289     0.9891     0.9891     0.0000
 26   0     0.9752     1.0000     0.0248     0.9956     0.9956     0.0000
 27   0     0.9871     1.0000     0.0129     0.9909     0.9909    -0.0000
 28   0     0.7974     1.0000     0.2026     0.9979     0.9979     0.0000
 29   0     0.9514     1.0000     0.0486     1.0002     1.0002     0.0000
 30   0     0.9758     1.0000     0.0242     0.9952     0.9952     0.0000
 31   0     0.8643     1.0000     0.1357     0.9870     0.9870     0.0000
 32   0     0.8642     1.0000     0.1358     0.9870     0.9870    -0.0000
 33   0     0.9780     1.0000     0.0220     0.9949     0.9949    -0.0000
 34   0     0.9667     1.0000     0.0333     0.9943     0.9943     0.0000
      Bond orders larger than 0.1000000
           Atom A     A.N. of A          Atom B    A.N. of B              Bond order
                0             6               1            6                1.034743
                0             6              15            1                0.985083
                0             6              16            1                0.986900
                0             6              17            1                0.982865
                1             6               2            6                1.011305
                1             6              18            1                0.966253
                1             6              19            1                0.974383
                2             6               3            6                1.026349
                2             6               4            7                0.955871
                2             6              20            1                0.959659
                3             6              21            1                0.985340
                3             6              22            1                0.985556
                3             6              23            1                0.980300
                4             7               5            6                0.996344
                4             7              24            1                0.950027
                5             6               6            6                1.008003
                5             6              25            1                0.973141
                5             6              26            1                0.969940
                6             6               7            8                0.905627
                6             6               8            6                1.001308
                6             6              27            1                0.966148
                7             8              28            1                0.964654
                8             6               9            6                1.383346
                8             6              14            6                1.424109
                9             6              10            6                1.454251
                9             6              29            1                0.999870
               10             6              11            6                1.353667
               10             6              30            1                1.004814
               11             6              12            7                1.110969
               11             6              13            6                1.366325
               12             7              31            1                0.960640
               12             7              32            1                0.960683
               13             6              14            6                1.439423
               13             6              33            1                1.002717
               14             6              34            1                0.999678
# -----------------------------------------------------------
$ Calculation_Info
   description: Details of the calculation
   geom. index: 1
   prop. index: 1
     Multiplicity:                          1
     Charge:                                0
     number of atoms:                       35
     number of electrons:                   0
     number of frozen core electrons:       1
     number of correlated electrons:        0
     number of basis functions:             310
     number of aux C basis functions:       0
     number of aux J basis functions:       0
     number of aux JK basis functions:      0
     number of aux CABS basis functions:    0
     Total Energy                           -649.333303
# -----------------------------------------------------------
$ SCF_Electric_Properties
   description: The SCF Calculated Electric Properties
   geom. index: 1
   prop. index: 1
       Filename                          : ./ZINC000000000034/ZINC000000000034.scfp 
       Do Dipole Moment Calculation      : true 
       Do Quadrupole Moment Calculation  : false 
       Do Polarizability Calculation     : false 
** Dipole moment part of electric properties **
        Magnitude of dipole moment (Debye) :        3.5178186685
        Electronic Contribution:
                  0    
      0     -20.770092
      1       0.446737
      2      -2.522529
        Nuclear Contribution:
                  0    
      0      19.769266
      1       0.416736
      2       2.932631
        Total Dipole moment:
                  0    
      0      -1.000826
      1       0.863473
      2       0.410103
# -------------------------------------------------------------
----------------------- !GEOMETRIES! ------------------------
# -------------------------------------------------------------
------------------------ !GEOMETRY! -------------------------
    Number of atoms:    35 
    Geometry Index:     1 
    Coordinates:
               0 C      4.298495670100    0.859336544627    1.225388853917
               1 C      3.220687871626   -0.217500538405    1.233930604321
               2 C      2.669241158314   -0.546458524776   -0.167625386287
               3 C      3.763599459562   -1.114816423504   -1.079938174007
               4 N      1.599581758322   -1.552256666576   -0.072645162001
               5 C      0.293449859485   -1.004279081927    0.347657417174
               6 C     -0.460558778907   -0.256353435792   -0.781656957182
               7 O     -0.538769027617   -1.096682503965   -1.941883621251
               8 C     -1.850097122400    0.175497742349   -0.361789827914
               9 C     -2.870512053195   -0.764387587059   -0.159371749637
              10 C     -4.150568695676   -0.354745960293    0.225944882474
              11 C     -4.428557438859    0.992548599185    0.460440124325
              12 N     -5.737909135962    1.407133481093    0.728323925771
              13 C     -3.430276796218    1.933952179387    0.203782311428
              14 C     -2.147087218425    1.532213604342   -0.182223904342
              15 H      5.209938184583    0.514050477190    0.729185073417
              16 H      4.566444229962    1.128400027352    2.252375840720
              17 H      3.946366665507    1.763852483526    0.719651730013
              18 H      3.626604411187   -1.122639973560    1.703287649129
              19 H      2.411970527592    0.135517256961    1.883658498770
              20 H      2.295286824195    0.369001191372   -0.639839404263
              21 H      4.548186902420   -0.375035295362   -1.266772613517
              22 H      3.354972735721   -1.394388437348   -2.058049412888
              23 H      4.230883837729   -2.003915807854   -0.641860561788
              24 H      1.438301751630   -1.962451177997   -0.999143256026
              25 H      0.382285107662   -0.373498445958    1.238400922104
              26 H     -0.302554211644   -1.873686987172    0.651945845402
              27 H      0.112715786958    0.626556176524   -1.085139050593
              28 H     -1.313447703854   -0.802121417657   -2.452044417332
              29 H     -2.678503833652   -1.824753637602   -0.315172380125
              30 H     -4.930223424299   -1.102819949180    0.343383428249
              31 H     -5.796431675832    2.312144359267    1.184277934065
              32 H     -6.302110580010    0.704276552450    1.195641048397
              33 H     -3.642821043907    2.995196408806    0.303840509198
              34 H     -1.388584002100    2.293114767556   -0.353119106097
