-------------------------------------------------------------
----------------------- !PROPERTIES! ------------------------
-------------------------------------------------------------
# -----------------------------------------------------------
$ PAL_Flags
   description: The PAL Flags
   geom. index: 1
   prop. index: 1
        Diskflag:     2
# -----------------------------------------------------------
$ SCF_Energy
   description: The SCF energy
   geom. index: 1
   prop. index: 1
        SCF Energy:    -1051.5749809924
# -----------------------------------------------------------
$ Mayer_Pop
   description: The Mayer population analysis
   geom. index: 1
   prop. index: 1
     Number of atoms                     : 52
     Threshold for printing              : 0.1000000
     Number of bond orders printed       : 53
  NA   - Mulliken gross atomic population
  ZA   - Total nuclear charge
  QA   - Mulliken gross atomic charge
  VA   - Mayer's total valence
  BVA  - Mayer's bonded valence
  FA   - Mayer's free valence
  ATOM       NA         ZA         QA         VA         BVA        FA
  0   0     5.9665     6.0000     0.0335     3.8279     3.8279    -0.0000
  1   0     6.2478     6.0000    -0.2478     3.9768     3.9768    -0.0000
  2   0     5.9578     6.0000     0.0422     3.8556     3.8556    -0.0000
  3   0     5.9568     6.0000     0.0432     3.8265     3.8265    -0.0000
  4   0     7.4534     7.0000    -0.4534     2.8283     2.8283     0.0000
  5   0     5.7974     6.0000     0.2026     3.8852     3.8852    -0.0000
  6   0     5.9061     6.0000     0.0939     3.8836     3.8836     0.0000
  7   0     8.5002     8.0000    -0.5002     1.9006     1.9006    -0.0000
  8   0     5.6719     6.0000     0.3281     3.7849     3.7849     0.0000
  9   0     8.5769     8.0000    -0.5769     1.8431     1.8431     0.0000
 10   0     5.7980     6.0000     0.2020     3.8400     3.8400     0.0000
 11   0     6.0452     6.0000    -0.0452     3.8800     3.8800     0.0000
 12   0     6.0332     6.0000    -0.0332     3.8400     3.8400     0.0000
 13   0     6.0154     6.0000    -0.0154     3.8518     3.8518    -0.0000
 14   0     6.1012     6.0000    -0.1012     3.8640     3.8640    -0.0000
 15   0     5.7051     6.0000     0.2949     3.7408     3.7408    -0.0000
 16   0     8.6140     8.0000    -0.6140     1.8345     1.8345    -0.0000
 17   0     5.6723     6.0000     0.3277     3.7702     3.7702     0.0000
 18   0     5.8177     6.0000     0.1823     3.8341     3.8341     0.0000
 19   0     6.0871     6.0000    -0.0871     3.9158     3.9158     0.0000
 20   0     6.1109     6.0000    -0.1109     3.9822     3.9822     0.0000
 21   0     5.7026     6.0000     0.2974     3.8096     3.8096    -0.0000
 22   0     8.6288     8.0000    -0.6288     1.7775     1.7775     0.0000
 23   0     0.9799     1.0000     0.0201     0.9859     0.9859     0.0000
 24   0     0.9908     1.0000     0.0092     0.9873     0.9873     0.0000
 25   0     0.9367     1.0000     0.0633     1.0002     1.0002     0.0000
 26   0     0.9646     1.0000     0.0354     0.9892     0.9892     0.0000
 27   0     0.9751     1.0000     0.0249     0.9874     0.9874     0.0000
 28   0     0.9867     1.0000     0.0133     0.9872     0.9872    -0.0000
 29   0     0.9828     1.0000     0.0172     0.9847     0.9847     0.0000
 30   0     0.9465     1.0000     0.0535     1.0155     1.0155     0.0000
 31   0     0.9724     1.0000     0.0276     0.9910     0.9910    -0.0000
 32   0     0.8766     1.0000     0.1234     0.9752     0.9752     0.0000
 33   0     0.9733     1.0000     0.0267     0.9821     0.9821     0.0000
 34   0     0.9856     1.0000     0.0144     0.9882     0.9882    -0.0000
 35   0     0.9468     1.0000     0.0532     0.9784     0.9784     0.0000
 36   0     0.7328     1.0000     0.2672     0.9623     0.9623     0.0000
 37   0     0.9619     1.0000     0.0381     0.9923     0.9923    -0.0000
 38   0     0.9750     1.0000     0.0250     0.9851     0.9851     0.0000
 39   0     0.9562     1.0000     0.0438     0.9942     0.9942     0.0000
 40   0     0.9565     1.0000     0.0435     0.9864     0.9864     0.0000
 41   0     0.9554     1.0000     0.0446     0.9865     0.9865    -0.0000
 42   0     0.9559     1.0000     0.0441     0.9930     0.9930     0.0000
 43   0     0.9525     1.0000     0.0475     0.9815     0.9815     0.0000
 44   0     0.9653     1.0000     0.0347     0.9839     0.9839     0.0000
 45   0     0.9763     1.0000     0.0237     0.9741     0.9741    -0.0000
 46   0     0.9565     1.0000     0.0435     0.9768     0.9768     0.0000
 47   0     0.9304     1.0000     0.0696     0.9972     0.9972    -0.0000
 48   0     0.9646     1.0000     0.0354     0.9658     0.9658    -0.0000
 49   0     0.9495     1.0000     0.0505     0.9775     0.9775     0.0000
 50   0     0.9729     1.0000     0.0271     0.9792     0.9792    -0.0000
 51   0     0.9541     1.0000     0.0459     0.9852     0.9852    -0.0000
      Bond orders larger than 0.1000000
           Atom A     A.N. of A          Atom B    A.N. of B              Bond order
                0             6               1            6                0.990449
                0             6              23            1                0.978389
                0             6              24            1                0.978108
                0             6              25            1                0.977448
                1             6               2            6                1.015296
                1             6               3            6                0.997746
                1             6               4            7                0.935865
                2             6              26            1                0.984888
                2             6              27            1                0.985669
                2             6              28            1                0.981998
                3             6              29            1                0.981465
                3             6              30            1                0.975355
                3             6              31            1                0.978841
                4             7               5            6                0.995576
                4             7              32            1                0.952323
                5             6               6            6                1.002322
                5             6              33            1                0.957740
                5             6              34            1                0.983692
                6             6               7            8                0.906841
                6             6               8            6                1.023139
                6             6              35            1                0.957158
                7             8              36            1                0.911455
                8             6               9            8                0.845625
                8             6              37            1                0.966749
                8             6              38            1                0.975104
                9             8              10            6                0.967644
               10             6              11            6                1.426450
               10             6              15            6                1.389489
               11             6              12            6                1.388614
               11             6              39            1                1.003895
               12             6              13            6                1.422125
               12             6              40            1                0.998312
               13             6              14            6                1.394125
               13             6              41            1                0.999703
               14             6              15            6                1.382564
               14             6              42            1                1.005584
               15             6              16            8                0.944565
               16             8              17            6                0.842605
               17             6              18            6                1.041066
               17             6              43            1                0.969247
               17             6              44            1                0.964741
               18             6              19            6                1.005093
               18             6              22            8                0.879793
               18             6              45            1                0.958858
               19             6              20            6                1.034800
               19             6              46            1                0.972136
               19             6              47            1                0.970939
               20             6              21            6                1.038692
               20             6              48            1                0.970455
               20             6              49            1                0.977010
               21             6              22            8                0.864496
               21             6              50            1                0.978935
               21             6              51            1                0.976212
# -----------------------------------------------------------
$ Calculation_Info
   description: Details of the calculation
   geom. index: 1
   prop. index: 1
     Multiplicity:                          1
     Charge:                                0
     number of atoms:                       52
     number of electrons:                   0
     number of frozen core electrons:       1
     number of correlated electrons:        0
     number of basis functions:             467
     number of aux C basis functions:       0
     number of aux J basis functions:       0
     number of aux JK basis functions:      0
     number of aux CABS basis functions:    0
     Total Energy                           -1051.574981
# -----------------------------------------------------------
$ SCF_Electric_Properties
   description: The SCF Calculated Electric Properties
   geom. index: 1
   prop. index: 1
       Filename                          : ./ZINC000000000101/ZINC000000000101.scfp 
       Do Dipole Moment Calculation      : true 
       Do Quadrupole Moment Calculation  : false 
       Do Polarizability Calculation     : false 
** Dipole moment part of electric properties **
        Magnitude of dipole moment (Debye) :        2.3411811027
        Electronic Contribution:
                  0    
      0      14.810299
      1     -15.369440
      2       8.037580
        Nuclear Contribution:
                  0    
      0     -14.270535
      1      14.777366
      2      -7.583181
        Total Dipole moment:
                  0    
      0       0.539764
      1      -0.592074
      2       0.454399
# -------------------------------------------------------------
----------------------- !GEOMETRIES! ------------------------
# -------------------------------------------------------------
------------------------ !GEOMETRY! -------------------------
    Number of atoms:    52 
    Geometry Index:     1 
    Coordinates:
               0 C     -2.971780824594    2.562432173976   -0.707503296662
               1 C     -3.281822396014    1.079097339766   -0.968317790912
               2 C     -4.603723835347    1.005919782324   -1.771992164250
               3 C     -2.191027207029    0.447200605689   -1.846939664569
               4 N     -3.524191961666    0.298367864752    0.265061875720
               5 C     -2.597309359098    0.458105630954    1.402133076938
               6 C     -1.164179728542   -0.075680754126    1.216528904385
               7 O     -0.302406808033    0.994618036244    0.803544997238
               8 C     -0.615962101319   -0.648073993942    2.538994457612
               9 O      0.762450734765   -1.056454872699    2.433408534897
              10 C      0.914164952635   -2.206667469123    1.703516067515
              11 C      0.556947996673   -3.439837115917    2.249582653237
              12 C      0.737752108781   -4.602073677517    1.501133511231
              13 C      1.276046856941   -4.527755190641    0.217062951778
              14 C      1.661339454184   -3.294207734839   -0.317160813592
              15 C      1.507128948021   -2.130463966182    0.435409956316
              16 O      1.838876797559   -0.880335542488   -0.023007212764
              17 C      3.060062397951   -0.823376358496   -0.772299919105
              18 C      3.572346618503    0.619697245364   -0.818739181748
              19 C      3.718208567542    1.291570076919    0.539484880710
              20 C      3.564004709019    2.748695709853    0.180086208641
              21 C      2.500538374111    2.694285707743   -0.894736134072
              22 O      2.680072228523    1.451630265276   -1.590284682063
              23 H     -2.953031574750    3.128044976980   -1.647461307752
              24 H     -3.734043264037    3.020937350621   -0.066763520661
              25 H     -1.998237121504    2.705964618665   -0.228156909162
              26 H     -4.884577063729   -0.032327093594   -1.991934236388
              27 H     -4.515247418546    1.530308739644   -2.729364284660
              28 H     -5.432358506679    1.467577746770   -1.225306512664
              29 H     -2.191891634215    0.889388826461   -2.852464031003
              30 H     -1.185494265590    0.597514521792   -1.445824825845
              31 H     -2.352693353461   -0.632003675040   -1.966945006261
              32 H     -4.456572987075    0.535799002973    0.608972896142
              33 H     -2.580561162577    1.502937362445    1.735455111340
              34 H     -3.063740971747   -0.110797526479    2.216067078022
              35 H     -1.145331897001   -0.849732793451    0.441169809907
              36 H      0.543640425164    0.558744686305    0.570886533771
              37 H     -0.629065328643    0.138204606157    3.303693978346
              38 H     -1.242733583411   -1.468989574606    2.911314646386
              39 H      0.150287949114   -3.498891017528    3.254759686079
              40 H      0.454065870826   -5.566004622548    1.917131932374
              41 H      1.395818272677   -5.433427400241   -0.372134978083
              42 H      2.052994197693   -3.260544887336   -1.327459947618
              43 H      2.860786794521   -1.163786374155   -1.795308781518
              44 H      3.825909174297   -1.457735707062   -0.306415083156
              45 H      4.535132000544    0.635705934259   -1.345692134826
              46 H      4.673440381357    1.064011370551    1.019847339869
              47 H      2.917622668218    1.001248588748    1.228317621682
              48 H      4.503100558543    3.127695989755   -0.239752444713
              49 H      3.285197929131    3.383043398827    1.025548314087
              50 H      2.574424838509    3.526185683418   -1.601496442879
              51 H      1.495622548793    2.694233504772   -0.461293667071
