-------------------------------------------------------------
----------------------- !PROPERTIES! ------------------------
-------------------------------------------------------------
# -----------------------------------------------------------
$ PAL_Flags
   description: The PAL Flags
   geom. index: 1
   prop. index: 1
        Diskflag:     2
# -----------------------------------------------------------
$ SCF_Energy
   description: The SCF energy
   geom. index: 1
   prop. index: 1
        SCF Energy:     -894.7174932668
# -----------------------------------------------------------
$ Mayer_Pop
   description: The Mayer population analysis
   geom. index: 1
   prop. index: 1
     Number of atoms                     : 39
     Threshold for printing              : 0.1000000
     Number of bond orders printed       : 40
  NA   - Mulliken gross atomic population
  ZA   - Total nuclear charge
  QA   - Mulliken gross atomic charge
  VA   - Mayer's total valence
  BVA  - Mayer's bonded valence
  FA   - Mayer's free valence
  ATOM       NA         ZA         QA         VA         BVA        FA
  0   0     6.0577     6.0000    -0.0577     3.9400     3.9400     0.0000
  1   0     6.0752     6.0000    -0.0752     3.9601     3.9601     0.0000
  2   0     6.0828     6.0000    -0.0828     3.8556     3.8556    -0.0000
  3   0     5.4675     6.0000     0.5325     3.8877     3.8877    -0.0000
  4   0     8.4693     8.0000    -0.4693     1.9776     1.9776     0.0000
  5   0     8.5573     8.0000    -0.5573     1.8712     1.8712     0.0000
  6   0     5.8780     6.0000     0.1220     3.8489     3.8489     0.0000
  7   0     5.6862     6.0000     0.3138     3.8169     3.8169     0.0000
  8   0     7.7186     7.0000    -0.7186     2.7597     2.7597     0.0000
  9   0     5.8126     6.0000     0.1874     3.8246     3.8246     0.0000
 10   0     5.9846     6.0000     0.0154     3.9455     3.9455     0.0000
 11   0     5.8138     6.0000     0.1862     3.8800     3.8800     0.0000
 12   0     8.4651     8.0000    -0.4651     1.8901     1.8901     0.0000
 13   0     5.8331     6.0000     0.1669     3.6040     3.6040    -0.0000
 14   0     5.8608     6.0000     0.1392     3.8329     3.8329     0.0000
 15   0     8.4661     8.0000    -0.4661     1.8840     1.8840    -0.0000
 16   0     5.6765     6.0000     0.3235     3.8037     3.8037     0.0000
 17   0     8.4942     8.0000    -0.4942     1.9067     1.9067     0.0000
 18   0     0.9758     1.0000     0.0242     0.9775     0.9775    -0.0000
 19   0     0.9601     1.0000     0.0399     0.9795     0.9795    -0.0000
 20   0     0.9500     1.0000     0.0500     0.9902     0.9902     0.0000
 21   0     0.9643     1.0000     0.0357     0.9692     0.9692    -0.0000
 22   0     0.9460     1.0000     0.0540     0.9775     0.9775     0.0000
 23   0     0.9190     1.0000     0.0810     0.9824     0.9824    -0.0000
 24   0     0.9285     1.0000     0.0715     0.9888     0.9888    -0.0000
 25   0     0.9378     1.0000     0.0622     0.9953     0.9953     0.0000
 26   0     0.9734     1.0000     0.0266     0.9942     0.9942    -0.0000
 27   0     0.9679     1.0000     0.0321     0.9840     0.9840    -0.0000
 28   0     0.9702     1.0000     0.0298     0.9775     0.9775     0.0000
 29   0     0.9720     1.0000     0.0280     0.9819     0.9819     0.0000
 30   0     0.9603     1.0000     0.0397     0.9787     0.9787    -0.0000
 31   0     0.9741     1.0000     0.0259     0.9912     0.9912    -0.0000
 32   0     0.9744     1.0000     0.0256     1.0008     1.0008     0.0000
 33   0     0.8040     1.0000     0.1960     0.9942     0.9942    -0.0000
 34   0     0.9580     1.0000     0.0420     0.9980     0.9980    -0.0000
 35   0     0.9454     1.0000     0.0546     0.9885     0.9885     0.0000
 36   0     0.7903     1.0000     0.2097     0.9855     0.9855    -0.0000
 37   0     0.9703     1.0000     0.0297     1.0000     1.0000     0.0000
 38   0     0.7586     1.0000     0.2414     1.0063     1.0063    -0.0000
      Bond orders larger than 0.1000000
           Atom A     A.N. of A          Atom B    A.N. of B              Bond order
                0             6               1            6                1.024944
                0             6              18            1                0.984246
                0             6              19            1                0.988308
                0             6              20            1                0.987605
                1             6               2            6                1.037420
                1             6              21            1                0.978116
                1             6              22            1                0.968299
                2             6               3            6                0.969834
                2             6              23            1                0.953893
                2             6              24            1                0.965687
                3             6               4            8                1.834174
                3             6               5            8                1.087952
                5             8               6            6                0.769121
                6             6               7            6                1.072234
                6             6              16            6                0.984553
                6             6              25            1                0.954659
                7             6               8            7                0.926211
                7             6              26            1                0.947903
                7             6              27            1                0.965492
                8             7               9            6                0.905530
                8             7              13            6                0.899669
                9             6              10            6                1.035681
                9             6              28            1                0.975727
                9             6              29            1                0.966155
               10             6              11            6                1.053170
               10             6              30            1                0.975500
               10             6              31            1                0.961506
               11             6              12            8                0.890597
               11             6              13            6                0.982995
               11             6              32            1                0.952939
               12             8              33            1                0.970762
               13             6              14            6                0.975555
               13             6              34            1                0.948036
               14             6              15            8                0.909423
               14             6              16            6                0.991867
               14             6              35            1                0.968704
               15             8              36            1                0.967342
               16             6              17            8                0.973932
               16             6              37            1                0.956618
               17             8              38            1                0.925791
# -----------------------------------------------------------
$ Calculation_Info
   description: Details of the calculation
   geom. index: 1
   prop. index: 1
     Multiplicity:                          1
     Charge:                                0
     number of atoms:                       39
     number of electrons:                   0
     number of frozen core electrons:       1
     number of correlated electrons:        0
     number of basis functions:             357
     number of aux C basis functions:       0
     number of aux J basis functions:       0
     number of aux JK basis functions:      0
     number of aux CABS basis functions:    0
     Total Energy                           -894.717493
# -----------------------------------------------------------
$ SCF_Electric_Properties
   description: The SCF Calculated Electric Properties
   geom. index: 1
   prop. index: 1
       Filename                          : ./ZINC000000000129/ZINC000000000129.scfp 
       Do Dipole Moment Calculation      : true 
       Do Quadrupole Moment Calculation  : false 
       Do Polarizability Calculation     : false 
** Dipole moment part of electric properties **
        Magnitude of dipole moment (Debye) :        3.4388672018
        Electronic Contribution:
                  0    
      0      -6.337574
      1       0.318646
      2       6.849980
        Nuclear Contribution:
                  0    
      0       6.886863
      1       0.560126
      2      -7.719722
        Total Dipole moment:
                  0    
      0       0.549289
      1       0.878772
      2      -0.869743
# -------------------------------------------------------------
----------------------- !GEOMETRIES! ------------------------
# -------------------------------------------------------------
------------------------ !GEOMETRY! -------------------------
    Number of atoms:    39 
    Geometry Index:     1 
    Coordinates:
               0 C      4.972992251847   -1.748502597134   -1.748348502101
               1 C      5.047278515320   -0.564196026947   -0.794964659560
               2 C      3.809581719773    0.327356792065   -0.867504953811
               3 C      2.583735558784   -0.307212231818   -0.253181336636
               4 O      2.576951607050   -1.285842001290    0.480553739839
               5 O      1.476607286357    0.402222289028   -0.604649180385
               6 C      0.203388151518   -0.103586944995   -0.127276747426
               7 C     -0.901386090548    0.657516189599   -0.875523085655
               8 N     -2.235224365506    0.156018522449   -0.537016706575
               9 C     -3.294296760193    1.099266197669   -0.902926836318
              10 C     -4.477269943767    0.590945998465   -0.105882940738
              11 C     -3.854676183533    0.249854271379    1.240287381364
              12 O     -4.588560718981   -0.789099582054    1.877713177046
              13 C     -2.409765806281   -0.170118089165    0.900800760613
              14 C     -1.361463484078    0.463936179054    1.842256617322
              15 O     -1.477233724073    1.896725755075    1.842574741415
              16 C      0.065544206591    0.081561347353    1.404850888700
              17 O      0.431402989642   -1.136290577695    2.077041546295
              18 H      4.850285814352   -1.411502839649   -2.782639631982
              19 H      5.895428365849   -2.335262720009   -1.691748938107
              20 H      4.137755437279   -2.411208800760   -1.502417239791
              21 H      5.927634427300    0.035436630730   -1.054925774811
              22 H      5.199279877386   -0.929213312010    0.227355050766
              23 H      4.002834215095    1.255903769322   -0.318833222417
              24 H      3.595841100040    0.579033113109   -1.912564600405
              25 H      0.143686374123   -1.167010506786   -0.398221767211
              26 H     -0.795817884514    1.731293534896   -0.669069899944
              27 H     -0.743143469964    0.553111517132   -1.956288532961
              28 H     -3.495563427329    1.086507404677   -1.978362094540
              29 H     -3.055907857710    2.126769081002   -0.600374430611
              30 H     -5.267643742629    1.342017451918   -0.009220548580
              31 H     -4.922420032616   -0.294753015475   -0.576203139147
              32 H     -3.884862593574    1.128860854883    1.892528856842
              33 H     -4.587466795120   -1.558202166627    1.280066170919
              34 H     -2.315755047710   -1.260229761325    0.994329700891
              35 H     -1.544000479776    0.117161308465    2.867515693277
              36 H     -1.778988679225    2.155808308895    2.732063205120
              37 H      0.769019627135    0.847834448523    1.752933144455
              38 H      1.302199561682   -1.412909791933    1.714428643213
