-------------------------------------------------------------
----------------------- !PROPERTIES! ------------------------
-------------------------------------------------------------
# -----------------------------------------------------------
$ PAL_Flags
   description: The PAL Flags
   geom. index: 1
   prop. index: 1
        Diskflag:     2
# -----------------------------------------------------------
$ SCF_Energy
   description: The SCF energy
   geom. index: 1
   prop. index: 1
        SCF Energy:    -1033.4524913504
# -----------------------------------------------------------
$ Mayer_Pop
   description: The Mayer population analysis
   geom. index: 1
   prop. index: 1
     Number of atoms                     : 50
     Threshold for printing              : 0.1000000
     Number of bond orders printed       : 53
  NA   - Mulliken gross atomic population
  ZA   - Total nuclear charge
  QA   - Mulliken gross atomic charge
  VA   - Mayer's total valence
  BVA  - Mayer's bonded valence
  FA   - Mayer's free valence
  ATOM       NA         ZA         QA         VA         BVA        FA
  0   0     6.0710     6.0000    -0.0710     3.9610     3.9610     0.0000
  1   0     5.7867     6.0000     0.2133     3.8893     3.8893    -0.0000
  2   0     8.6085     8.0000    -0.6085     1.8033     1.8033    -0.0000
  3   0     5.3782     6.0000     0.6218     3.7091     3.7091     0.0000
  4   0     8.6068     8.0000    -0.6068     1.8240     1.8240     0.0000
  5   0     5.2915     6.0000     0.7085     3.7544     3.7544     0.0000
  6   0     8.5768     8.0000    -0.5768     1.7799     1.7799     0.0000
  7   0     5.7667     6.0000     0.2333     3.8121     3.8121    -0.0000
  8   0     5.9177     6.0000     0.0823     3.9040     3.9040    -0.0000
  9   0     5.8827     6.0000     0.1173     3.8830     3.8830     0.0000
 10   0     5.9969     6.0000     0.0031     3.9234     3.9234    -0.0000
 11   0     6.0513     6.0000    -0.0513     3.7853     3.7853    -0.0000
 12   0     6.2346     6.0000    -0.2346     3.9519     3.9519     0.0000
 13   0     5.9748     6.0000     0.0252     3.8905     3.8905    -0.0000
 14   0     5.9092     6.0000     0.0908     3.8852     3.8852    -0.0000
 15   0     6.0152     6.0000    -0.0152     3.8919     3.8919     0.0000
 16   0     6.0875     6.0000    -0.0875     3.7489     3.7489    -0.0000
 17   0     6.2543     6.0000    -0.2543     3.9494     3.9494    -0.0000
 18   0     5.9509     6.0000     0.0491     3.9297     3.9297     0.0000
 19   0     6.0559     6.0000    -0.0559     3.5094     3.5094    -0.0000
 20   0     8.3269     8.0000    -0.3269     1.7237     1.7237    -0.0000
 21   0     8.3419     8.0000    -0.3419     1.7810     1.7810     0.0000
 22   0     0.9754     1.0000     0.0246     0.9830     0.9830     0.0000
 23   0     0.9655     1.0000     0.0345     0.9813     0.9813    -0.0000
 24   0     0.9581     1.0000     0.0419     0.9815     0.9815    -0.0000
 25   0     0.9531     1.0000     0.0469     0.9845     0.9845     0.0000
 26   0     0.9675     1.0000     0.0325     0.9790     0.9790     0.0000
 27   0     0.9821     1.0000     0.0179     0.9985     0.9985     0.0000
 28   0     0.9388     1.0000     0.0612     1.0017     1.0017     0.0000
 29   0     0.9520     1.0000     0.0480     0.9893     0.9893    -0.0000
 30   0     0.9580     1.0000     0.0420     0.9975     0.9975     0.0000
 31   0     0.9588     1.0000     0.0412     0.9875     0.9875    -0.0000
 32   0     0.9597     1.0000     0.0403     0.9828     0.9828    -0.0000
 33   0     0.9685     1.0000     0.0315     0.9809     0.9809     0.0000
 34   0     0.9432     1.0000     0.0568     0.9789     0.9789    -0.0000
 35   0     0.9716     1.0000     0.0284     0.9756     0.9756    -0.0000
 36   0     0.9555     1.0000     0.0445     0.9773     0.9773    -0.0000
 37   0     0.9657     1.0000     0.0343     0.9620     0.9620     0.0000
 38   0     0.9689     1.0000     0.0311     0.9848     0.9848     0.0000
 39   0     0.9754     1.0000     0.0246     0.9794     0.9794    -0.0000
 40   0     0.9604     1.0000     0.0396     0.9935     0.9935     0.0000
 41   0     0.9763     1.0000     0.0237     0.9724     0.9724    -0.0000
 42   0     0.9792     1.0000     0.0208     0.9814     0.9814    -0.0000
 43   0     0.9525     1.0000     0.0475     0.9821     0.9821     0.0000
 44   0     0.9617     1.0000     0.0383     0.9764     0.9764     0.0000
 45   0     0.9505     1.0000     0.0495     0.9862     0.9862    -0.0000
 46   0     0.9277     1.0000     0.0723     0.9717     0.9717     0.0000
 47   0     0.9638     1.0000     0.0362     0.9846     0.9846    -0.0000
 48   0     0.9495     1.0000     0.0505     0.9881     0.9881     0.0000
 49   0     0.9746     1.0000     0.0254     0.9857     0.9857    -0.0000
      Bond orders larger than 0.1000000
           Atom A     A.N. of A          Atom B    A.N. of B              Bond order
                0             6               1            6                1.048332
                0             6              22            1                0.981098
                0             6              23            1                0.982182
                0             6              24            1                0.980055
                1             6               2            8                0.857736
                1             6              25            1                0.977590
                1             6              26            1                0.981617
                2             8               3            6                0.932839
                3             6               4            8                0.874268
                3             6              17            6                0.964616
                3             6              27            1                0.961885
                4             8               5            6                0.917640
                5             6               6            8                0.917617
                5             6              19            6                0.970085
                5             6              28            1                0.975609
                6             8               7            6                0.852451
                7             6               8            6                1.038060
                7             6               9            6                1.000734
                7             6              21            8                0.856665
                8             6              29            1                0.972595
                8             6              30            1                0.974729
                8             6              31            1                0.977037
                9             6              10            6                1.049404
                9             6              32            1                0.953808
                9             6              33            1                0.971872
               10             6              11            6                1.015554
               10             6              34            1                0.962014
               10             6              35            1                0.973385
               11             6              12            6                1.043987
               11             6              19            6                0.917380
               11             6              36            1                0.944632
               12             6              13            6                1.010182
               12             6              14            6                1.001592
               12             6              37            1                0.970750
               13             6              38            1                0.986428
               13             6              39            1                0.983683
               13             6              40            1                0.981430
               14             6              15            6                1.049515
               14             6              41            1                0.974018
               14             6              42            1                0.978462
               15             6              16            6                0.986597
               15             6              43            1                0.957097
               15             6              44            1                0.975187
               16             6              17            6                1.041550
               16             6              19            6                0.931222
               16             6              45            1                0.935966
               17             6              18            6                1.040514
               17             6              46            1                0.965484
               18             6              47            1                0.984338
               18             6              48            1                0.982368
               18             6              49            1                0.978053
               19             6              20            8                0.806136
               20             8              21            8                0.890329
# -----------------------------------------------------------
$ Calculation_Info
   description: Details of the calculation
   geom. index: 1
   prop. index: 1
     Multiplicity:                          1
     Charge:                                0
     number of atoms:                       50
     number of electrons:                   0
     number of frozen core electrons:       1
     number of correlated electrons:        0
     number of basis functions:             448
     number of aux C basis functions:       0
     number of aux J basis functions:       0
     number of aux JK basis functions:      0
     number of aux CABS basis functions:    0
     Total Energy                           -1033.452491
# -----------------------------------------------------------
$ SCF_Electric_Properties
   description: The SCF Calculated Electric Properties
   geom. index: 1
   prop. index: 1
       Filename                          : ./ZINC000000000081/ZINC000000000081.scfp 
       Do Dipole Moment Calculation      : true 
       Do Quadrupole Moment Calculation  : false 
       Do Polarizability Calculation     : false 
** Dipole moment part of electric properties **
        Magnitude of dipole moment (Debye) :        2.1679600838
        Electronic Contribution:
                  0    
      0      -2.827628
      1      10.722987
      2      -2.196388
        Nuclear Contribution:
                  0    
      0       2.927491
      1     -11.326172
      2       2.791093
        Total Dipole moment:
                  0    
      0       0.099863
      1      -0.603185
      2       0.594705
# -------------------------------------------------------------
----------------------- !GEOMETRIES! ------------------------
# -------------------------------------------------------------
------------------------ !GEOMETRY! -------------------------
    Number of atoms:    50 
    Geometry Index:     1 
    Coordinates:
               0 C      5.123571029788    0.280555269109    1.239666758499
               1 C      4.029092785482    1.259876502946    0.853797408364
               2 O      3.234074331535    0.746409861054   -0.212271290225
               3 C      2.196864114256   -0.133362777186    0.219707536546
               4 O      1.210279060734    0.564104891731    0.993143821743
               5 C      0.234102416146    1.135979115686    0.136267677106
               6 O     -0.494995550650    2.161885982628    0.777097478170
               7 C     -1.561554286923    2.560453003669   -0.093300617100
               8 C     -1.504611293746    4.088564430329   -0.149663780034
               9 C     -2.869107313125    2.124583705961    0.560558927376
              10 C     -3.154310073675    0.635654609832    0.434322054727
              11 C     -1.936601458422   -0.317541758354    0.555081758313
              12 C     -2.457078402581   -1.778608013596    0.357523248247
              13 C     -3.154198927376   -2.051293034744   -0.986872496955
              14 C     -1.352415773958   -2.812232243838    0.589960652365
              15 C      0.049453252806   -2.297168040252    0.311950352930
              16 C      0.108906873703   -1.216370589066   -0.784331374669
              17 C      1.581537522426   -0.795776506227   -1.044609861886
              18 C      2.477081284369   -1.924906645978   -1.561876582004
              19 C     -0.740194423631    0.050078107328   -0.399887018400
              20 O     -1.361976658326    0.616972308052   -1.575706281234
              21 O     -1.426759475625    2.104782767151   -1.461483923310
              22 H      4.706917734347   -0.636544772079    1.666200195622
              23 H      5.796673643481    0.726260264026    1.977784281045
              24 H      5.706449967965   -0.011461209987    0.360004143909
              25 H      3.414493232445    1.531838992960    1.718685682469
              26 H      4.495424900849    2.179671121288    0.485527024915
              27 H      2.621311984029   -0.905614219953    0.870269230049
              28 H      0.768478094120    1.639464212979   -0.683237831124
              29 H     -1.586757964370    4.531815283583    0.848659039390
              30 H     -0.547194094448    4.417740054887   -0.570826844720
              31 H     -2.294684316855    4.494631908229   -0.790357077825
              32 H     -2.850018287063    2.384335315200    1.627016399767
              33 H     -3.715444496522    2.661430309327    0.113514186253
              34 H     -3.642793867554    0.498849615071   -0.536964367333
              35 H     -3.908442050956    0.360635226797    1.183020607772
              36 H     -1.565066724079   -0.257230280969    1.588208640286
              37 H     -3.221915837331   -1.963134452500    1.125726806589
              38 H     -4.084740046984   -1.484781974364   -1.081401022240
              39 H     -3.435239518024   -3.107685557806   -1.067951810938
              40 H     -2.521214499470   -1.811982773472   -1.844187540720
              41 H     -1.388224064120   -3.146418886969    1.635341530649
              42 H     -1.533071576206   -3.714929279891   -0.006697607774
              43 H      0.456213151161   -1.907681779433    1.252695599482
              44 H      0.675506149974   -3.156474402810    0.048530613733
              45 H     -0.280022416033   -1.641234014775   -1.718238011667
              46 H      1.564670689398   -0.055860253536   -1.858703255655
              47 H      2.015621450843   -2.423906345301   -2.420161872278
              48 H      3.444191184749   -1.526734071962   -1.887832752797
              49 H      2.677718543447   -2.677638974774   -0.793698435427
