-------------------------------------------------------------
----------------------- !PROPERTIES! ------------------------
-------------------------------------------------------------
# -----------------------------------------------------------
$ PAL_Flags
   description: The PAL Flags
   geom. index: 1
   prop. index: 1
        Diskflag:     2
# -----------------------------------------------------------
$ SCF_Energy
   description: The SCF energy
   geom. index: 1
   prop. index: 1
        SCF Energy:     -881.6831549481
# -----------------------------------------------------------
$ Mayer_Pop
   description: The Mayer population analysis
   geom. index: 1
   prop. index: 1
     Number of atoms                     : 44
     Threshold for printing              : 0.1000000
     Number of bond orders printed       : 45
  NA   - Mulliken gross atomic population
  ZA   - Total nuclear charge
  QA   - Mulliken gross atomic charge
  VA   - Mayer's total valence
  BVA  - Mayer's bonded valence
  FA   - Mayer's free valence
  ATOM       NA         ZA         QA         VA         BVA        FA
  0   0     5.9554     6.0000     0.0446     3.9128     3.9128     0.0000
  1   0     6.2709     6.0000    -0.2709     3.9819     3.9819    -0.0000
  2   0     5.9249     6.0000     0.0751     3.8177     3.8177    -0.0000
  3   0     5.8008     6.0000     0.1992     3.8091     3.8091     0.0000
  4   0     8.5953     8.0000    -0.5953     1.8425     1.8425    -0.0000
  5   0     5.4747     6.0000     0.5253     3.9144     3.9144     0.0000
  6   0     8.4116     8.0000    -0.4116     2.0496     2.0496     0.0000
  7   0     5.6384     6.0000     0.3616     3.7828     3.7828     0.0000
  8   0     8.4626     8.0000    -0.4626     1.9438     1.9438     0.0000
  9   0     6.2216     6.0000    -0.2216     3.8111     3.8111     0.0000
 10   0     6.0017     6.0000    -0.0017     3.9165     3.9165     0.0000
 11   0     6.0378     6.0000    -0.0378     3.8758     3.8758     0.0000
 12   0     6.0323     6.0000    -0.0323     3.8598     3.8598    -0.0000
 13   0     6.0394     6.0000    -0.0394     3.8918     3.8918     0.0000
 14   0     5.9978     6.0000     0.0022     3.8996     3.8996     0.0000
 15   0     5.9212     6.0000     0.0788     3.8085     3.8085    -0.0000
 16   0     6.5379     6.0000    -0.5379     3.9026     3.9026    -0.0000
 17   0     5.9182     6.0000     0.0818     3.8442     3.8442     0.0000
 18   0     5.9135     6.0000     0.0865     3.8363     3.8363     0.0000
 19   0     5.8946     6.0000     0.1054     3.7354     3.7354     0.0000
 20   0     0.9691     1.0000     0.0309     0.9800     0.9800     0.0000
 21   0     0.9698     1.0000     0.0302     0.9827     0.9827     0.0000
 22   0     0.9744     1.0000     0.0256     0.9854     0.9854     0.0000
 23   0     0.9668     1.0000     0.0332     0.9582     0.9582    -0.0000
 24   0     0.9680     1.0000     0.0320     0.9834     0.9834    -0.0000
 25   0     0.9620     1.0000     0.0380     0.9847     0.9847    -0.0000
 26   0     0.9407     1.0000     0.0593     0.9921     0.9921    -0.0000
 27   0     0.9307     1.0000     0.0693     0.9931     0.9931     0.0000
 28   0     0.7755     1.0000     0.2245     0.9986     0.9986    -0.0000
 29   0     0.9562     1.0000     0.0438     1.0091     1.0091    -0.0000
 30   0     0.9592     1.0000     0.0408     0.9860     0.9860     0.0000
 31   0     0.9589     1.0000     0.0411     0.9854     0.9854    -0.0000
 32   0     0.9585     1.0000     0.0415     0.9860     0.9860     0.0000
 33   0     0.9524     1.0000     0.0476     1.0020     1.0020    -0.0000
 34   0     0.9742     1.0000     0.0258     0.9844     0.9844     0.0000
 35   0     0.9514     1.0000     0.0486     0.9995     0.9995     0.0000
 36   0     0.9700     1.0000     0.0300     0.9857     0.9857    -0.0000
 37   0     0.9756     1.0000     0.0244     0.9862     0.9862     0.0000
 38   0     0.9723     1.0000     0.0277     0.9859     0.9859     0.0000
 39   0     0.9675     1.0000     0.0325     0.9884     0.9884     0.0000
 40   0     0.9733     1.0000     0.0267     0.9845     0.9845     0.0000
 41   0     0.9705     1.0000     0.0295     0.9867     0.9867     0.0000
 42   0     0.9807     1.0000     0.0193     0.9859     0.9859    -0.0000
 43   0     0.9716     1.0000     0.0284     0.9887     0.9887     0.0000
      Bond orders larger than 0.1000000
           Atom A     A.N. of A          Atom B    A.N. of B              Bond order
                0             6               1            6                1.041956
                0             6              20            1                0.986978
                0             6              21            1                0.986043
                0             6              22            1                0.979442
                1             6               2            6                0.985832
                1             6              19            6                1.020570
                1             6              23            1                0.948578
                2             6               3            6                1.022414
                2             6              24            1                0.975233
                2             6              25            1                0.963385
                3             6               4            8                0.741599
                3             6              15            6                1.068666
                3             6              26            1                0.964017
                4             8               5            6                1.040758
                5             6               6            8                1.956001
                5             6               7            6                0.929813
                7             6               8            8                0.971577
                7             6               9            6                0.973957
                7             6              27            1                0.963553
                8             8              28            1                0.946526
                9             6              10            6                1.428870
                9             6              14            6                1.400869
               10             6              11            6                1.418603
               10             6              29            1                0.998652
               11             6              12            6                1.415016
               11             6              30            1                1.000870
               12             6              13            6                1.408864
               12             6              31            1                0.999366
               13             6              14            6                1.434945
               13             6              32            1                1.000550
               14             6              33            1                0.998918
               15             6              16            6                0.961215
               15             6              34            1                0.959877
               15             6              35            1                0.967324
               16             6              17            6                0.999985
               16             6              18            6                0.997712
               16             6              19            6                0.957607
               17             6              36            1                0.985603
               17             6              37            1                0.983614
               17             6              38            1                0.984547
               18             6              39            1                0.982966
               18             6              40            1                0.985060
               18             6              41            1                0.984553
               19             6              42            1                0.968082
               19             6              43            1                0.973040
# -----------------------------------------------------------
$ Calculation_Info
   description: Details of the calculation
   geom. index: 1
   prop. index: 1
     Multiplicity:                          1
     Charge:                                0
     number of atoms:                       44
     number of electrons:                   0
     number of frozen core electrons:       1
     number of correlated electrons:        0
     number of basis functions:             400
     number of aux C basis functions:       0
     number of aux J basis functions:       0
     number of aux JK basis functions:      0
     number of aux CABS basis functions:    0
     Total Energy                           -881.683155
# -----------------------------------------------------------
$ SCF_Electric_Properties
   description: The SCF Calculated Electric Properties
   geom. index: 1
   prop. index: 1
       Filename                          : ./ZINC000000000189/ZINC000000000189.scfp 
       Do Dipole Moment Calculation      : true 
       Do Quadrupole Moment Calculation  : false 
       Do Polarizability Calculation     : false 
** Dipole moment part of electric properties **
        Magnitude of dipole moment (Debye) :        2.5841053788
        Electronic Contribution:
                  0    
      0      29.037932
      1      -7.815169
      2      -2.136677
        Nuclear Contribution:
                  0    
      0     -29.798026
      1       8.483758
      2       2.042803
        Total Dipole moment:
                  0    
      0      -0.760094
      1       0.668589
      2      -0.093875
# -------------------------------------------------------------
----------------------- !GEOMETRIES! ------------------------
# -------------------------------------------------------------
------------------------ !GEOMETRY! -------------------------
    Number of atoms:    44 
    Geometry Index:     1 
    Coordinates:
               0 C     -2.852277115590    3.371990575146    0.054616496911
               1 C     -2.459225619493    2.001568051406    0.601959130192
               2 C     -0.968911166871    1.717681385222    0.343039246871
               3 C     -0.635500868013    0.218929664575    0.247288886277
               4 O      0.726367879218    0.051471892837    0.686344407291
               5 C      1.368497538091   -1.072779108544    0.237353519813
               6 O      0.874923733305   -1.914286593500   -0.503328340180
               7 C      2.799325108574   -1.118527616359    0.814102855461
               8 O      3.015154699845   -0.185570298617    1.877455151144
               9 C      3.850835375734   -0.948895948029   -0.266672314703
              10 C      4.578482600533    0.243780490136   -0.413747553187
              11 C      5.534189171761    0.377665540770   -1.423826734467
              12 C      5.770642617487   -0.674435592531   -2.305809897664
              13 C      5.050150474430   -1.859793718061   -2.181277206052
              14 C      4.097432428062   -1.996749186660   -1.169631916045
              15 C     -1.579234128591   -0.599935211893    1.129979382599
              16 C     -3.052177693044   -0.487710656349    0.662805791341
              17 C     -3.972735702102   -0.699203444193    1.877479840547
              18 C     -3.359762877751   -1.590643458479   -0.365729972383
              19 C     -3.340634939996    0.892179243995    0.015094489366
              20 H     -2.235155202210    4.158849176480    0.500989969605
              21 H     -3.899089354247    3.595477056867    0.284314506842
              22 H     -2.727540608915    3.419169291155   -1.032414288510
              23 H     -2.618724326451    2.027868694699    1.687821908861
              24 H     -0.639201941264    2.194526316231   -0.591246559187
              25 H     -0.375126890928    2.195831791916    1.133747152553
              26 H     -0.725636984798   -0.088117750910   -0.802942571300
              27 H      2.919029637795   -2.106194289026    1.276187533940
              28 H      2.292053945135    0.469567073067    1.801878727268
              29 H      4.419860993822    1.076825639591    0.268224629238
              30 H      6.098419697163    1.302327668161   -1.516705716909
              31 H      6.516497783155   -0.569947657700   -3.089397543234
              32 H      5.232278864064   -2.681314464560   -2.867309545392
              33 H      3.546065322518   -2.932663572252   -1.091175985638
              34 H     -1.473288057981   -0.242258648333    2.164855641928
              35 H     -1.262898717159   -1.651278830877    1.168387190032
              36 H     -3.774352417223   -1.663799788883    2.358413118766
              37 H     -3.827382731743    0.083807902992    2.629118155729
              38 H     -5.028969922126   -0.684152096699    1.582917755112
              39 H     -2.713317204270   -1.507006030810   -1.245335870974
              40 H     -4.399571726670   -1.531715020565   -0.709116585346
              41 H     -3.206259703692   -2.586630482343    0.063830844839
              42 H     -3.161583660296    0.845653203668   -1.067281782019
              43 H     -4.401648309267    1.148438807259    0.132577449687
