-------------------------------------------------------------
----------------------- !PROPERTIES! ------------------------
-------------------------------------------------------------
# -------------------------------------------------------------
----------------------- !GEOMETRIES! ------------------------
# -------------------------------------------------------------
------------------------ !GEOMETRY! -------------------------
    Number of atoms:    53 
    Geometry Index:     1 
    Coordinates:
               0  C      4.530511527151    1.843755721918    1.048997687493
               1  C      5.046096862824    1.178713141753   -0.219827490381
               2  N      4.097892415088    0.128603115680   -0.816918844312
               3  C      4.689870970988   -0.331224426533   -2.151974991940
               4  C      3.916522229956   -1.098639583150    0.105335502335
               5  C      2.434037807991   -1.404985212119    0.058626697500
               6  C      1.792559844448   -0.031185888938   -0.023468905600
               7  O      0.443831204085   -0.101569737941   -0.488112579348
               8  C     -0.473687315362   -0.422040504315    0.478664469908
               9  O     -0.169631220998   -0.714225809523    1.627591223150
              10  C     -1.891958725717   -0.322822135996   -0.078872268882
              11  C     -2.308856561245    1.138694617741   -0.155245938939
              12  C     -2.434574428770    1.920073894654    1.004682403828
              13  C     -2.815417767510    3.259911031380    0.919930550563
              14  C     -3.073257877605    3.834810692539   -0.322160510261
              15  C     -2.951382443551    3.070804363426   -1.481542867644
              16  C     -2.570411107150    1.730699071254   -1.400428671699
              17  C     -2.877380234374   -1.184776318740    0.737812492370
              18  C     -4.314505509191   -1.154785756450    0.205614062790
              19  C     -4.978278107121   -2.391089929944    0.806953392467
              20  C     -3.844554715896   -3.341878671586    1.185055073879
              21  C     -2.564810954477   -2.684840720552    0.683241208546
              22  C      2.668269156751    0.669575658883   -1.059604907770
              23  H      5.280383784365    2.555576034500    1.412076484676
              24  H      4.347066982971    1.131539970386    1.857702995846
              25  H      3.612524730479    2.411226464357    0.876236106444
              26  H      5.206997332352    1.937730890166   -0.994080187083
              27  H      5.997236231104    0.670192929951   -0.023401980016
              28  H      4.053659057487   -1.121503326221   -2.561977422900
              29  H      4.719540222059    0.527054478630   -2.829429945764
              30  H      5.698765071698   -0.711794081484   -1.966638317703
              31  H      4.538407117253   -1.923954209520   -0.256838011323
              32  H      4.234474968581   -0.832388765698    1.115375397518
              33  H      2.182049937778   -2.006927355779   -0.823027683590
              34  H      2.107078892497   -1.972806602695    0.934865898269
              35  H      1.854034973032    0.507212418046    0.931427175009
              36  H     -1.854554203946   -0.742370045535   -1.094186097923
              37  H     -2.247766388465    1.492080033663    1.988194488973
              38  H     -2.922905237281    3.853006135130    1.825305499911
              39  H     -3.381852326122    4.876055630482   -0.385221138783
              40  H     -3.165807714249    3.518661954566   -2.449112552439
              41  H     -2.495205749122    1.152034711847   -2.318630370930
              42  H     -2.882827327173   -0.869038318117    1.790575309542
              43  H     -4.846582513677   -0.239568798708    0.482630810713
              44  H     -4.324217542298   -1.230661358489   -0.889023331056
              45  H     -5.670618556632   -2.850562357451    0.093679629829
              46  H     -5.556305934083   -2.124735830190    1.699563355178
              47  H     -3.982851327361   -4.338704201329    0.756847541666
              48  H     -3.807822726052   -3.453634023565    2.273700901900
              49  H     -2.361099068315   -3.003923894698   -0.346438925986
              50  H     -1.704302281811   -2.963003740016    1.298645255291
              51  H      2.658126917357    1.761228619451   -0.984509407394
              52  H      2.363487627257    0.400400024879   -2.078658265925
