-------------------------------------------------------------
----------------------- !PROPERTIES! ------------------------
-------------------------------------------------------------
# -----------------------------------------------------------
$ PAL_Flags
   description: The PAL Flags
   geom. index: 1
   prop. index: 1
        Diskflag:     2
# -----------------------------------------------------------
$ SCF_Energy
   description: The SCF energy
   geom. index: 1
   prop. index: 1
        SCF Energy:    -1181.9774429822
# -----------------------------------------------------------
$ Mayer_Pop
   description: The Mayer population analysis
   geom. index: 1
   prop. index: 1
     Number of atoms                     : 55
     Threshold for printing              : 0.1000000
     Number of bond orders printed       : 57
  NA   - Mulliken gross atomic population
  ZA   - Total nuclear charge
  QA   - Mulliken gross atomic charge
  VA   - Mayer's total valence
  BVA  - Mayer's bonded valence
  FA   - Mayer's free valence
  ATOM       NA         ZA         QA         VA         BVA        FA
  0   0     5.7700     6.0000     0.2300     3.8363     3.8363    -0.0000
  1   0     8.5622     8.0000    -0.5622     1.9105     1.9105    -0.0000
  2   0     5.6292     6.0000     0.3708     3.8066     3.8066    -0.0000
  3   0     6.1552     6.0000    -0.1552     3.8716     3.8716     0.0000
  4   0     5.9994     6.0000     0.0006     3.8618     3.8618     0.0000
  5   0     6.0600     6.0000    -0.0600     3.8709     3.8709     0.0000
  6   0     6.0109     6.0000    -0.0109     3.9241     3.9241    -0.0000
  7   0     6.2884     6.0000    -0.2884     3.8924     3.8924    -0.0000
  8   0     5.6132     6.0000     0.3868     3.7565     3.7565     0.0000
  9   0     7.6417     7.0000    -0.6417     2.8164     2.8164    -0.0000
 10   0     5.5239     6.0000     0.4761     3.9234     3.9234    -0.0000
 11   0     8.4456     8.0000    -0.4456     2.0261     2.0261     0.0000
 12   0     6.0964     6.0000    -0.0964     3.8699     3.8699    -0.0000
 13   0     6.0022     6.0000    -0.0022     3.9662     3.9662    -0.0000
 14   0     5.8297     6.0000     0.1703     3.8438     3.8438     0.0000
 15   0     7.6665     7.0000    -0.6665     2.7737     2.7737    -0.0000
 16   0     5.8749     6.0000     0.1251     3.8731     3.8731     0.0000
 17   0     5.6980     6.0000     0.3020     3.8907     3.8907    -0.0000
 18   0     8.6107     8.0000    -0.6107     1.8086     1.8086     0.0000
 19   0     5.6974     6.0000     0.3026     3.8891     3.8891    -0.0000
 20   0     5.8768     6.0000     0.1232     3.8641     3.8641    -0.0000
 21   0     5.8124     6.0000     0.1876     3.8003     3.8003     0.0000
 22   0     6.0658     6.0000    -0.0658     3.9092     3.9092     0.0000
 23   0     6.0268     6.0000    -0.0268     3.8742     3.8742    -0.0000
 24   0     6.0405     6.0000    -0.0405     3.8583     3.8583     0.0000
 25   0     6.0227     6.0000    -0.0227     3.8693     3.8693     0.0000
 26   0     6.0598     6.0000    -0.0598     3.9098     3.9098    -0.0000
 27   0     0.9639     1.0000     0.0361     0.9816     0.9816     0.0000
 28   0     0.9682     1.0000     0.0318     0.9783     0.9783     0.0000
 29   0     0.9465     1.0000     0.0535     0.9866     0.9866     0.0000
 30   0     0.9648     1.0000     0.0352     0.9960     0.9960     0.0000
 31   0     0.9570     1.0000     0.0430     0.9856     0.9856     0.0000
 32   0     0.9628     1.0000     0.0372     0.9862     0.9862     0.0000
 33   0     0.9623     1.0000     0.0377     0.9953     0.9953     0.0000
 34   0     0.9084     1.0000     0.0916     1.0102     1.0102     0.0000
 35   0     0.9725     1.0000     0.0275     0.9975     0.9975    -0.0000
 36   0     0.9403     1.0000     0.0597     0.9900     0.9900    -0.0000
 37   0     0.9307     1.0000     0.0693     0.9785     0.9785    -0.0000
 38   0     0.9582     1.0000     0.0418     0.9835     0.9835     0.0000
 39   0     0.9672     1.0000     0.0328     0.9805     0.9805     0.0000
 40   0     0.9557     1.0000     0.0443     1.0031     1.0031     0.0000
 41   0     0.9931     1.0000     0.0069     0.9828     0.9828     0.0000
 42   0     0.9714     1.0000     0.0286     0.9801     0.9801     0.0000
 43   0     0.9868     1.0000     0.0132     0.9818     0.9818    -0.0000
 44   0     0.9842     1.0000     0.0158     0.9822     0.9822    -0.0000
 45   0     0.9694     1.0000     0.0306     0.9828     0.9828     0.0000
 46   0     0.9688     1.0000     0.0312     0.9828     0.9828    -0.0000
 47   0     0.9859     1.0000     0.0141     0.9822     0.9822    -0.0000
 48   0     0.9688     1.0000     0.0312     0.9791     0.9791    -0.0000
 49   0     0.9771     1.0000     0.0229     0.9824     0.9824    -0.0000
 50   0     0.9535     1.0000     0.0465     0.9905     0.9905     0.0000
 51   0     0.9557     1.0000     0.0443     0.9861     0.9861    -0.0000
 52   0     0.9579     1.0000     0.0421     0.9858     0.9858    -0.0000
 53   0     0.9558     1.0000     0.0442     0.9861     0.9861     0.0000
 54   0     0.9329     1.0000     0.0671     0.9880     0.9880    -0.0000
      Bond orders larger than 0.1000000
           Atom A     A.N. of A          Atom B    A.N. of B              Bond order
                0             6               1            8                0.866266
                0             6              27            1                0.985231
                0             6              28            1                0.984311
                0             6              29            1                0.992092
                1             8               2            6                1.008474
                2             6               3            6                1.379934
                2             6               7            6                1.397639
                3             6               4            6                1.388805
                3             6              30            1                1.006485
                4             6               5            6                1.429811
                4             6              31            1                0.998755
                5             6               6            6                1.403210
                5             6              32            1                1.002394
                6             6               7            6                1.462886
                6             6              33            1                1.002042
                7             6               8            6                0.988047
                8             6               9            7                0.872660
                8             6              34            1                0.959376
                8             6              35            1                0.980813
                9             7              10            6                1.036965
                9             7              21            6                0.906969
               10             6              11            8                1.925193
               10             6              12            6                0.960915
               12             6              13            6                1.064531
               12             6              36            1                0.951281
               12             6              37            1                0.964828
               13             6              14            6                1.021854
               13             6              38            1                0.965319
               13             6              39            1                0.972049
               14             6              15            7                0.932608
               14             6              40            1                0.972090
               14             6              41            1                0.972983
               15             7              16            6                0.931058
               15             7              20            6                0.919203
               16             6              17            6                1.052062
               16             6              42            1                0.973023
               16             6              43            1                0.956981
               17             6              18            8                0.895716
               17             6              44            1                0.968610
               17             6              45            1                0.977717
               18             8              19            6                0.894803
               19             6              20            6                1.053319
               19             6              46            1                0.977869
               19             6              47            1                0.968218
               20             6              48            1                0.972913
               20             6              49            1                0.959006
               21             6              22            6                1.410992
               21             6              26            6                1.423982
               22             6              23            6                1.416248
               22             6              50            1                0.998204
               23             6              24            6                1.411921
               23             6              51            1                0.996397
               24             6              25            6                1.412118
               24             6              52            1                1.001165
               25             6              26            6                1.416008
               25             6              53            1                0.997460
               26             6              54            1                1.001380
# -----------------------------------------------------------
$ Calculation_Info
   description: Details of the calculation
   geom. index: 1
   prop. index: 1
     Multiplicity:                          1
     Charge:                                0
     number of atoms:                       55
     number of electrons:                   0
     number of frozen core electrons:       1
     number of correlated electrons:        0
     number of basis functions:             518
     number of aux C basis functions:       0
     number of aux J basis functions:       0
     number of aux JK basis functions:      0
     number of aux CABS basis functions:    0
     Total Energy                           -1181.977443
# -----------------------------------------------------------
$ SCF_Electric_Properties
   description: The SCF Calculated Electric Properties
   geom. index: 1
   prop. index: 1
       Filename                          : ./ZINC000000000146/ZINC000000000146.scfp 
       Do Dipole Moment Calculation      : true 
       Do Quadrupole Moment Calculation  : false 
       Do Polarizability Calculation     : false 
** Dipole moment part of electric properties **
        Magnitude of dipole moment (Debye) :        4.8569665448
        Electronic Contribution:
                  0    
      0     -17.769025
      1       0.815715
      2       5.901987
        Nuclear Contribution:
                  0    
      0      16.201631
      1      -0.149681
      2      -6.768577
        Total Dipole moment:
                  0    
      0      -1.567394
      1       0.666034
      2      -0.866591
# -------------------------------------------------------------
----------------------- !GEOMETRIES! ------------------------
# -------------------------------------------------------------
------------------------ !GEOMETRY! -------------------------
    Number of atoms:    55 
    Geometry Index:     1 
    Coordinates:
               0 C     -1.242727637403   -2.842881677576   -1.694587208089
               1 O     -1.658466489051   -2.015270256874   -0.617731795059
               2 C     -2.990113376686   -1.992804713826   -0.304392247698
               3 C     -3.981948948794   -2.668774329934   -1.024975872788
               4 C     -5.320063916268   -2.601959852570   -0.629394737785
               5 C     -5.680453756824   -1.863461541459    0.492138700001
               6 C     -4.702336888271   -1.185201630549    1.216498518650
               7 C     -3.350544600856   -1.228725845402    0.822375693132
               8 C     -2.324192158720   -0.481536053673    1.654823360624
               9 N     -1.543223473064    0.532937136991    0.930490634182
              10 C     -0.175910828079    0.291666502829    0.753810399233
              11 O      0.438285713964   -0.581242551951    1.369809509345
              12 C      0.520122248495    1.137007297928   -0.313709352798
              13 C      1.798101558002    0.480842989444   -0.849090795818
              14 C      2.992574705857    0.668013143671    0.098626610944
              15 N      4.250201726341    0.164587216884   -0.483084219704
              16 C      5.403099401480    0.634478524290    0.318979903371
              17 C      6.729153517485    0.073984104503   -0.218026820528
              18 O      6.721686919139   -1.359024731428   -0.222014110334
              19 C      5.636969201753   -1.835984790027   -1.029019987522
              20 C      4.283322222981   -1.316366909374   -0.515265288150
              21 C     -2.125918856116    1.827801865017    0.784151462403
              22 C     -1.475488134169    2.961547830681    1.291160457487
              23 C     -2.053621695917    4.228723665359    1.177302843368
              24 C     -3.292352049712    4.376095519343    0.559593499522
              25 C     -3.953783713224    3.256972469052    0.060832281271
              26 C     -3.375839740140    1.989596862624    0.177629171882
              27 H     -1.486188902255   -3.893434594397   -1.504481638259
              28 H     -1.672144218694   -2.501313953215   -2.642281333456
              29 H     -0.154434898445   -2.762915313512   -1.776343834306
              30 H     -3.745689817128   -3.260538146502   -1.903298932167
              31 H     -6.079574336978   -3.132562886770   -1.197703395610
              32 H     -6.720831500695   -1.816387783631    0.803223653562
              33 H     -5.000499884432   -0.611692773482    2.092281127267
              34 H     -1.663977497865   -1.233682768825    2.103113240657
              35 H     -2.806862018190    0.018675752425    2.505129701561
              36 H      0.760303247602    2.124947639037    0.086782971288
              37 H     -0.172653869568    1.260724385642   -1.154949792148
              38 H      1.609706106349   -0.581356485309   -1.040489718451
              39 H      2.040888825566    0.943023961648   -1.814420378435
              40 H      2.804071659637    0.205556915324    1.073779053547
              41 H      3.098573763032    1.745844489782    0.277971040509
              42 H      5.452310417133    1.729036216664    0.294318545710
              43 H      5.282944630084    0.323486559303    1.364944071089
              44 H      6.933530994088    0.437955933310   -1.232242700553
              45 H      7.555127459439    0.398431285639    0.422636313457
              46 H      5.653141976293   -2.930117277662   -0.991000201613
              47 H      5.805352390032   -1.538123687136   -2.071396634485
              48 H      3.501734201434   -1.704479233360   -1.175920458860
              49 H      4.109691374802   -1.715910836167    0.491874471398
              50 H     -0.529951664346    2.870723460410    1.819717302315
              51 H     -1.539709312739    5.098367397819    1.579715102385
              52 H     -3.742853646213    5.361380747160    0.468508642977
              53 H     -4.918138268009    3.368032486834   -0.428837553620
              54 H     -3.900398162136    1.145308265000   -0.257559274900
