-------------------------------------------------------------
----------------------- !PROPERTIES! ------------------------
-------------------------------------------------------------
# -----------------------------------------------------------
$ PAL_Flags
   description: The PAL Flags
   geom. index: 1
   prop. index: 1
        Diskflag:     2
# -----------------------------------------------------------
$ SCF_Energy
   description: The SCF energy
   geom. index: 1
   prop. index: 1
        SCF Energy:     -691.3323012540
# -----------------------------------------------------------
$ Mayer_Pop
   description: The Mayer population analysis
   geom. index: 1
   prop. index: 1
     Number of atoms                     : 37
     Threshold for printing              : 0.1000000
     Number of bond orders printed       : 37
  NA   - Mulliken gross atomic population
  ZA   - Total nuclear charge
  QA   - Mulliken gross atomic charge
  VA   - Mayer's total valence
  BVA  - Mayer's bonded valence
  FA   - Mayer's free valence
  ATOM       NA         ZA         QA         VA         BVA        FA
  0   0     5.9542     6.0000     0.0458     3.9119     3.9119    -0.0000
  1   0     6.2398     6.0000    -0.2398     3.9542     3.9542    -0.0000
  2   0     5.9937     6.0000     0.0063     3.8432     3.8432    -0.0000
  3   0     5.7636     6.0000     0.2364     3.7773     3.7773    -0.0000
  4   0     8.5614     8.0000    -0.5614     1.8535     1.8535     0.0000
  5   0     5.5066     6.0000     0.4934     3.9173     3.9173    -0.0000
  6   0     8.4356     8.0000    -0.4356     2.0365     2.0365     0.0000
  7   0     5.8142     6.0000     0.1858     3.8962     3.8962    -0.0000
  8   0     6.0296     6.0000    -0.0296     3.9249     3.9249    -0.0000
  9   0     8.4567     8.0000    -0.4567     1.9310     1.9310    -0.0000
 10   0     5.9123     6.0000     0.0877     3.7571     3.7571     0.0000
 11   0     6.5263     6.0000    -0.5263     3.9130     3.9130    -0.0000
 12   0     5.9172     6.0000     0.0828     3.8560     3.8560    -0.0000
 13   0     5.9352     6.0000     0.0648     3.8172     3.8172    -0.0000
 14   0     5.9044     6.0000     0.0956     3.7047     3.7047    -0.0000
 15   0     0.9766     1.0000     0.0234     0.9854     0.9854    -0.0000
 16   0     0.9682     1.0000     0.0318     0.9830     0.9830    -0.0000
 17   0     0.9702     1.0000     0.0298     0.9822     0.9822    -0.0000
 18   0     0.9618     1.0000     0.0382     0.9605     0.9605     0.0000
 19   0     0.9509     1.0000     0.0491     0.9924     0.9924     0.0000
 20   0     0.9749     1.0000     0.0251     0.9866     0.9866    -0.0000
 21   0     0.9446     1.0000     0.0554     0.9992     0.9992     0.0000
 22   0     0.9471     1.0000     0.0529     0.9776     0.9776    -0.0000
 23   0     0.9491     1.0000     0.0509     0.9867     0.9867     0.0000
 24   0     0.9427     1.0000     0.0573     0.9854     0.9854     0.0000
 25   0     0.9620     1.0000     0.0380     0.9884     0.9884     0.0000
 26   0     0.7858     1.0000     0.2142     1.0046     1.0046    -0.0000
 27   0     0.9667     1.0000     0.0333     0.9864     0.9864     0.0000
 28   0     0.9687     1.0000     0.0313     0.9897     0.9897     0.0000
 29   0     0.9737     1.0000     0.0263     0.9866     0.9866     0.0000
 30   0     0.9725     1.0000     0.0275     0.9857     0.9857     0.0000
 31   0     0.9714     1.0000     0.0286     0.9862     0.9862    -0.0000
 32   0     0.9701     1.0000     0.0299     0.9868     0.9868    -0.0000
 33   0     0.9701     1.0000     0.0299     0.9875     0.9875     0.0000
 34   0     0.9682     1.0000     0.0318     0.9902     0.9902     0.0000
 35   0     0.9734     1.0000     0.0266     0.9837     0.9837    -0.0000
 36   0     0.9805     1.0000     0.0195     0.9867     0.9867    -0.0000
      Bond orders larger than 0.1000000
           Atom A     A.N. of A          Atom B    A.N. of B              Bond order
                0             6               1            6                1.042849
                0             6              15            1                0.980331
                0             6              16            1                0.986153
                0             6              17            1                0.985726
                1             6               2            6                0.998669
                1             6              14            6                0.988688
                1             6              18            1                0.958944
                2             6               3            6                1.038935
                2             6              19            1                0.967916
                2             6              20            1                0.958599
                3             6               4            8                0.764195
                3             6              10            6                1.022252
                3             6              21            1                0.968376
                4             8               5            6                1.066078
                5             6               6            8                1.925965
                5             6               7            6                0.943220
                7             6               8            6                1.029072
                7             6               9            8                0.974894
                7             6              22            1                0.956270
                8             6              23            1                0.975678
                8             6              24            1                0.984529
                8             6              25            1                0.977788
                9             8              26            1                0.949874
               10             6              11            6                0.969333
               10             6              27            1                0.970809
               10             6              28            1                0.966876
               11             6              12            6                1.021886
               11             6              13            6                0.974108
               11             6              14            6                0.967933
               12             6              29            1                0.982413
               12             6              30            1                0.984679
               12             6              31            1                0.985008
               13             6              32            1                0.985576
               13             6              33            1                0.985035
               13             6              34            1                0.987237
               14             6              35            1                0.971225
               14             6              36            1                0.971691
# -----------------------------------------------------------
$ Calculation_Info
   description: Details of the calculation
   geom. index: 1
   prop. index: 1
     Multiplicity:                          1
     Charge:                                0
     number of atoms:                       37
     number of electrons:                   0
     number of frozen core electrons:       1
     number of correlated electrons:        0
     number of basis functions:             320
     number of aux C basis functions:       0
     number of aux J basis functions:       0
     number of aux JK basis functions:      0
     number of aux CABS basis functions:    0
     Total Energy                           -691.332301
# -----------------------------------------------------------
$ SCF_Electric_Properties
   description: The SCF Calculated Electric Properties
   geom. index: 1
   prop. index: 1
       Filename                          : ./ZINC000000000140/ZINC000000000140.scfp 
       Do Dipole Moment Calculation      : true 
       Do Quadrupole Moment Calculation  : false 
       Do Polarizability Calculation     : false 
** Dipole moment part of electric properties **
        Magnitude of dipole moment (Debye) :        3.2527903048
        Electronic Contribution:
                  0    
      0      17.110855
      1       4.796661
      2      -1.366739
        Nuclear Contribution:
                  0    
      0     -18.212006
      1      -5.258117
      2       1.827398
        Total Dipole moment:
                  0    
      0      -1.101151
      1      -0.461457
      2       0.460659
# -------------------------------------------------------------
----------------------- !GEOMETRIES! ------------------------
# -------------------------------------------------------------
------------------------ !GEOMETRY! -------------------------
    Number of atoms:    37 
    Geometry Index:     1 
    Coordinates:
               0 C     -2.282105606661    2.524325454246    1.291109470849
               1 C     -1.686100080276    1.451736199681    0.378985937200
               2 C     -0.212213267647    1.213824366816    0.723175101643
               3 C      0.404513871548    0.107964493682   -0.136933202541
               4 O      1.738393623282   -0.178562148537    0.329215501458
               5 C      2.728138052752    0.622729738124   -0.148225442284
               6 O      2.572111549271    1.574112487930   -0.906414859520
               7 C      4.089575029897    0.238687003245    0.437866871207
               8 C      4.403261121969   -1.233163372743    0.230239104768
               9 O      5.142508804637    0.996968074479   -0.162180455670
              10 C     -0.403884907628   -1.188576289915   -0.016305458325
              11 C     -1.901468810723   -1.015269789871   -0.346891782963
              12 C     -2.645674953012   -2.315616284961    0.012431642623
              13 C     -2.100027310499   -0.759311073583   -1.853258897475
              14 C     -2.491011872744    0.146269040743    0.486989411730
              15 H     -2.247819841284    2.218719516271    2.342355693563
              16 H     -1.731127446505    3.465781105758    1.194297372047
              17 H     -3.327254024113    2.719506810551    1.028836752799
              18 H     -1.748215841935    1.826106791112   -0.650137054766
              19 H      0.356318656672    2.143160439823    0.595508118797
              20 H     -0.106129879523    0.951032497836    1.784565493561
              21 H      0.438850168188    0.412361621860   -1.189960168588
              22 H      4.077574805622    0.486214808846    1.504346127951
              23 H      3.680879682643   -1.878114469102    0.739852341836
              24 H      5.405305644055   -1.470503977003    0.603280206014
              25 H      4.391416590783   -1.486106041009   -0.836042942994
              26 H      4.738654599242    1.829138756112   -0.479691933395
              27 H      0.046726506735   -1.955654755081   -0.660299353839
              28 H     -0.292440230865   -1.575897958224    1.006642951871
              29 H     -2.540327356315   -2.553330411175    1.076980882405
              30 H     -2.254368859750   -3.165862768263   -0.557577819346
              31 H     -3.716583842086   -2.231399104142   -0.204335599173
              32 H     -1.702125175205   -1.590190533343   -2.447112140023
              33 H     -3.164102349110   -0.659729994975   -2.096472980973
              34 H     -1.601707337745    0.152334435920   -2.194411747374
              35 H     -3.530171675729    0.331449144979    0.184769993694
              36 H     -2.529368037941   -0.155133816089    1.543233553933
