-------------------------------------------------------------
----------------------- !PROPERTIES! ------------------------
-------------------------------------------------------------
# -----------------------------------------------------------
$ PAL_Flags
   description: The PAL Flags
   geom. index: 1
   prop. index: 1
        Diskflag:     2
# -----------------------------------------------------------
$ SCF_Energy
   description: The SCF energy
   geom. index: 1
   prop. index: 1
        SCF Energy:     -910.1449528849
# -----------------------------------------------------------
$ Mayer_Pop
   description: The Mayer population analysis
   geom. index: 1
   prop. index: 1
     Number of atoms                     : 36
     Threshold for printing              : 0.1000000
     Number of bond orders printed       : 38
  NA   - Mulliken gross atomic population
  ZA   - Total nuclear charge
  QA   - Mulliken gross atomic charge
  VA   - Mayer's total valence
  BVA  - Mayer's bonded valence
  FA   - Mayer's free valence
  ATOM       NA         ZA         QA         VA         BVA        FA
  0   0     8.4099     8.0000    -0.4099     2.0634     2.0634     0.0000
  1   0     5.4770     6.0000     0.5230     4.0325     4.0325    -0.0000
  2   0     8.3597     8.0000    -0.3597     2.0595     2.0595    -0.0000
  3   0     6.1315     6.0000    -0.1315     3.6783     3.6783    -0.0000
  4   0     5.9896     6.0000     0.0104     3.9217     3.9217    -0.0000
  5   0     5.8978     6.0000     0.1022     3.8764     3.8764    -0.0000
  6   0     6.1395     6.0000    -0.1395     3.9160     3.9160    -0.0000
  7   0     6.0772     6.0000    -0.0772     3.9426     3.9426    -0.0000
  8   0     5.6529     6.0000     0.3471     3.7435     3.7435    -0.0000
  9   0     8.5624     8.0000    -0.5624     1.8784     1.8784     0.0000
 10   0     5.7211     6.0000     0.2789     3.8193     3.8193    -0.0000
 11   0     5.8428     6.0000     0.1572     3.8442     3.8442    -0.0000
 12   0     7.4959     7.0000    -0.4959     3.1401     3.1401    -0.0000
 13   0     5.9340     6.0000     0.0660     3.7657     3.7657     0.0000
 14   0     5.9487     6.0000     0.0513     3.9508     3.9508     0.0000
 15   0     7.3617     7.0000    -0.3617     3.0061     3.0061     0.0000
 16   0     5.7390     6.0000     0.2610     3.8746     3.8746     0.0000
 17   0     6.1563     6.0000    -0.1563     3.8387     3.8387     0.0000
 18   0     5.9774     6.0000     0.0226     3.9257     3.9257     0.0000
 19   0     6.1529     6.0000    -0.1529     3.8745     3.8745     0.0000
 20   0     0.7739     1.0000     0.2261     0.9997     0.9997    -0.0000
 21   0     0.9118     1.0000     0.0882     0.9717     0.9717    -0.0000
 22   0     0.9278     1.0000     0.0722     0.9870     0.9870    -0.0000
 23   0     0.9607     1.0000     0.0393     0.9780     0.9780    -0.0000
 24   0     0.9455     1.0000     0.0545     0.9725     0.9725    -0.0000
 25   0     0.9490     1.0000     0.0510     0.9808     0.9808     0.0000
 26   0     0.9649     1.0000     0.0351     1.0059     1.0059    -0.0000
 27   0     0.9541     1.0000     0.0459     0.9915     0.9915     0.0000
 28   0     0.9512     1.0000     0.0488     0.9866     0.9866    -0.0000
 29   0     0.9409     1.0000     0.0591     0.9971     0.9971     0.0000
 30   0     0.9370     1.0000     0.0630     0.9852     0.9852    -0.0000
 31   0     0.9433     1.0000     0.0567     0.9997     0.9997     0.0000
 32   0     0.9540     1.0000     0.0460     0.9977     0.9977     0.0000
 33   0     0.9409     1.0000     0.0591     1.0033     1.0033    -0.0000
 34   0     0.9686     1.0000     0.0314     0.9951     0.9951    -0.0000
 35   0     0.9493     1.0000     0.0507     1.0103     1.0103     0.0000
      Bond orders larger than 0.1000000
           Atom A     A.N. of A          Atom B    A.N. of B              Bond order
                0             8               1            6                2.007203
                1             6               2            8                1.117632
                1             6               3            6                0.928503
                2             8              20            1                0.940478
                3             6               4            6                1.011056
                3             6              19            6                0.945018
                3             6              21            1                0.914582
                4             6               5            6                1.046328
                4             6              22            1                0.971303
                4             6              23            1                0.975465
                5             6               6            6                0.977189
                5             6              24            1                0.951894
                5             6              25            1                0.972959
                6             6               7            6                1.456647
                6             6              19            6                1.423484
                7             6               8            6                1.389120
                7             6              26            1                1.016930
                8             6               9            8                0.975417
                8             6              17            6                1.358086
                9             8              10            6                0.855781
               10             6              11            6                1.026261
               10             6              27            1                0.973184
               10             6              28            1                0.979315
               11             6              12            7                0.859867
               11             6              29            1                0.980865
               11             6              30            1                0.975028
               12             7              13            6                1.093645
               12             7              16            6                1.165165
               13             6              14            6                1.619008
               13             6              31            1                0.993619
               14             6              15            7                1.308498
               14             6              32            1                1.006158
               15             7              16            6                1.654169
               16             6              33            1                0.993634
               17             6              18            6                1.394737
               17             6              34            1                1.005902
               18             6              19            6                1.465878
               18             6              35            1                0.998679
# -----------------------------------------------------------
$ Calculation_Info
   description: Details of the calculation
   geom. index: 1
   prop. index: 1
     Multiplicity:                          1
     Charge:                                0
     number of atoms:                       36
     number of electrons:                   0
     number of frozen core electrons:       1
     number of correlated electrons:        0
     number of basis functions:             360
     number of aux C basis functions:       0
     number of aux J basis functions:       0
     number of aux JK basis functions:      0
     number of aux CABS basis functions:    0
     Total Energy                           -910.144953
# -----------------------------------------------------------
$ SCF_Electric_Properties
   description: The SCF Calculated Electric Properties
   geom. index: 1
   prop. index: 1
       Filename                          : ./ZINC000000000115/ZINC000000000115.scfp 
       Do Dipole Moment Calculation      : true 
       Do Quadrupole Moment Calculation  : false 
       Do Polarizability Calculation     : false 
** Dipole moment part of electric properties **
        Magnitude of dipole moment (Debye) :        2.9705065210
        Electronic Contribution:
                  0    
      0       0.775409
      1       1.334116
      2      -3.426285
        Nuclear Contribution:
                  0    
      0      -1.685099
      1      -0.669516
      2       3.737000
        Total Dipole moment:
                  0    
      0      -0.909691
      1       0.664600
      2       0.310715
# -------------------------------------------------------------
----------------------- !GEOMETRIES! ------------------------
# -------------------------------------------------------------
------------------------ !GEOMETRY! -------------------------
    Number of atoms:    36 
    Geometry Index:     1 
    Coordinates:
               0 O     -4.593710178427    1.269863093890   -2.686777243201
               1 C     -3.728374120142    1.845906594850   -2.046480592545
               2 O     -2.899887160080    2.706467674220   -2.675301679488
               3 C     -3.491454298322    1.772063330394   -0.556536235986
               4 C     -4.506861216746    0.839500409515    0.139980617631
               5 C     -3.828166248819    0.325281026633    1.414520903856
               6 C     -2.391729475589    0.328217994785    0.996880225185
               7 C     -1.331799055872   -0.312070447524    1.620105276505
               8 C     -0.040249116280   -0.145702155459    1.109950575592
               9 O      0.924888964743   -0.825440762914    1.801432234028
              10 C      2.282941886452   -0.724195534639    1.370074965990
              11 C      2.584845968202   -1.765531385969    0.298282833022
              12 N      3.949317894249   -1.681317752896   -0.172609400204
              13 C      4.381720883965   -1.014556479040   -1.282963317887
              14 C      5.740580986751   -1.225327485462   -1.311211824548
              15 N      6.135864235200   -1.999881004602   -0.250668452441
              16 C      5.035036200958   -2.268519034609    0.411396305701
              17 C      0.161673856010    0.670747214491   -0.013072135105
              18 C     -0.914003751657    1.326471252508   -0.627829925438
              19 C     -2.191278885524    1.141208429152   -0.123822246548
              20 H     -3.195510427536    2.671906875584   -3.609677158477
              21 H     -3.573642498714    2.780630886344   -0.132841095745
              22 H     -4.751143543394   -0.018963995249   -0.501084857659
              23 H     -5.451792455672    1.349393058191    0.356305799911
              24 H     -3.979181581873    1.016701877170    2.250260864334
              25 H     -4.185823722612   -0.672988483324    1.683843883656
              26 H     -1.497415527063   -0.929606377070    2.497936161482
              27 H      2.901010960831   -0.934158828538    2.251921887413
              28 H      2.552573748147    0.295902736633    1.071239868196
              29 H      1.920638489683   -1.656884954444   -0.566285896780
              30 H      2.420510816421   -2.777985948237    0.686529361420
              31 H      3.719005129731   -0.467707805788   -1.939159409966
              32 H      6.454854444593   -0.860743089893   -2.036273930752
              33 H      4.972613649758   -2.869201223335    1.309253546153
              34 H      1.146891740532    0.833581951723   -0.435621283857
              35 H     -0.732946591909    1.976938342825   -1.478884598448
