-------------------------------------------------------------
----------------------- !PROPERTIES! ------------------------
-------------------------------------------------------------
# -----------------------------------------------------------
$ PAL_Flags
   description: The PAL Flags
   geom. index: 1
   prop. index: 1
        Diskflag:     2
# -----------------------------------------------------------
$ SCF_Energy
   description: The SCF energy
   geom. index: 1
   prop. index: 1
        SCF Energy:    -1282.4594499550
# -----------------------------------------------------------
$ Mayer_Pop
   description: The Mayer population analysis
   geom. index: 1
   prop. index: 1
     Number of atoms                     : 43
     Threshold for printing              : 0.1000000
     Number of bond orders printed       : 44
  NA   - Mulliken gross atomic population
  ZA   - Total nuclear charge
  QA   - Mulliken gross atomic charge
  VA   - Mayer's total valence
  BVA  - Mayer's bonded valence
  FA   - Mayer's free valence
  ATOM       NA         ZA         QA         VA         BVA        FA
  0   0     5.8506     6.0000     0.1494     3.8758     3.8758     0.0000
  1   0     7.6343     7.0000    -0.6343     2.8189     2.8189     0.0000
  2   0     5.8575     6.0000     0.1425     3.8669     3.8669     0.0000
  3   0     5.8625     6.0000     0.1375     3.8765     3.8765    -0.0000
  4   0     5.6792     6.0000     0.3208     3.7958     3.7958     0.0000
  5   0     8.6422     8.0000    -0.6422     1.7655     1.7655     0.0000
  6   0     5.7494     6.0000     0.2506     3.7998     3.7998    -0.0000
  7   0     5.9241     6.0000     0.0759     3.8938     3.8938     0.0000
  8   0     6.1712     6.0000    -0.1712     3.7945     3.7945    -0.0000
  9   0     6.0072     6.0000    -0.0072     3.9123     3.9123    -0.0000
 10   0     6.0330     6.0000    -0.0330     3.8552     3.8552     0.0000
 11   0     6.0367     6.0000    -0.0367     3.8561     3.8561     0.0000
 12   0     6.0369     6.0000    -0.0369     3.8997     3.8997    -0.0000
 13   0     6.0151     6.0000    -0.0151     3.8918     3.8918    -0.0000
 14   0     6.1501     6.0000    -0.1501     3.7354     3.7354    -0.0000
 15   0     6.0312     6.0000    -0.0312     3.9256     3.9256    -0.0000
 16   0     6.0039     6.0000    -0.0039     3.9326     3.9326    -0.0000
 17   0     5.9616     6.0000     0.0384     3.7922     3.7922    -0.0000
 18   0    17.1368    17.0000    -0.1368     1.0303     1.0303     0.0000
 19   0     6.0148     6.0000    -0.0148     3.9403     3.9403    -0.0000
 20   0     5.9803     6.0000     0.0197     3.8814     3.8814     0.0000
 21   0     0.9657     1.0000     0.0343     0.9849     0.9849     0.0000
 22   0     0.9674     1.0000     0.0326     0.9851     0.9851    -0.0000
 23   0     0.9953     1.0000     0.0047     0.9812     0.9812    -0.0000
 24   0     0.9623     1.0000     0.0377     0.9866     0.9866     0.0000
 25   0     0.9673     1.0000     0.0327     0.9859     0.9859    -0.0000
 26   0     0.9960     1.0000     0.0040     0.9826     0.9826     0.0000
 27   0     0.9853     1.0000     0.0147     0.9830     0.9830     0.0000
 28   0     0.9705     1.0000     0.0295     0.9893     0.9893    -0.0000
 29   0     0.9767     1.0000     0.0233     0.9876     0.9876     0.0000
 30   0     0.9744     1.0000     0.0256     0.9835     0.9835     0.0000
 31   0     0.9452     1.0000     0.0548     0.9925     0.9925     0.0000
 32   0     0.9684     1.0000     0.0316     0.9865     0.9865     0.0000
 33   0     0.9637     1.0000     0.0363     0.9895     0.9895    -0.0000
 34   0     0.9446     1.0000     0.0554     1.0079     1.0079    -0.0000
 35   0     0.9612     1.0000     0.0388     0.9860     0.9860     0.0000
 36   0     0.9612     1.0000     0.0388     0.9853     0.9853     0.0000
 37   0     0.9603     1.0000     0.0397     0.9857     0.9857    -0.0000
 38   0     0.9616     1.0000     0.0384     0.9937     0.9937     0.0000
 39   0     0.9525     1.0000     0.0475     0.9953     0.9953    -0.0000
 40   0     0.9523     1.0000     0.0477     1.0001     1.0001    -0.0000
 41   0     0.9500     1.0000     0.0500     0.9998     0.9998    -0.0000
 42   0     0.9395     1.0000     0.0605     0.9995     0.9995    -0.0000
      Bond orders larger than 0.1000000
           Atom A     A.N. of A          Atom B    A.N. of B              Bond order
                0             6               1            7                0.945528
                0             6              21            1                0.991898
                0             6              22            1                0.992170
                0             6              23            1                0.976117
                1             7               2            6                0.936760
                1             7               3            6                0.935886
                2             6              24            1                0.992349
                2             6              25            1                0.991503
                2             6              26            1                0.975298
                3             6               4            6                1.044723
                3             6              27            1                0.966951
                3             6              28            1                0.974288
                4             6               5            8                0.856628
                4             6              29            1                0.973560
                4             6              30            1                0.964323
                5             8               6            6                0.874538
                6             6               7            6                1.063225
                6             6               8            6                0.972117
                6             6              14            6                0.933302
                7             6              31            1                0.975325
                7             6              32            1                0.973280
                7             6              33            1                0.969716
                8             6               9            6                1.451493
                8             6              13            6                1.397112
                9             6              10            6                1.402692
                9             6              34            1                0.997979
               10             6              11            6                1.417742
               10             6              35            1                1.001595
               11             6              12            6                1.403752
               11             6              36            1                0.999447
               12             6              13            6                1.445917
               12             6              37            1                1.000075
               13             6              38            1                0.998112
               14             6              15            6                1.443577
               14             6              20            6                1.389535
               15             6              16            6                1.408973
               15             6              39            1                0.994846
               16             6              17            6                1.420724
               16             6              40            1                0.999623
               17             6              18           17                0.949827
               17             6              19            6                1.388253
               19             6              20            6                1.448066
               19             6              41            1                1.003742
               20             6              42            1                0.997239
# -----------------------------------------------------------
$ Calculation_Info
   description: Details of the calculation
   geom. index: 1
   prop. index: 1
     Multiplicity:                          1
     Charge:                                0
     number of atoms:                       43
     number of electrons:                   0
     number of frozen core electrons:       1
     number of correlated electrons:        0
     number of basis functions:             408
     number of aux C basis functions:       0
     number of aux J basis functions:       0
     number of aux JK basis functions:      0
     number of aux CABS basis functions:    0
     Total Energy                           -1282.459450
# -----------------------------------------------------------
$ SCF_Electric_Properties
   description: The SCF Calculated Electric Properties
   geom. index: 1
   prop. index: 1
       Filename                          : ./ZINC000000000137/ZINC000000000137.scfp 
       Do Dipole Moment Calculation      : true 
       Do Quadrupole Moment Calculation  : false 
       Do Polarizability Calculation     : false 
** Dipole moment part of electric properties **
        Magnitude of dipole moment (Debye) :        1.3858366164
        Electronic Contribution:
                  0    
      0     -29.960013
      1      17.969506
      2      -8.363551
        Nuclear Contribution:
                  0    
      0      30.365378
      1     -18.224917
      2       8.623759
        Total Dipole moment:
                  0    
      0       0.405365
      1      -0.255410
      2       0.260208
# -------------------------------------------------------------
----------------------- !GEOMETRIES! ------------------------
# -------------------------------------------------------------
------------------------ !GEOMETRY! -------------------------
    Number of atoms:    43 
    Geometry Index:     1 
    Coordinates:
               0 C      5.201255687965   -0.476557921615   -0.459521224059
               1 N      3.977866904424    0.306764121154   -0.679952999571
               2 C      3.929670739846    0.762127918623   -2.072987093557
               3 C      2.799277472692   -0.512999470947   -0.338596057976
               4 C      1.477020971034    0.275646672653   -0.235384758506
               5 O      0.452330387226   -0.644978017779    0.152808159433
               6 C     -0.705948964980   -0.098965031391    0.833618211211
               7 C     -0.266934310978    0.235805074121    2.285564923100
               8 C     -1.756973626547   -1.234911446450    0.954059463461
               9 C     -1.483730967429   -2.546633616106    0.520348290842
              10 C     -2.436194540737   -3.560922897755    0.646742969551
              11 C     -3.679192063132   -3.284673769098    1.214431748310
              12 C     -3.974521159208   -1.994416740204    1.648743688038
              13 C     -3.023671392348   -0.978826743958    1.522843621105
              14 C     -1.290976591990    1.080808288094    0.028741452405
              15 C     -1.411225775511    2.382064223141    0.553450128752
              16 C     -1.955987697820    3.420635961665   -0.215576748174
              17 C     -2.388861044362    3.171961841339   -1.518480222644
              18 Cl    -3.059846937977    4.448860588357   -2.462504797921
              19 C     -2.279573684199    1.894579548011   -2.061602715289
              20 C     -1.733104993657    0.859133029536   -1.295056017080
              21 H      5.289392793729   -0.748707482028    0.602209876121
              22 H      6.091496332242    0.116253151610   -0.703106284954
              23 H      5.223472631607   -1.395376721189   -1.061782950101
              24 H      3.084249570409    1.442346431771   -2.238367503290
              25 H      4.832330024110    1.332786962874   -2.326226319275
              26 H      3.850080687101   -0.070253309068   -2.785154358797
              27 H      2.680538926291   -1.349957224886   -1.044412629757
              28 H      2.957414197202   -0.973428832849    0.649910420183
              29 H      1.202999694880    0.697948120652   -1.211582207090
              30 H      1.591828311605    1.093223606915    0.487800269608
              31 H      0.188466543060   -0.644808047860    2.764560456220
              32 H      0.490985404088    1.025661576254    2.319731802954
              33 H     -1.102189202549    0.566328480112    2.917287023429
              34 H     -0.522607077705   -2.792813054492    0.069642392525
              35 H     -2.202904526674   -4.565936985157    0.304219521114
              36 H     -4.419193724356   -4.075405123953    1.312091408675
              37 H     -4.945252708117   -1.776607922555    2.090157883333
              38 H     -3.283708746650    0.021108269401    1.867392236687
              39 H     -1.086454543207    2.616006635752    1.566509879674
              40 H     -2.040268952039    4.420801893460    0.209646303383
              41 H     -2.617328557749    1.693334133740   -3.077079987679
              42 H     -1.654025489597   -0.137006169896   -1.735137254392
