-------------------------------------------------------------
----------------------- !PROPERTIES! ------------------------
-------------------------------------------------------------
# -----------------------------------------------------------
$ PAL_Flags
   description: The PAL Flags
   geom. index: 1
   prop. index: 1
        Diskflag:     2
# -----------------------------------------------------------
$ SCF_Energy
   description: The SCF energy
   geom. index: 1
   prop. index: 1
        SCF Energy:     -935.1733636919
# -----------------------------------------------------------
$ Mayer_Pop
   description: The Mayer population analysis
   geom. index: 1
   prop. index: 1
     Number of atoms                     : 43
     Threshold for printing              : 0.1000000
     Number of bond orders printed       : 46
  NA   - Mulliken gross atomic population
  ZA   - Total nuclear charge
  QA   - Mulliken gross atomic charge
  VA   - Mayer's total valence
  BVA  - Mayer's bonded valence
  FA   - Mayer's free valence
  ATOM       NA         ZA         QA         VA         BVA        FA
  0   0     5.8989     6.0000     0.1011     3.8908     3.8908    -0.0000
  1   0     6.2174     6.0000    -0.2174     3.9548     3.9548     0.0000
  2   0     6.0343     6.0000    -0.0343     3.9025     3.9025    -0.0000
  3   0     6.0189     6.0000    -0.0189     3.8634     3.8634    -0.0000
  4   0     6.0499     6.0000    -0.0499     3.9224     3.9224    -0.0000
  5   0     6.1365     6.0000    -0.1365     3.8034     3.8034    -0.0000
  6   0     5.7209     6.0000     0.2791     3.8305     3.8305    -0.0000
  7   0     8.5697     8.0000    -0.5697     1.8604     1.8604     0.0000
  8   0     5.7310     6.0000     0.2690     3.8433     3.8433    -0.0000
  9   0     6.0612     6.0000    -0.0612     3.9258     3.9258    -0.0000
 10   0     6.0046     6.0000    -0.0046     3.8225     3.8225     0.0000
 11   0     6.0480     6.0000    -0.0480     3.8670     3.8670     0.0000
 12   0     5.9905     6.0000     0.0095     3.8992     3.8992     0.0000
 13   0     6.1394     6.0000    -0.1394     3.7776     3.7776    -0.0000
 14   0     5.8983     6.0000     0.1017     3.7355     3.7355     0.0000
 15   0     8.4565     8.0000    -0.4565     1.8873     1.8873    -0.0000
 16   0     5.9585     6.0000     0.0415     3.9110     3.9110     0.0000
 17   0     5.7906     6.0000     0.2094     3.9322     3.9322    -0.0000
 18   0     7.6808     7.0000    -0.6808     2.8023     2.8023     0.0000
 19   0     5.8388     6.0000     0.1612     3.8912     3.8912     0.0000
 20   0     5.6638     6.0000     0.3362     3.8115     3.8115     0.0000
 21   0     6.0478     6.0000    -0.0478     3.8509     3.8509     0.0000
 22   0     0.9704     1.0000     0.0296     0.9883     0.9883    -0.0000
 23   0     0.9457     1.0000     0.0543     0.9859     0.9859    -0.0000
 24   0     0.9463     1.0000     0.0537     0.9840     0.9840    -0.0000
 25   0     0.9686     1.0000     0.0314     0.9939     0.9939    -0.0000
 26   0     0.9618     1.0000     0.0382     0.9862     0.9862    -0.0000
 27   0     0.9577     1.0000     0.0423     0.9967     0.9967    -0.0000
 28   0     0.9575     1.0000     0.0425     0.9973     0.9973    -0.0000
 29   0     0.9561     1.0000     0.0439     0.9857     0.9857     0.0000
 30   0     0.9587     1.0000     0.0413     0.9865     0.9865     0.0000
 31   0     0.9461     1.0000     0.0539     0.9989     0.9989     0.0000
 32   0     0.7930     1.0000     0.2070     0.9948     0.9948    -0.0000
 33   0     0.9416     1.0000     0.0584     0.9912     0.9912     0.0000
 34   0     0.9565     1.0000     0.0435     0.9835     0.9835     0.0000
 35   0     1.0015     1.0000    -0.0015     0.9693     0.9693     0.0000
 36   0     0.9701     1.0000     0.0299     0.9787     0.9787     0.0000
 37   0     0.9983     1.0000     0.0017     0.9781     0.9781    -0.0000
 38   0     0.9730     1.0000     0.0270     0.9860     0.9860     0.0000
 39   0     0.9668     1.0000     0.0332     0.9812     0.9812     0.0000
 40   0     0.9599     1.0000     0.0401     0.9900     0.9900    -0.0000
 41   0     0.9742     1.0000     0.0258     0.9872     0.9872     0.0000
 42   0     0.9397     1.0000     0.0603     0.9719     0.9719     0.0000
      Bond orders larger than 0.1000000
           Atom A     A.N. of A          Atom B    A.N. of B              Bond order
                0             6               1            6                0.989810
                0             6              22            1                0.981711
                0             6              23            1                0.978493
                0             6              24            1                0.973141
                1             6               2            6                1.426530
                1             6               6            6                1.461242
                2             6               3            6                1.420895
                2             6              25            1                1.001791
                3             6               4            6                1.413196
                3             6              26            1                0.999996
                4             6               5            6                1.432599
                4             6              27            1                1.003108
                5             6               6            6                1.418835
                5             6              21            6                0.943959
                6             6               7            8                0.923347
                7             8               8            6                0.914753
                8             6               9            6                1.417021
                8             6              13            6                1.433244
                9             6              10            6                1.425948
                9             6              28            1                1.002520
               10             6              11            6                1.377031
               10             6              29            1                0.998454
               11             6              12            6                1.455498
               11             6              30            1                1.002466
               12             6              13            6                1.391767
               12             6              31            1                0.997301
               13             6              14            6                0.942312
               14             6              15            8                0.899330
               14             6              16            6                0.983591
               14             6              21            6                0.976138
               15             8              32            1                0.964602
               16             6              17            6                1.094856
               16             6              33            1                0.942980
               16             6              34            1                0.972570
               17             6              18            7                0.932714
               17             6              35            1                0.959265
               17             6              36            1                0.969142
               18             7              19            6                0.946710
               18             7              20            6                0.906037
               19             6              37            1                0.977191
               19             6              38            1                0.989459
               19             6              39            1                0.992373
               20             6              21            6                1.063463
               20             6              40            1                0.957971
               20             6              41            1                0.975371
               21             6              42            1                0.932625
# -----------------------------------------------------------
$ Calculation_Info
   description: Details of the calculation
   geom. index: 1
   prop. index: 1
     Multiplicity:                          1
     Charge:                                0
     number of atoms:                       43
     number of electrons:                   0
     number of frozen core electrons:       1
     number of correlated electrons:        0
     number of basis functions:             413
     number of aux C basis functions:       0
     number of aux J basis functions:       0
     number of aux JK basis functions:      0
     number of aux CABS basis functions:    0
     Total Energy                           -935.173364
# -----------------------------------------------------------
$ SCF_Electric_Properties
   description: The SCF Calculated Electric Properties
   geom. index: 1
   prop. index: 1
       Filename                          : ./ZINC000000000064/ZINC000000000064.scfp 
       Do Dipole Moment Calculation      : true 
       Do Quadrupole Moment Calculation  : false 
       Do Polarizability Calculation     : false 
** Dipole moment part of electric properties **
        Magnitude of dipole moment (Debye) :        1.7943072280
        Electronic Contribution:
                  0    
      0      -8.766220
      1       3.793311
      2      -0.902916
        Nuclear Contribution:
                  0    
      0       8.116272
      1      -3.784312
      2       1.178252
        Total Dipole moment:
                  0    
      0      -0.649948
      1       0.008999
      2       0.275336
# -------------------------------------------------------------
----------------------- !GEOMETRIES! ------------------------
# -------------------------------------------------------------
------------------------ !GEOMETRY! -------------------------
    Number of atoms:    43 
    Geometry Index:     1 
    Coordinates:
               0 C     -4.039504402515   -1.305107940073    0.401359993734
               1 C     -2.808934980062   -1.494100077103   -0.435420226552
               2 C     -2.894029986135   -2.129874182829   -1.679119883109
               3 C     -1.755122484395   -2.296874471425   -2.468643042786
               4 C     -0.514352484519   -1.834033445270   -2.027155282176
               5 C     -0.401905749388   -1.192948254542   -0.789198388004
               6 C     -1.562246791197   -1.005209251887   -0.021429830741
               7 O     -1.449723161694   -0.384442148216    1.205112229327
               8 C     -1.270908316305    0.981497742562    1.150602804851
               9 C     -2.228848114880    1.715566978713    1.866380854705
              10 C     -2.199514138149    3.106860386959    1.871779194641
              11 C     -1.210069309092    3.772441748810    1.160852901671
              12 C     -0.239043327481    3.043031847374    0.470781973674
              13 C     -0.220204201398    1.628332274026    0.475948943245
              14 C      0.910152948975    0.916885987490   -0.282309090100
              15 O      0.751288665048    1.320052289009   -1.665846739679
              16 C      2.312254173435    1.440887958873    0.150040945328
              17 C      3.205552817049    0.356482915585    0.753499864414
              18 N      3.418812531583   -0.757537835746   -0.173297160049
              19 C      4.108767465977   -1.861973505744    0.488414773851
              20 C      2.186863139847   -1.201702297659   -0.850014107241
              21 C      0.894286075268   -0.639585047811   -0.223921348458
              22 H     -4.852324894706   -1.957912640812    0.065714307874
              23 H     -3.838969425010   -1.554016765316    1.448515163771
              24 H     -4.383558561780   -0.268399057787    0.335076495079
              25 H     -3.849260116213   -2.502078978180   -2.042978293099
              26 H     -1.834911315305   -2.791645195904   -3.433929447686
              27 H      0.349488893907   -1.975545663913   -2.671350566341
              28 H     -3.013972039390    1.193378203789    2.407693358338
              29 H     -2.953301329564    3.667371628570    2.417700467420
              30 H     -1.187567059060    4.859132153490    1.142017014220
              31 H      0.520887282293    3.592260632257   -0.085458243787
              32 H     -0.196354622698    1.234154426727   -1.876287609743
              33 H      2.831670290217    1.886466231851   -0.709580740635
              34 H      2.236123914574    2.237809819613    0.899375863770
              35 H      2.768715441627    0.012605608681    1.700589657035
              36 H      4.175468753042    0.804944237250    1.001761480944
              37 H      3.497501723530   -2.312629487143    1.278525932575
              38 H      5.050318025978   -1.519891304821    0.932368092748
              39 H      4.370178406432   -2.641785112698   -0.235547413382
              40 H      2.264681689502   -0.879736355620   -1.896270432819
              41 H      2.134218066257   -2.298256715508   -0.884325660577
              42 H      0.917396506393   -0.964877335621    0.827971193751
