-------------------------------------------------------------
----------------------- !PROPERTIES! ------------------------
-------------------------------------------------------------
# -----------------------------------------------------------
$ PAL_Flags
   description: The PAL Flags
   geom. index: 1
   prop. index: 1
        Diskflag:     2
# -----------------------------------------------------------
$ SCF_Energy
   description: The SCF energy
   geom. index: 1
   prop. index: 1
        SCF Energy:     -945.0162551962
# -----------------------------------------------------------
$ Mayer_Pop
   description: The Mayer population analysis
   geom. index: 1
   prop. index: 1
     Number of atoms                     : 38
     Threshold for printing              : 0.1000000
     Number of bond orders printed       : 41
  NA   - Mulliken gross atomic population
  ZA   - Total nuclear charge
  QA   - Mulliken gross atomic charge
  VA   - Mayer's total valence
  BVA  - Mayer's bonded valence
  FA   - Mayer's free valence
  ATOM       NA         ZA         QA         VA         BVA        FA
  0   0     8.4599     8.0000    -0.4599     1.9158     1.9158    -0.0000
  1   0     5.6037     6.0000     0.3963     3.9074     3.9074    -0.0000
  2   0     5.8338     6.0000     0.1662     3.8504     3.8504     0.0000
  3   0     7.4273     7.0000    -0.4273     3.0316     3.0316     0.0000
  4   0     5.6712     6.0000     0.3288     4.0095     4.0095    -0.0000
  5   0     7.4418     7.0000    -0.4418     2.9827     2.9827    -0.0000
  6   0     5.6525     6.0000     0.3475     3.8108     3.8108    -0.0000
  7   0     6.2107     6.0000    -0.2107     3.8706     3.8706     0.0000
  8   0     7.3673     7.0000    -0.3673     3.0266     3.0266     0.0000
  9   0     5.7128     6.0000     0.2872     3.8614     3.8614     0.0000
 10   0     7.5486     7.0000    -0.5486     3.1187     3.1187     0.0000
 11   0     5.6450     6.0000     0.3550     3.7922     3.7922     0.0000
 12   0     6.1923     6.0000    -0.1923     3.9150     3.9150     0.0000
 13   0     6.0307     6.0000    -0.0307     3.8980     3.8980    -0.0000
 14   0     6.0320     6.0000    -0.0320     3.8724     3.8724    -0.0000
 15   0     6.0079     6.0000    -0.0079     3.8787     3.8787    -0.0000
 16   0     6.0411     6.0000    -0.0411     3.8504     3.8504     0.0000
 17   0     6.0201     6.0000    -0.0201     3.8907     3.8907     0.0000
 18   0     6.0269     6.0000    -0.0269     3.8602     3.8602     0.0000
 19   0     6.0279     6.0000    -0.0279     3.8783     3.8783     0.0000
 20   0     6.0416     6.0000    -0.0416     3.9208     3.9208     0.0000
 21   0     6.0127     6.0000    -0.0127     3.8868     3.8868    -0.0000
 22   0     0.7947     1.0000     0.2053     0.9990     0.9990    -0.0000
 23   0     0.9727     1.0000     0.0273     0.9903     0.9903    -0.0000
 24   0     0.9549     1.0000     0.0451     0.9759     0.9759    -0.0000
 25   0     0.9535     1.0000     0.0465     0.9877     0.9877     0.0000
 26   0     0.8340     1.0000     0.1660     0.9694     0.9694    -0.0000
 27   0     0.9459     1.0000     0.0541     0.9863     0.9863    -0.0000
 28   0     0.9409     1.0000     0.0591     1.0117     1.0117     0.0000
 29   0     0.9579     1.0000     0.0421     0.9893     0.9893    -0.0000
 30   0     0.9176     1.0000     0.0824     1.0018     1.0018    -0.0000
 31   0     0.9655     1.0000     0.0345     0.9937     0.9937     0.0000
 32   0     0.9595     1.0000     0.0405     0.9855     0.9855    -0.0000
 33   0     0.9674     1.0000     0.0326     0.9921     0.9921    -0.0000
 34   0     0.9681     1.0000     0.0319     0.9924     0.9924     0.0000
 35   0     0.9590     1.0000     0.0410     0.9855     0.9855    -0.0000
 36   0     0.9579     1.0000     0.0421     0.9863     0.9863    -0.0000
 37   0     0.9426     1.0000     0.0574     1.0047     1.0047    -0.0000
      Bond orders larger than 0.1000000
           Atom A     A.N. of A          Atom B    A.N. of B              Bond order
                0             8               1            6                0.971789
                0             8              22            1                0.965279
                1             6               2            6                1.018684
                1             6               7            6                0.966041
                1             6              23            1                0.976711
                2             6               3            7                0.906063
                2             6              24            1                0.981327
                2             6              25            1                0.974164
                3             7               4            6                1.160538
                3             7              26            1                0.943552
                4             6               5            7                1.780553
                4             6              27            1                0.985357
                5             7               6            6                1.128113
                6             6               7            6                1.550666
                6             6              10            7                1.083208
                7             6               8            7                1.321403
                8             7               9            6                1.657534
                9             6              10            7                1.159799
                9             6              28            1                0.993354
               10             7              11            6                0.844999
               11             6              12            6                1.023808
               11             6              29            1                0.978701
               11             6              30            1                0.962824
               12             6              13            6                1.564319
               12             6              21            6                1.253400
               13             6              14            6                1.279428
               13             6              31            1                1.000417
               14             6              15            6                1.554023
               14             6              32            1                1.000238
               15             6              16            6                1.253429
               15             6              33            1                1.005030
               16             6              17            6                1.261667
               16             6              21            6                1.287155
               17             6              18            6                1.546885
               17             6              34            1                1.005181
               18             6              19            6                1.279419
               18             6              35            1                0.999433
               19             6              20            6                1.556774
               19             6              36            1                0.998478
               20             6              21            6                1.275569
               20             6              37            1                0.990315
# -----------------------------------------------------------
$ Calculation_Info
   description: Details of the calculation
   geom. index: 1
   prop. index: 1
     Multiplicity:                          1
     Charge:                                0
     number of atoms:                       38
     number of electrons:                   0
     number of frozen core electrons:       1
     number of correlated electrons:        0
     number of basis functions:             388
     number of aux C basis functions:       0
     number of aux J basis functions:       0
     number of aux JK basis functions:      0
     number of aux CABS basis functions:    0
     Total Energy                           -945.016255
# -----------------------------------------------------------
$ SCF_Electric_Properties
   description: The SCF Calculated Electric Properties
   geom. index: 1
   prop. index: 1
       Filename                          : ./ZINC000000000183/ZINC000000000183.scfp 
       Do Dipole Moment Calculation      : true 
       Do Quadrupole Moment Calculation  : false 
       Do Polarizability Calculation     : false 
** Dipole moment part of electric properties **
        Magnitude of dipole moment (Debye) :        3.0481921946
        Electronic Contribution:
                  0    
      0       0.739637
      1      -1.386520
      2      -0.567917
        Nuclear Contribution:
                  0    
      0      -0.543456
      1       2.240291
      2      -0.251065
        Total Dipole moment:
                  0    
      0       0.196181
      1       0.853771
      2      -0.818982
# -------------------------------------------------------------
----------------------- !GEOMETRIES! ------------------------
# -------------------------------------------------------------
------------------------ !GEOMETRY! -------------------------
    Number of atoms:    38 
    Geometry Index:     1 
    Coordinates:
               0 O     -3.795600107593    0.338572489343    1.969080269655
               1 C     -3.932200161881    0.062751669579    0.566730806041
               2 C     -4.535251871236    1.269181368480   -0.164496256399
               3 N     -3.675655136279    2.449864955832   -0.167762885451
               4 C     -2.472379831691    2.500639537682   -0.823046952862
               5 N     -1.582090221668    1.625707642515   -1.146432421240
               6 C     -1.712224657865    0.338490545580   -0.744980689564
               7 C     -2.649258094010   -0.394740911804   -0.032436668867
               8 N     -2.252322030873   -1.706746370956    0.124506708420
               9 C     -1.095563553027   -1.785434143497   -0.489144636688
              10 N     -0.719429599788   -0.581597386253   -1.017199901623
              11 C      0.488398932341   -0.331829758322   -1.790491443143
              12 C      1.741796438995   -0.866582598607   -1.125693679632
              13 C      2.333924889452   -2.021962304785   -1.671940805313
              14 C      3.478813617487   -2.571352088419   -1.106878498268
              15 C      4.052334908219   -1.975397478471    0.011778436954
              16 C      3.493591659750   -0.822183930766    0.580934913664
              17 C      4.092728044192   -0.238639444404    1.709718894225
              18 C      3.558765499564    0.907401238119    2.294871070898
              19 C      2.418220923882    1.485628946791    1.756353083695
              20 C      1.811515622149    0.917908356881    0.633099863990
              21 C      2.325491915487   -0.247078669404    0.017032085340
              22 H     -3.162436501879   -0.329412005379    2.292411622528
              23 H     -4.654085114847   -0.760103712948    0.492702443972
              24 H     -4.783203703020    1.006959328487   -1.200286717030
              25 H     -5.470960110309    1.547784686220    0.334382890370
              26 H     -4.194422043622    3.321104928792   -0.142419691801
              27 H     -2.247808478755    3.540809157423   -1.119846400936
              28 H     -0.490645404887   -2.679097593958   -0.572796357273
              29 H      0.325162811086   -0.805157098944   -2.766733431475
              30 H      0.598454357193    0.740546190568   -1.980678884341
              31 H      1.900887980275   -2.504939514678   -2.546055976130
              32 H      3.925884612634   -3.464431704979   -1.535788840759
              33 H      4.947679300958   -2.421410366445    0.440079355872
              34 H      4.987342707972   -0.677591597941    2.146454100565
              35 H      4.032472172698    1.345063245169    3.169242870466
              36 H      1.992299091811    2.378333262272    2.207137136119
              37 H      0.919771137085    1.408941131225    0.250033853278
