-------------------------------------------------------------
----------------------- !PROPERTIES! ------------------------
-------------------------------------------------------------
# -----------------------------------------------------------
$ PAL_Flags
   description: The PAL Flags
   geom. index: 1
   prop. index: 1
        Diskflag:     2
# -----------------------------------------------------------
$ SCF_Energy
   description: The SCF energy
   geom. index: 1
   prop. index: 1
        SCF Energy:     -823.9379628404
# -----------------------------------------------------------
$ Mayer_Pop
   description: The Mayer population analysis
   geom. index: 1
   prop. index: 1
     Number of atoms                     : 44
     Threshold for printing              : 0.1000000
     Number of bond orders printed       : 44
  NA   - Mulliken gross atomic population
  ZA   - Total nuclear charge
  QA   - Mulliken gross atomic charge
  VA   - Mayer's total valence
  BVA  - Mayer's bonded valence
  FA   - Mayer's free valence
  ATOM       NA         ZA         QA         VA         BVA        FA
  0   0     6.0856     6.0000    -0.0856     3.9579     3.9579    -0.0000
  1   0     6.1148     6.0000    -0.1148     3.9552     3.9552    -0.0000
  2   0     5.8474     6.0000     0.1526     3.8597     3.8597     0.0000
  3   0     6.1908     6.0000    -0.1908     3.8614     3.8614     0.0000
  4   0     6.0326     6.0000    -0.0326     3.8953     3.8953    -0.0000
  5   0     6.0102     6.0000    -0.0102     3.8689     3.8689    -0.0000
  6   0     6.1358     6.0000    -0.1358     3.8394     3.8394    -0.0000
  7   0     5.6996     6.0000     0.3004     3.7374     3.7374    -0.0000
  8   0     8.5687     8.0000    -0.5687     1.8855     1.8855     0.0000
  9   0     5.7691     6.0000     0.2309     3.8343     3.8343    -0.0000
 10   0     5.7814     6.0000     0.2186     3.8762     3.8762    -0.0000
 11   0     8.5729     8.0000    -0.5729     1.8534     1.8534    -0.0000
 12   0     5.7082     6.0000     0.2918     3.8121     3.8121    -0.0000
 13   0     5.8380     6.0000     0.1620     3.8992     3.8992    -0.0000
 14   0     7.6313     7.0000    -0.6313     2.7977     2.7977    -0.0000
 15   0     5.8927     6.0000     0.1073     3.9065     3.9065     0.0000
 16   0     6.0586     6.0000    -0.0586     3.9256     3.9256    -0.0000
 17   0     5.8790     6.0000     0.1210     3.9040     3.9040     0.0000
 18   0     6.0306     6.0000    -0.0306     3.9652     3.9652    -0.0000
 19   0     0.9604     1.0000     0.0396     0.9849     0.9849    -0.0000
 20   0     0.9478     1.0000     0.0522     0.9776     0.9776     0.0000
 21   0     0.9362     1.0000     0.0638     0.9871     0.9871     0.0000
 22   0     0.9452     1.0000     0.0548     0.9876     0.9876     0.0000
 23   0     0.9702     1.0000     0.0298     0.9853     0.9853     0.0000
 24   0     0.9716     1.0000     0.0284     0.9950     0.9950    -0.0000
 25   0     0.9618     1.0000     0.0382     0.9859     0.9859     0.0000
 26   0     0.9663     1.0000     0.0337     0.9954     0.9954    -0.0000
 27   0     0.9517     1.0000     0.0483     0.9861     0.9861    -0.0000
 28   0     0.9625     1.0000     0.0375     0.9849     0.9849    -0.0000
 29   0     0.9675     1.0000     0.0325     0.9760     0.9760     0.0000
 30   0     0.9723     1.0000     0.0277     0.9839     0.9839    -0.0000
 31   0     0.9538     1.0000     0.0462     0.9899     0.9899     0.0000
 32   0     0.9772     1.0000     0.0228     0.9885     0.9885    -0.0000
 33   0     0.9962     1.0000     0.0038     0.9743     0.9743     0.0000
 34   0     0.9527     1.0000     0.0473     0.9816     0.9816     0.0000
 35   0     0.9685     1.0000     0.0315     0.9817     0.9817    -0.0000
 36   0     0.9717     1.0000     0.0283     0.9804     0.9804    -0.0000
 37   0     0.9741     1.0000     0.0259     0.9820     0.9820    -0.0000
 38   0     0.9696     1.0000     0.0304     0.9803     0.9803    -0.0000
 39   0     0.9752     1.0000     0.0248     0.9759     0.9759     0.0000
 40   0     0.9986     1.0000     0.0014     0.9688     0.9688     0.0000
 41   0     0.9562     1.0000     0.0438     0.9843     0.9843    -0.0000
 42   0     0.9728     1.0000     0.0272     0.9797     0.9797     0.0000
 43   0     0.9727     1.0000     0.0273     0.9793     0.9793    -0.0000
      Bond orders larger than 0.1000000
           Atom A     A.N. of A          Atom B    A.N. of B              Bond order
                0             6               1            6                2.003878
                0             6              19            1                0.978847
                0             6              20            1                0.977417
                1             6               2            6                0.999350
                1             6              21            1                0.976518
                2             6               3            6                0.989970
                2             6              22            1                0.960788
                2             6              23            1                0.976942
                3             6               4            6                1.399603
                3             6              10            6                1.455945
                4             6               5            6                1.443263
                4             6              24            1                1.003965
                5             6               6            6                1.380976
                5             6              25            1                1.001283
                6             6               7            6                1.367020
                6             6              26            1                1.007518
                7             6               8            8                0.987087
                7             6              10            6                1.364717
                8             8               9            6                0.866646
                9             6              27            1                0.992849
                9             6              28            1                0.983983
                9             6              29            1                0.986379
               10             6              11            8                1.008134
               11             8              12            6                0.841498
               12             6              13            6                1.058544
               12             6              30            1                0.966381
               12             6              31            1                0.965893
               13             6              14            7                0.946743
               13             6              32            1                0.969840
               13             6              33            1                0.966668
               14             7              15            6                0.944568
               14             7              17            6                0.940254
               15             6              16            6                1.018290
               15             6              34            1                0.985179
               15             6              35            1                0.985457
               16             6              36            1                0.983771
               16             6              37            1                0.980335
               16             6              38            1                0.980847
               17             6              18            6                1.051128
               17             6              39            1                0.978706
               17             6              40            1                0.969078
               18             6              41            1                0.980742
               18             6              42            1                0.984604
               18             6              43            1                0.983366
# -----------------------------------------------------------
$ Calculation_Info
   description: Details of the calculation
   geom. index: 1
   prop. index: 1
     Multiplicity:                          1
     Charge:                                0
     number of atoms:                       44
     number of electrons:                   0
     number of frozen core electrons:       1
     number of correlated electrons:        0
     number of basis functions:             391
     number of aux C basis functions:       0
     number of aux J basis functions:       0
     number of aux JK basis functions:      0
     number of aux CABS basis functions:    0
     Total Energy                           -823.937963
# -----------------------------------------------------------
$ SCF_Electric_Properties
   description: The SCF Calculated Electric Properties
   geom. index: 1
   prop. index: 1
       Filename                          : ./ZINC000000000158/ZINC000000000158.scfp 
       Do Dipole Moment Calculation      : true 
       Do Quadrupole Moment Calculation  : false 
       Do Polarizability Calculation     : false 
** Dipole moment part of electric properties **
        Magnitude of dipole moment (Debye) :        2.5730652186
        Electronic Contribution:
                  0    
      0     -19.660443
      1      -4.217668
      2      -6.355029
        Nuclear Contribution:
                  0    
      0      19.710102
      1       3.365152
      2       5.811426
        Total Dipole moment:
                  0    
      0       0.049660
      1      -0.852516
      2      -0.543602
# -------------------------------------------------------------
----------------------- !GEOMETRIES! ------------------------
# -------------------------------------------------------------
------------------------ !GEOMETRY! -------------------------
    Number of atoms:    44 
    Geometry Index:     1 
    Coordinates:
               0 C     -3.340497861623    3.543263756937    0.986759177331
               1 C     -2.507941339607    2.526405459934    0.726801895915
               2 C     -2.151792567233    2.042552954698   -0.651355674728
               3 C     -2.540406381329    0.597028370724   -0.873545380210
               4 C     -3.813439574446    0.294493433855   -1.380147670745
               5 C     -4.203962100825   -1.030940258352   -1.570377866103
               6 C     -3.337968670415   -2.075328730594   -1.236574194639
               7 C     -2.071842986830   -1.803825421792   -0.707110728259
               8 O     -1.177904954593   -2.772592604730   -0.326834813739
               9 C     -1.703565467569   -4.070580058977   -0.078060893019
              10 C     -1.668379614211   -0.462137045450   -0.555676221769
              11 O     -0.448918812228   -0.125618177447   -0.014768583292
              12 C      0.646675943375   -0.530148040716   -0.846608940679
              13 C      1.823522719832    0.451269427319   -0.662688756522
              14 N      2.369503837144    0.593979692615    0.707192801151
              15 C      2.761457638739   -0.678234966983    1.331229595127
              16 C      3.890506606508   -1.442807033350    0.646193828147
              17 C      3.412919733612    1.631589972082    0.730142419170
              18 C      3.869494538546    2.019775241982    2.134400492646
              19 H     -3.830047613917    4.098558918204    0.193901761163
              20 H     -3.546140484548    3.839326139725    2.011235187571
              21 H     -2.033350583657    2.003311878223    1.555803173530
              22 H     -1.075239478026    2.175590712841   -0.811039316023
              23 H     -2.631908059387    2.665102820995   -1.419115398359
              24 H     -4.509177141884    1.095465481158   -1.623550997178
              25 H     -5.191181357434   -1.252113704846   -1.969870603824
              26 H     -3.681903770667   -3.092146297406   -1.398863805527
              27 H     -0.915802056658   -4.663822930036    0.397461609103
              28 H     -2.555029927907   -4.035543919373    0.610322821582
              29 H     -1.972929460031   -4.568104924878   -1.015475196835
              30 H      0.360205508613   -0.514976374730   -1.908316063908
              31 H      0.956260968562   -1.549709988234   -0.593753769125
              32 H      1.456845846016    1.438553791869   -0.976135112448
              33 H      2.621484894170    0.171185057706   -1.361887129999
              34 H      1.886171010460   -1.334771214768    1.405826680754
              35 H      3.040226852280   -0.504853973556    2.377702451990
              36 H      4.098991618802   -2.366325320813    1.198967216843
              37 H      3.626226718917   -1.727182455998   -0.377447526621
              38 H      4.816982691805   -0.860578188673    0.619101565545
              39 H      3.012347508730    2.545371346611    0.269543905231
              40 H      4.281992233637    1.336717585344    0.129764337890
              41 H      3.016231543863    2.280592179657    2.769007520439
              42 H      4.526238657907    2.895495356396    2.083842558277
              43 H      4.435043193509    1.216712052820    2.618093253665
