-------------------------------------------------------------
----------------------- !PROPERTIES! ------------------------
-------------------------------------------------------------
# -----------------------------------------------------------
$ PAL_Flags
   description: The PAL Flags
   geom. index: 1
   prop. index: 1
        Diskflag:     2
# -----------------------------------------------------------
$ SCF_Energy
   description: The SCF energy
   geom. index: 1
   prop. index: 1
        SCF Energy:    -1573.0665030109
# -----------------------------------------------------------
$ Mayer_Pop
   description: The Mayer population analysis
   geom. index: 1
   prop. index: 1
     Number of atoms                     : 62
     Threshold for printing              : 0.1000000
     Number of bond orders printed       : 66
  NA   - Mulliken gross atomic population
  ZA   - Total nuclear charge
  QA   - Mulliken gross atomic charge
  VA   - Mayer's total valence
  BVA  - Mayer's bonded valence
  FA   - Mayer's free valence
  ATOM       NA         ZA         QA         VA         BVA        FA
  0   0     5.9226     6.0000     0.0774     3.9106     3.9106    -0.0000
  1   0     5.7657     6.0000     0.2343     3.8281     3.8281     0.0000
  2   0     5.9493     6.0000     0.0507     3.9240     3.9240     0.0000
  3   0     8.5709     8.0000    -0.5709     1.7858     1.7858    -0.0000
  4   0     5.7586     6.0000     0.2414     3.8659     3.8659     0.0000
  5   0     5.7276     6.0000     0.2724     3.8764     3.8764    -0.0000
  6   0     6.1989     6.0000    -0.1989     3.7844     3.7844     0.0000
  7   0     6.0980     6.0000    -0.0980     3.8529     3.8529     0.0000
  8   0     6.0083     6.0000    -0.0083     3.7987     3.7987    -0.0000
  9   0     5.4729     6.0000     0.5271     3.7911     3.7911     0.0000
 10   0     9.3719     9.0000    -0.3719     0.9112     0.9112     0.0000
 11   0     6.1194     6.0000    -0.1194     3.6723     3.6723     0.0000
 12   0     6.0663     6.0000    -0.0663     3.9108     3.9108     0.0000
 13   0     5.6883     6.0000     0.3117     3.9339     3.9339     0.0000
 14   0     8.3913     8.0000    -0.3913     2.0557     2.0557     0.0000
 15   0     6.0906     6.0000    -0.0906     3.8458     3.8458     0.0000
 16   0     5.9398     6.0000     0.0602     3.7504     3.7504     0.0000
 17   0     6.3699     6.0000    -0.3699     3.7558     3.7558     0.0000
 18   0     5.9084     6.0000     0.0916     3.8154     3.8154     0.0000
 19   0     5.7554     6.0000     0.2446     3.5126     3.5126     0.0000
 20   0     9.3902     9.0000    -0.3902     0.8625     0.8625     0.0000
 21   0     5.6964     6.0000     0.3036     3.7991     3.7991     0.0000
 22   0     8.4464     8.0000    -0.4464     1.9232     1.9232    -0.0000
 23   0     5.9001     6.0000     0.0999     3.8538     3.8538     0.0000
 24   0     6.4896     6.0000    -0.4896     3.7617     3.7617     0.0000
 25   0     5.9214     6.0000     0.0786     3.8174     3.8174     0.0000
 26   0     5.9273     6.0000     0.0727     3.4646     3.4646    -0.0000
 27   0     5.7798     6.0000     0.2202     3.8007     3.8007     0.0000
 28   0     8.3963     8.0000    -0.3963     2.0510     2.0510     0.0000
 29   0     5.6341     6.0000     0.3659     3.7901     3.7901     0.0000
 30   0     8.4715     8.0000    -0.4715     1.9352     1.9352    -0.0000
 31   0     8.6078     8.0000    -0.6078     1.7500     1.7500     0.0000
 32   0     0.9721     1.0000     0.0279     0.9981     0.9981     0.0000
 33   0     0.9593     1.0000     0.0407     0.9871     0.9871    -0.0000
 34   0     0.9541     1.0000     0.0459     0.9873     0.9873    -0.0000
 35   0     0.9554     1.0000     0.0446     0.9976     0.9976     0.0000
 36   0     0.9554     1.0000     0.0446     0.9847     0.9847     0.0000
 37   0     0.9517     1.0000     0.0483     0.9885     0.9885     0.0000
 38   0     0.9540     1.0000     0.0460     0.9849     0.9849     0.0000
 39   0     0.9376     1.0000     0.0624     0.9937     0.9937    -0.0000
 40   0     0.9778     1.0000     0.0222     0.9832     0.9832    -0.0000
 41   0     0.9091     1.0000     0.0909     0.9922     0.9922     0.0000
 42   0     0.9519     1.0000     0.0481     0.9797     0.9797    -0.0000
 43   0     0.9497     1.0000     0.0503     0.9828     0.9828     0.0000
 44   0     0.9315     1.0000     0.0685     1.0028     1.0028    -0.0000
 45   0     0.9633     1.0000     0.0367     0.9884     0.9884    -0.0000
 46   0     0.9385     1.0000     0.0615     1.0164     1.0164     0.0000
 47   0     0.9475     1.0000     0.0525     1.0006     1.0006    -0.0000
 48   0     0.9344     1.0000     0.0656     0.9912     0.9912    -0.0000
 49   0     0.9435     1.0000     0.0565     0.9913     0.9913     0.0000
 50   0     0.9613     1.0000     0.0387     0.9925     0.9925     0.0000
 51   0     0.9380     1.0000     0.0620     0.9949     0.9949     0.0000
 52   0     0.9587     1.0000     0.0413     0.9870     0.9870    -0.0000
 53   0     0.7870     1.0000     0.2130     0.9835     0.9835    -0.0000
 54   0     0.9661     1.0000     0.0339     0.9856     0.9856     0.0000
 55   0     0.9348     1.0000     0.0652     0.9877     0.9877     0.0000
 56   0     0.9467     1.0000     0.0533     0.9947     0.9947     0.0000
 57   0     0.9344     1.0000     0.0656     1.0212     1.0212     0.0000
 58   0     0.9691     1.0000     0.0309     0.9894     0.9894     0.0000
 59   0     0.9509     1.0000     0.0491     0.9992     0.9992     0.0000
 60   0     0.9477     1.0000     0.0523     0.9997     0.9997    -0.0000
 61   0     0.7836     1.0000     0.2164     1.0026     1.0026    -0.0000
      Bond orders larger than 0.1000000
           Atom A     A.N. of A          Atom B    A.N. of B              Bond order
                0             6               1            6                1.041821
                0             6              32            1                0.970742
                0             6              33            1                0.976437
                0             6              34            1                0.974909
                1             6               2            6                1.042755
                1             6               3            8                0.876489
                1             6              31            8                0.815964
                2             6              35            1                0.969375
                2             6              36            1                0.973102
                2             6              37            1                0.975264
                3             8               4            6                0.866889
                4             6               5            6                1.027144
                4             6              26            6                1.025125
                4             6              38            1                0.981866
                5             6               6            6                1.005563
                5             6              39            1                0.942845
                5             6              40            1                0.968941
                6             6               7            6                1.038900
                6             6              24            6                0.917420
                6             6              41            1                0.939648
                7             6               8            6                0.962527
                7             6              19            6                0.999928
                7             6              42            1                0.949917
                8             6               9            6                1.043532
                8             6              43            1                0.964221
                8             6              44            1                0.949247
                9             6              10            9                0.859694
                9             6              11            6                0.969504
                9             6              45            1                0.981653
               11             6              12            6                1.875337
               11             6              17            6                0.918009
               12             6              13            6                1.008367
               12             6              46            1                1.005286
               13             6              14            8                1.946244
               13             6              15            6                1.001720
               15             6              16            6                1.855091
               15             6              47            1                1.005646
               16             6              17            6                0.970299
               16             6              48            1                0.988903
               17             6              18            6                0.999779
               17             6              19            6                0.946773
               18             6              49            1                0.982532
               18             6              50            1                0.982088
               18             6              51            1                0.979767
               19             6              20            9                0.784169
               19             6              21            6                0.955095
               21             6              22            8                0.925415
               21             6              23            6                1.041859
               21             6              52            1                0.955928
               22             8              53            1                0.955918
               23             6              24            6                0.999700
               23             6              54            1                0.959713
               23             6              55            1                0.953250
               24             6              25            6                0.972588
               24             6              26            6                0.950550
               25             6              56            1                0.974756
               25             6              57            1                0.976852
               25             6              58            1                0.980989
               26             6              27            6                0.855307
               26             6              31            8                0.874937
               27             6              28            8                1.996655
               27             6              29            6                0.954905
               29             6              30            8                0.938273
               29             6              59            1                0.967785
               29             6              60            1                0.957959
               30             8              61            1                0.949937
# -----------------------------------------------------------
$ Calculation_Info
   description: Details of the calculation
   geom. index: 1
   prop. index: 1
     Multiplicity:                          1
     Charge:                                0
     number of atoms:                       62
     number of electrons:                   0
     number of frozen core electrons:       1
     number of correlated electrons:        0
     number of basis functions:             598
     number of aux C basis functions:       0
     number of aux J basis functions:       0
     number of aux JK basis functions:      0
     number of aux CABS basis functions:    0
     Total Energy                           -1573.066503
# -----------------------------------------------------------
$ SCF_Electric_Properties
   description: The SCF Calculated Electric Properties
   geom. index: 1
   prop. index: 1
       Filename                          : ./ZINC000000000026/ZINC000000000026.scfp 
       Do Dipole Moment Calculation      : true 
       Do Quadrupole Moment Calculation  : false 
       Do Polarizability Calculation     : false 
** Dipole moment part of electric properties **
        Magnitude of dipole moment (Debye) :        4.4116847393
        Electronic Contribution:
                  0    
      0      23.325541
      1       6.558897
      2      -1.082348
        Nuclear Contribution:
                  0    
      0     -24.952082
      1      -7.069594
      2       0.756694
        Total Dipole moment:
                  0    
      0      -1.626541
      1      -0.510697
      2      -0.325654
# -------------------------------------------------------------
----------------------- !GEOMETRIES! ------------------------
# -------------------------------------------------------------
------------------------ !GEOMETRY! -------------------------
    Number of atoms:    62 
    Geometry Index:     1 
    Coordinates:
               0 C     -4.537368434448   -2.537522857235    1.432472831206
               1 C     -4.229148281525   -1.624100005063    0.245170202929
               2 C     -5.526952296032   -1.181780933700   -0.422208220778
               3 O     -3.413903988699   -2.328886934960   -0.735424049230
               4 C     -2.132167052722   -1.872181398150   -0.378955627746
               5 C     -0.852702125755   -2.010345060259   -1.181205634588
               6 C     -0.115365715149   -0.693558427979   -0.825619594941
               7 C      1.414753733329   -0.640936792608   -0.758383459423
               8 C      2.066191427377   -1.490956777670    0.336823026224
               9 C      3.587719245622   -1.363598551044    0.340452645180
              10 F      4.058094298786   -2.080817427289    1.401277709051
              11 C      4.009597679532    0.082455107302    0.423141904806
              12 C      4.808005351413    0.521741621603    1.413178824492
              13 C      5.183521549471    1.945176822120    1.540504418702
              14 O      5.914961136006    2.335939960932    2.441387988531
              15 C      4.640878369804    2.884213923227    0.537839187786
              16 C      3.846375577737    2.452853440575   -0.450703609183
              17 C      3.427246341568    1.000400709914   -0.654197682896
              18 C      4.051866429317    0.601153335824   -2.017939814093
              19 C      1.853483997806    0.862400126493   -0.712548579646
              20 F      1.457287785846    1.411534518613   -1.919173139774
              21 C      1.073446640500    1.686758474069    0.369084634239
              22 O      1.582988702498    1.460035551034    1.676133933376
              23 C     -0.471015249664    1.479748686146    0.338683657368
              24 C     -0.905509741730   -0.004787652776    0.348742263314
              25 C     -0.700350035934   -0.572482300336    1.778043428764
              26 C     -2.347993344027   -0.384532196981   -0.126469940732
              27 C     -2.814707346080    0.455521497612   -1.344975694684
              28 O     -2.620471622437    0.130264455137   -2.519547741810
              29 C     -3.541652874944    1.764186157059   -1.032513783817
              30 O     -3.406382568267    2.689744388694   -2.101690277380
              31 O     -3.475403042870   -0.464027950275    0.749851592086
              32 H     -3.622461163496   -2.830096166019    1.958485502737
              33 H     -5.172883050782   -2.028478233676    2.164969883535
              34 H     -5.031039930594   -3.458401946206    1.105150186087
              35 H     -5.332411243782   -0.635099438504   -1.349477629078
              36 H     -6.107925966769   -0.526130851050    0.234201310477
              37 H     -6.139694316603   -2.046174981477   -0.700466685710
              38 H     -1.926839782564   -2.420873856897    0.549033173653
              39 H     -1.044853164766   -2.098914166550   -2.255167895912
              40 H     -0.289539108466   -2.895714996982   -0.870973678536
              41 H     -0.315481261291   -0.077642298250   -1.717507469385
              42 H      1.757863523230   -1.050143152325   -1.718836610752
              43 H      1.800455747558   -2.546565098507    0.207629307662
              44 H      1.714793650668   -1.220839622343    1.332566350556
              45 H      4.009878131527   -1.828247530295   -0.556081154526
              46 H      5.201149224639   -0.135242757290    2.181697537196
              47 H      4.924162449134    3.923769942912    0.648801847892
              48 H      3.473772758804    3.178562194169   -1.172421867975
              49 H      5.147711754759    0.660073733439   -1.987269417503
              50 H      3.796055030924   -0.417929055071   -2.322594604413
              51 H      3.715391116257    1.266261751831   -2.822950181775
              52 H      1.234339586054    2.751205352855    0.156315427264
              53 H      1.225595705188    2.151322386875    2.262333200594
              54 H     -0.934486850616    2.003556052288    1.183635586121
              55 H     -0.826449424857    1.967875784173   -0.575193691108
              56 H     -1.566707304703   -0.345920671126    2.410105877374
              57 H      0.150242038828   -0.147772788327    2.306801902304
              58 H     -0.546860654508   -1.654630501417    1.794600072945
              59 H     -3.134896016663    2.226097175313   -0.130971805486
              60 H     -4.603990577003    1.562766571327   -0.879114427609
              61 H     -3.440215446438    2.159713657101   -2.923805679540
