-------------------------------------------------------------
----------------------- !PROPERTIES! ------------------------
-------------------------------------------------------------
# -----------------------------------------------------------
$ PAL_Flags
   description: The PAL Flags
   geom. index: 1
   prop. index: 1
        Diskflag:     2
# -----------------------------------------------------------
$ SCF_Energy
   description: The SCF energy
   geom. index: 1
   prop. index: 1
        SCF Energy:    -1046.7843060253
# -----------------------------------------------------------
$ Mayer_Pop
   description: The Mayer population analysis
   geom. index: 1
   prop. index: 1
     Number of atoms                     : 44
     Threshold for printing              : 0.1000000
     Number of bond orders printed       : 48
  NA   - Mulliken gross atomic population
  ZA   - Total nuclear charge
  QA   - Mulliken gross atomic charge
  VA   - Mayer's total valence
  BVA  - Mayer's bonded valence
  FA   - Mayer's free valence
  ATOM       NA         ZA         QA         VA         BVA        FA
  0   0     5.7742     6.0000     0.2258     3.8392     3.8392     0.0000
  1   0     8.5469     8.0000    -0.5469     1.8986     1.8986     0.0000
  2   0     5.7507     6.0000     0.2493     3.8635     3.8635    -0.0000
  3   0     6.1332     6.0000    -0.1332     3.8597     3.8597    -0.0000
  4   0     6.0333     6.0000    -0.0333     3.9538     3.9538    -0.0000
  5   0     6.1485     6.0000    -0.1485     3.8754     3.8754     0.0000
  6   0     6.0801     6.0000    -0.0801     3.7614     3.7614     0.0000
  7   0     5.6299     6.0000     0.3701     3.7710     3.7710    -0.0000
  8   0     8.5800     8.0000    -0.5800     1.8804     1.8804    -0.0000
  9   0     5.6533     6.0000     0.3467     3.7409     3.7409     0.0000
 10   0     5.6829     6.0000     0.3171     3.8548     3.8548     0.0000
 11   0     8.4532     8.0000    -0.4532     1.9271     1.9271     0.0000
 12   0     6.0987     6.0000    -0.0987     3.9258     3.9258    -0.0000
 13   0     6.0088     6.0000    -0.0088     3.8880     3.8880    -0.0000
 14   0     5.9795     6.0000     0.0205     3.6237     3.6237     0.0000
 15   0     5.9196     6.0000     0.0804     3.6849     3.6849     0.0000
 16   0     5.7887     6.0000     0.2113     3.8163     3.8163     0.0000
 17   0     7.3432     7.0000    -0.3432     3.3476     3.3476    -0.0000
 18   0     5.8189     6.0000     0.1811     3.7592     3.7592    -0.0000
 19   0     8.6051     8.0000    -0.6051     1.1048     1.1048    -0.0000
 20   0     5.7977     6.0000     0.2023     3.7442     3.7442    -0.0000
 21   0     5.8738     6.0000     0.1262     3.7495     3.7495     0.0000
 22   0     6.5859     6.0000    -0.5859     3.7003     3.7003     0.0000
 23   0     0.9659     1.0000     0.0341     0.9806     0.9806     0.0000
 24   0     0.9479     1.0000     0.0521     0.9870     0.9870     0.0000
 25   0     0.9671     1.0000     0.0329     0.9797     0.9797    -0.0000
 26   0     0.9635     1.0000     0.0365     0.9980     0.9980    -0.0000
 27   0     0.9701     1.0000     0.0299     0.9948     0.9948     0.0000
 28   0     0.9533     1.0000     0.0467     0.9846     0.9846    -0.0000
 29   0     0.9638     1.0000     0.0362     0.9772     0.9772     0.0000
 30   0     0.7862     1.0000     0.2138     0.9899     0.9899     0.0000
 31   0     0.9396     1.0000     0.0604     0.9901     0.9901     0.0000
 32   0     0.9533     1.0000     0.0467     0.9896     0.9896    -0.0000
 33   0     0.9315     1.0000     0.0685     0.9783     0.9783     0.0000
 34   0     0.9457     1.0000     0.0543     0.9943     0.9943     0.0000
 35   0     0.9484     1.0000     0.0516     0.9783     0.9783    -0.0000
 36   0     0.9005     1.0000     0.0995     1.0203     1.0203    -0.0000
 37   0     0.9281     1.0000     0.0719     1.0059     1.0059    -0.0000
 38   0     0.9572     1.0000     0.0428     0.9940     0.9940    -0.0000
 39   0     0.9471     1.0000     0.0529     1.0015     1.0015    -0.0000
 40   0     0.9434     1.0000     0.0566     0.9958     0.9958     0.0000
 41   0     0.9247     1.0000     0.0753     1.0059     1.0059     0.0000
 42   0     0.9462     1.0000     0.0538     0.9950     0.9950    -0.0000
 43   0     0.9301     1.0000     0.0699     1.0031     1.0031     0.0000
      Bond orders larger than 0.1000000
           Atom A     A.N. of A          Atom B    A.N. of B              Bond order
                0             6               1            8                0.871020
                0             6              23            1                0.984761
                0             6              24            1                0.993121
                0             6              25            1                0.985078
                1             8               2            6                1.026802
                2             6               3            6                1.346725
                2             6               7            6                1.438566
                3             6               4            6                1.421450
                3             6              26            1                1.013296
                4             6               5            6                1.445475
                4             6              27            1                1.003982
                5             6               6            6                1.441396
                5             6              16            6                0.931500
                6             6               7            6                1.405235
                6             6              22            6                0.929656
                7             6               8            8                0.945727
                8             8               9            6                0.877972
                9             6              10            6                1.012741
                9             6              22            6                1.000369
                9             6              28            1                0.978971
               10             6              11            8                0.931892
               10             6              12            6                0.983053
               10             6              29            1                0.970870
               11             8              30            1                0.958654
               12             6              13            6                1.974166
               12             6              31            1                0.983583
               13             6              14            6                0.973983
               13             6              32            1                0.985851
               14             6              15            6                0.943592
               14             6              22            6                0.959821
               14             6              33            1                0.944343
               15             6              16            6                1.031210
               15             6              17            7                0.821882
               15             6              34            1                0.964565
               16             6              35            1                0.964314
               16             6              36            1                0.948117
               17             7              18            6                0.833139
               17             7              19            8                0.918668
               17             7              20            6                0.809818
               18             6              37            1                0.982411
               18             6              38            1                0.971059
               18             6              39            1                0.985018
               20             6              21            6                1.012795
               20             6              40            1                0.981332
               20             6              41            1                0.971188
               21             6              22            6                0.925023
               21             6              42            1                0.965309
               21             6              43            1                0.961510
# -----------------------------------------------------------
$ Calculation_Info
   description: Details of the calculation
   geom. index: 1
   prop. index: 1
     Multiplicity:                          1
     Charge:                                0
     number of atoms:                       44
     number of electrons:                   0
     number of frozen core electrons:       1
     number of correlated electrons:        0
     number of basis functions:             427
     number of aux C basis functions:       0
     number of aux J basis functions:       0
     number of aux JK basis functions:      0
     number of aux CABS basis functions:    0
     Total Energy                           -1046.784306
# -----------------------------------------------------------
$ SCF_Electric_Properties
   description: The SCF Calculated Electric Properties
   geom. index: 1
   prop. index: 1
       Filename                          : ./ZINC000000000182/ZINC000000000182.scfp 
       Do Dipole Moment Calculation      : true 
       Do Quadrupole Moment Calculation  : false 
       Do Polarizability Calculation     : false 
** Dipole moment part of electric properties **
        Magnitude of dipole moment (Debye) :        4.0273807828
        Electronic Contribution:
                  0    
      0      -5.514553
      1       4.212496
      2       1.405169
        Nuclear Contribution:
                  0    
      0       4.778343
      1      -3.262504
      2      -0.372682
        Total Dipole moment:
                  0    
      0      -0.736210
      1       0.949991
      2       1.032487
# -------------------------------------------------------------
----------------------- !GEOMETRIES! ------------------------
# -------------------------------------------------------------
------------------------ !GEOMETRY! -------------------------
    Number of atoms:    44 
    Geometry Index:     1 
    Coordinates:
               0 C     -5.527611786284    0.511594824899   -0.278654892313
               1 O     -4.209161424680    1.036865183672   -0.209033763851
               2 C     -3.203199859462    0.144222564429    0.005273417898
               3 C     -3.343961560635   -1.241260678920    0.241384235851
               4 C     -2.226393364677   -2.086334621935    0.506910708610
               5 C     -0.937542784425   -1.569302268530    0.505248692065
               6 C     -0.852690499721   -0.227237576514    0.217951142276
               7 C     -1.920087062469    0.640715932243    0.024358540818
               8 O     -1.476668013280    1.963822002300   -0.070745614770
               9 C     -0.188571302102    1.846028896536    0.596144829191
              10 C      0.868036270056    2.949423176844    0.472737465265
              11 O      1.026359324042    3.398118798037   -0.865354979923
              12 C      2.219540142873    2.407504258421    0.956267937183
              13 C      2.474975178193    1.109625294889    1.264987232490
              14 C      1.418910374126    0.020487809101    1.128630059300
              15 C      1.692214145854   -1.453845001240    0.708210073068
              16 C      0.343349105728   -2.306238127143    0.857982013932
              17 N      2.284576005185   -1.595546759360   -0.708129945546
              18 C      3.669519757706   -1.015605079796   -0.803871058982
              19 O      2.412885479062   -2.940898335816   -1.005677416476
              20 C      1.374020833475   -0.949878979815   -1.733649523897
              21 C      0.918953457225    0.455058212647   -1.341218877312
              22 C      0.403816394581    0.524577915650    0.121946472265
              23 H     -5.623701261360   -0.211129223919   -1.095805638928
              24 H     -6.208355092813    1.342476909770   -0.487632208590
              25 H     -5.826266652550    0.069284147708    0.677465121889
              26 H     -4.325678128836   -1.707219979269    0.252908739370
              27 H     -2.394568293375   -3.140609925109    0.717177588389
              28 H     -0.427651979685    1.800396104160    1.675937687712
              29 H      0.574335577623    3.815357083191    1.075354383011
              30 H      0.125992783396    3.548063176196   -1.210891497001
              31 H      3.009893238650    3.147915006122    1.061431452546
              32 H      3.452617478422    0.830875202190    1.652065021150
              33 H      0.977784049636   -0.046473900565    2.136554598759
              34 H      2.450903012951   -1.905736628271    1.360080955948
              35 H      0.261083127925   -2.588880452733    1.915674536315
              36 H      0.391974703488   -3.231929300212    0.276219011874
              37 H      4.093761600300   -1.343702498893   -1.758199744640
              38 H      3.624165638132    0.070573536271   -0.778850553782
              39 H      4.257944363178   -1.416775752900    0.025288007098
              40 H      1.925832166943   -0.939419057933   -2.680900347533
              41 H      0.523876634659   -1.628474708749   -1.863276098756
              42 H      0.148511500353    0.782966663134   -2.051115827157
              43 H      1.766276722601    1.130546159215   -1.491181934808
