-------------------------------------------------------------
----------------------- !PROPERTIES! ------------------------
-------------------------------------------------------------
# -----------------------------------------------------------
$ PAL_Flags
   description: The PAL Flags
   geom. index: 1
   prop. index: 1
        Diskflag:     2
# -----------------------------------------------------------
$ SCF_Energy
   description: The SCF energy
   geom. index: 1
   prop. index: 1
        SCF Energy:     -968.8892705709
# -----------------------------------------------------------
$ Mayer_Pop
   description: The Mayer population analysis
   geom. index: 1
   prop. index: 1
     Number of atoms                     : 38
     Threshold for printing              : 0.1000000
     Number of bond orders printed       : 42
  NA   - Mulliken gross atomic population
  ZA   - Total nuclear charge
  QA   - Mulliken gross atomic charge
  VA   - Mayer's total valence
  BVA  - Mayer's bonded valence
  FA   - Mayer's free valence
  ATOM       NA         ZA         QA         VA         BVA        FA
  0   0     8.4694     8.0000    -0.4694     1.9230     1.9230    -0.0000
  1   0     5.6706     6.0000     0.3294     3.8102     3.8102    -0.0000
  2   0     6.0965     6.0000    -0.0965     3.9456     3.9456     0.0000
  3   0     6.1672     6.0000    -0.1672     3.9510     3.9510     0.0000
  4   0     5.9478     6.0000     0.0522     3.9553     3.9553     0.0000
  5   0     5.7894     6.0000     0.2106     3.8765     3.8765    -0.0000
  6   0     7.6687     7.0000    -0.6687     2.7453     2.7453     0.0000
  7   0     5.6454     6.0000     0.3546     3.8156     3.8156     0.0000
  8   0     6.1595     6.0000    -0.1595     3.9259     3.9259     0.0000
  9   0     6.0827     6.0000    -0.0827     3.9904     3.9904    -0.0000
 10   0     5.7531     6.0000     0.2469     3.8008     3.8008    -0.0000
 11   0     5.7496     6.0000     0.2504     3.7708     3.7708     0.0000
 12   0     6.1130     6.0000    -0.1130     3.9550     3.9550     0.0000
 13   0     6.1178     6.0000    -0.1178     3.8802     3.8802    -0.0000
 14   0     5.9839     6.0000     0.0161     3.8066     3.8066    -0.0000
 15   0     5.7659     6.0000     0.2341     3.8654     3.8654    -0.0000
 16   0     8.4826     8.0000    -0.4826     1.9143     1.9143    -0.0000
 17   0     5.8303     6.0000     0.1697     3.7135     3.7135    -0.0000
 18   0     8.5269     8.0000    -0.5269     1.9187     1.9187     0.0000
 19   0     5.4489     6.0000     0.5511     3.7304     3.7304    -0.0000
 20   0     8.5274     8.0000    -0.5274     1.9202     1.9202     0.0000
 21   0     0.7945     1.0000     0.2055     1.0036     1.0036    -0.0000
 22   0     0.9705     1.0000     0.0295     0.9819     0.9819    -0.0000
 23   0     0.9550     1.0000     0.0450     1.0054     1.0054     0.0000
 24   0     0.9487     1.0000     0.0513     0.9801     0.9801    -0.0000
 25   0     0.9507     1.0000     0.0493     0.9749     0.9749     0.0000
 26   0     0.9622     1.0000     0.0378     0.9791     0.9791    -0.0000
 27   0     0.9905     1.0000     0.0095     0.9781     0.9781    -0.0000
 28   0     0.9659     1.0000     0.0341     0.9890     0.9890    -0.0000
 29   0     0.9770     1.0000     0.0230     0.9845     0.9845    -0.0000
 30   0     0.9629     1.0000     0.0371     1.0018     1.0018    -0.0000
 31   0     0.9460     1.0000     0.0540     1.0156     1.0156     0.0000
 32   0     0.9530     1.0000     0.0470     0.9821     0.9821    -0.0000
 33   0     0.9598     1.0000     0.0402     0.9987     0.9987    -0.0000
 34   0     0.7869     1.0000     0.2131     0.9906     0.9906    -0.0000
 35   0     0.9722     1.0000     0.0278     0.9771     0.9771    -0.0000
 36   0     0.9535     1.0000     0.0465     0.9848     0.9848    -0.0000
 37   0     0.9541     1.0000     0.0459     0.9846     0.9846     0.0000
      Bond orders larger than 0.1000000
           Atom A     A.N. of A          Atom B    A.N. of B              Bond order
                0             8               1            6                0.933447
                0             8              21            1                0.960498
                1             6               2            6                0.978501
                1             6              15            6                1.040196
                1             6              22            1                0.941144
                2             6               3            6                1.999632
                2             6              23            1                0.988547
                3             6               4            6                1.010184
                3             6              17            6                0.966496
                4             6               5            6                1.066826
                4             6              24            1                0.969990
                4             6              25            1                0.958251
                5             6               6            7                0.932699
                5             6              26            1                0.974252
                5             6              27            1                0.966050
                6             7               7            6                0.929946
                6             7              17            6                0.892539
                7             6               8            6                0.984506
                7             6              28            1                0.966256
                7             6              29            1                0.960070
                8             6               9            6                1.409815
                8             6              13            6                1.464606
                9             6              10            6                1.440533
                9             6              30            1                1.013016
               10             6              11            6                1.337033
               10             6              20            8                0.956460
               11             6              12            6                1.421577
               11             6              18            8                0.954072
               12             6              13            6                1.390576
               12             6              31            1                1.019510
               13             6              14            6                0.976977
               14             6              15            6                0.996997
               14             6              17            6                0.995993
               14             6              32            1                0.941199
               15             6              16            8                0.910899
               15             6              33            1                0.964845
               16             8              34            1                0.959282
               17             6              35            1                0.944089
               18             8              19            6                0.898301
               19             6              20            8                0.897753
               19             6              36            1                0.983662
               19             6              37            1                0.983565
# -----------------------------------------------------------
$ Calculation_Info
   description: Details of the calculation
   geom. index: 1
   prop. index: 1
     Multiplicity:                          1
     Charge:                                0
     number of atoms:                       38
     number of electrons:                   0
     number of frozen core electrons:       1
     number of correlated electrons:        0
     number of basis functions:             379
     number of aux C basis functions:       0
     number of aux J basis functions:       0
     number of aux JK basis functions:      0
     number of aux CABS basis functions:    0
     Total Energy                           -968.889271
# -----------------------------------------------------------
$ SCF_Electric_Properties
   description: The SCF Calculated Electric Properties
   geom. index: 1
   prop. index: 1
       Filename                          : ./ZINC000000000024/ZINC000000000024.scfp 
       Do Dipole Moment Calculation      : true 
       Do Quadrupole Moment Calculation  : false 
       Do Polarizability Calculation     : false 
** Dipole moment part of electric properties **
        Magnitude of dipole moment (Debye) :        3.1271765532
        Electronic Contribution:
                  0    
      0      11.998395
      1       3.658131
      2       4.445964
        Nuclear Contribution:
                  0    
      0     -11.235996
      1      -4.542049
      2      -4.834653
        Total Dipole moment:
                  0    
      0       0.762398
      1      -0.883918
      2      -0.388689
# -------------------------------------------------------------
----------------------- !GEOMETRIES! ------------------------
# -------------------------------------------------------------
------------------------ !GEOMETRY! -------------------------
    Number of atoms:    38 
    Geometry Index:     1 
    Coordinates:
               0 O     -3.214796006681    2.679811417630    1.180462212311
               1 C     -2.451585189067    2.143003208833    0.098711455551
               2 C     -3.275296353602    1.089141052138   -0.569018368817
               3 C     -2.687262180740    0.001199129085   -1.086283395528
               4 C     -3.353032232908   -1.310631096624   -1.382187382206
               5 C     -2.222457482800   -2.315711545996   -1.082749221740
               6 N     -1.172970235892   -1.518551926474   -0.426362227039
               7 C      0.155226839166   -2.104616480042   -0.478713475828
               8 C      1.217367238176   -1.138568708231    0.017611708690
               9 C      2.458775242970   -1.662420391198    0.423845331574
              10 C      3.456011549865   -0.781353938431    0.778507453703
              11 C      3.271612874386    0.577349142208    0.725735445161
              12 C      2.075880339286    1.133886426927    0.325914652704
              13 C      1.014422184640    0.273841940576   -0.014215823492
              14 C     -0.328296200879    0.863022518162   -0.454848309092
              15 C     -1.121851877286    1.572723690967    0.666862214018
              16 O     -0.404580070087    2.685088206844    1.234991975434
              17 C     -1.205669494835   -0.223549976011   -1.117374519822
              18 O      4.383286712481    1.267532375070    1.095841947749
              19 C      5.288277254884    0.183761194503    1.392547538908
              20 O      4.707482086622   -1.120906364258    1.187609390763
              21 H     -2.578983148036    3.230430309823    1.676731349984
              22 H     -2.262091542972    2.970484332173   -0.594567551638
              23 H     -4.355758876906    1.160906586774   -0.490376027789
              24 H     -4.215722912199   -1.480985895634   -0.730211309421
              25 H     -3.660770943873   -1.371155665687   -2.430533867307
              26 H     -2.570528568321   -3.125063675722   -0.432705963268
              27 H     -1.871633202071   -2.758698988929   -2.023883096104
              28 H      0.167690536737   -3.003712653312    0.148909613804
              29 H      0.423292074241   -2.400671182444   -1.501421111695
              30 H      2.641921759278   -2.731661774781    0.448540392062
              31 H      1.976040833960    2.213376823459    0.267193647992
              32 H     -0.091031413369    1.612757508397   -1.224657845894
              33 H     -1.334503248114    0.885929161028    1.497435432789
              34 H      0.248812599291    2.298199333950    1.846996224630
              35 H     -0.882579894330   -0.339985138172   -2.163745052801
              36 H      6.171466799092    0.278981060236    0.750404416018
              37 H      5.603834149890    0.266819983161    2.439002145637
