-------------------------------------------------------------
----------------------- !PROPERTIES! ------------------------
-------------------------------------------------------------
# -----------------------------------------------------------
$ PAL_Flags
   description: The PAL Flags
   geom. index: 1
   prop. index: 1
        Diskflag:     2
# -----------------------------------------------------------
$ SCF_Energy
   description: The SCF energy
   geom. index: 1
   prop. index: 1
        SCF Energy:    -1010.2066023192
# -----------------------------------------------------------
$ Mayer_Pop
   description: The Mayer population analysis
   geom. index: 1
   prop. index: 1
     Number of atoms                     : 45
     Threshold for printing              : 0.1000000
     Number of bond orders printed       : 47
  NA   - Mulliken gross atomic population
  ZA   - Total nuclear charge
  QA   - Mulliken gross atomic charge
  VA   - Mayer's total valence
  BVA  - Mayer's bonded valence
  FA   - Mayer's free valence
  ATOM       NA         ZA         QA         VA         BVA        FA
  0   0     5.8145     6.0000     0.1855     3.7832     3.7832    -0.0000
  1   0     7.3294     7.0000    -0.3294     3.3099     3.3099     0.0000
  2   0     8.6088     8.0000    -0.6088     1.0890     1.0890     0.0000
  3   0     6.0234     6.0000    -0.0234     3.6869     3.6869    -0.0000
  4   0     5.9668     6.0000     0.0332     3.9302     3.9302     0.0000
  5   0     5.9643     6.0000     0.0357     3.9334     3.9334     0.0000
  6   0     6.0154     6.0000    -0.0154     3.6942     3.6942     0.0000
  7   0     5.9670     6.0000     0.0330     3.8314     3.8314    -0.0000
  8   0     5.8267     6.0000     0.1733     3.7725     3.7725     0.0000
  9   0     8.5604     8.0000    -0.5604     1.8708     1.8708     0.0000
 10   0     5.4442     6.0000     0.5558     3.8977     3.8977     0.0000
 11   0     8.4237     8.0000    -0.4237     2.0253     2.0253     0.0000
 12   0     6.1029     6.0000    -0.1029     3.7287     3.7287    -0.0000
 13   0     5.6209     6.0000     0.3791     3.8193     3.8193    -0.0000
 14   0     8.4772     8.0000    -0.4772     1.9189     1.9189     0.0000
 15   0     6.1897     6.0000    -0.1897     3.8386     3.8386     0.0000
 16   0     6.0189     6.0000    -0.0189     3.9240     3.9240     0.0000
 17   0     6.0356     6.0000    -0.0356     3.8849     3.8849     0.0000
 18   0     6.0344     6.0000    -0.0344     3.8622     3.8622     0.0000
 19   0     6.0312     6.0000    -0.0312     3.8899     3.8899    -0.0000
 20   0     6.0187     6.0000    -0.0187     3.8709     3.8709    -0.0000
 21   0     5.9272     6.0000     0.0728     3.8098     3.8098     0.0000
 22   0     0.9648     1.0000     0.0352     0.9775     0.9775    -0.0000
 23   0     0.9345     1.0000     0.0655     1.0037     1.0037    -0.0000
 24   0     0.9353     1.0000     0.0647     1.0037     1.0037    -0.0000
 25   0     0.9360     1.0000     0.0640     0.9972     0.9972     0.0000
 26   0     0.9322     1.0000     0.0678     0.9852     0.9852    -0.0000
 27   0     0.9638     1.0000     0.0362     0.9779     0.9779    -0.0000
 28   0     0.9567     1.0000     0.0433     0.9776     0.9776     0.0000
 29   0     0.9324     1.0000     0.0676     0.9851     0.9851    -0.0000
 30   0     0.9360     1.0000     0.0640     0.9972     0.9972    -0.0000
 31   0     0.9249     1.0000     0.0751     0.9896     0.9896     0.0000
 32   0     0.9520     1.0000     0.0480     0.9855     0.9855    -0.0000
 33   0     0.9345     1.0000     0.0655     0.9940     0.9940     0.0000
 34   0     0.9273     1.0000     0.0727     0.9946     0.9946     0.0000
 35   0     0.9652     1.0000     0.0348     0.9897     0.9897    -0.0000
 36   0     0.9602     1.0000     0.0398     0.9917     0.9917     0.0000
 37   0     0.7973     1.0000     0.2027     0.9941     0.9941    -0.0000
 38   0     0.9571     1.0000     0.0429     0.9940     0.9940     0.0000
 39   0     0.9528     1.0000     0.0472     0.9856     0.9856    -0.0000
 40   0     0.9525     1.0000     0.0475     0.9855     0.9855     0.0000
 41   0     0.9522     1.0000     0.0478     0.9860     0.9860    -0.0000
 42   0     0.9422     1.0000     0.0578     1.0014     1.0014     0.0000
 43   0     0.9457     1.0000     0.0543     0.9879     0.9879     0.0000
 44   0     0.9432     1.0000     0.0568     0.9797     0.9797     0.0000
      Bond orders larger than 0.1000000
           Atom A     A.N. of A          Atom B    A.N. of B              Bond order
                0             6               1            7                0.847652
                0             6              22            1                0.971803
                0             6              23            1                0.985538
                0             6              24            1                0.985677
                1             7               2            8                0.921708
                1             7               3            6                0.797616
                1             7               6            6                0.795951
                3             6               4            6                1.006001
                3             6              21            6                0.973133
                3             6              25            1                0.965300
                4             6               5            6                1.034505
                4             6              26            1                0.951002
                4             6              27            1                0.984205
                5             6               6            6                1.010586
                5             6              28            1                0.983536
                5             6              29            1                0.951987
                6             6               7            6                0.978189
                6             6              30            1                0.964978
                7             6               8            6                1.016898
                7             6              31            1                0.963337
                7             6              32            1                0.968699
                8             6               9            8                0.783521
                8             6              21            6                1.000924
                8             6              33            1                0.961386
                9             8              10            6                1.074439
               10             6              11            8                1.931084
               10             6              12            6                0.920392
               12             6              13            6                1.000688
               12             6              15            6                0.976513
               12             6              34            1                0.952342
               13             6              14            8                0.918213
               13             6              35            1                0.975207
               13             6              36            1                0.978648
               14             8              37            1                0.969623
               15             6              16            6                1.436772
               15             6              20            6                1.392023
               16             6              17            6                1.422666
               16             6              38            1                1.001479
               17             6              18            6                1.417178
               17             6              39            1                0.999105
               18             6              19            6                1.408537
               18             6              40            1                0.999615
               19             6              20            6                1.434045
               19             6              41            1                0.999786
               20             6              42            1                0.996309
               21             6              43            1                0.971854
               21             6              44            1                0.969192
# -----------------------------------------------------------
$ Calculation_Info
   description: Details of the calculation
   geom. index: 1
   prop. index: 1
     Multiplicity:                          1
     Charge:                                0
     number of atoms:                       45
     number of electrons:                   0
     number of frozen core electrons:       1
     number of correlated electrons:        0
     number of basis functions:             423
     number of aux C basis functions:       0
     number of aux J basis functions:       0
     number of aux JK basis functions:      0
     number of aux CABS basis functions:    0
     Total Energy                           -1010.206602
# -----------------------------------------------------------
$ SCF_Electric_Properties
   description: The SCF Calculated Electric Properties
   geom. index: 1
   prop. index: 1
       Filename                          : ./ZINC000000000058/ZINC000000000058.scfp 
       Do Dipole Moment Calculation      : true 
       Do Quadrupole Moment Calculation  : false 
       Do Polarizability Calculation     : false 
** Dipole moment part of electric properties **
        Magnitude of dipole moment (Debye) :        5.3863754968
        Electronic Contribution:
                  0    
      0      10.259080
      1      -2.005496
      2       1.275868
        Nuclear Contribution:
                  0    
      0      -8.276689
      1       2.226726
      2      -1.991306
        Total Dipole moment:
                  0    
      0       1.982391
      1       0.221230
      2      -0.715438
# -------------------------------------------------------------
----------------------- !GEOMETRIES! ------------------------
# -------------------------------------------------------------
------------------------ !GEOMETRY! -------------------------
    Number of atoms:    45 
    Geometry Index:     1 
    Coordinates:
               0 C     -3.803739951574   -1.194562285760   -1.201372390652
               1 N     -3.920111118587    0.086270114162   -0.436185198911
               2 O     -5.248469782846    0.457650362003   -0.514736481656
               3 C     -3.035399601773    1.209538002710   -0.930704711775
               4 C     -3.242658225592    2.279662629407    0.156420814427
               5 C     -3.537941558784    1.485454083096    1.440109094391
               6 C     -3.484393961458    0.007955671767    1.010933085060
               7 C     -2.056939621464   -0.544925742444    1.137742594693
               8 C     -1.028858815547    0.297496137361    0.363567784379
               9 O      0.160441663510   -0.475272031920    0.115240878715
              10 C      1.049271685601   -0.564789461536    1.148422966949
              11 O      0.883502089102   -0.064587585077    2.253554532314
              12 C      2.277382490863   -1.347301448927    0.720441775426
              13 C      2.945779029341   -1.972808270300    1.951253827385
              14 O      3.877641488064   -2.984484560454    1.563840011612
              15 C      3.245113926786   -0.489243055311   -0.079884067051
              16 C      3.657715591378   -0.905268727178   -1.355016584062
              17 C      4.553529090887   -0.134758471238   -2.097850672750
              18 C      5.048606231986    1.058042429143   -1.575995224293
              19 C      4.649360488659    1.482203114313   -0.310757441040
              20 C      3.753421326377    0.714272417644    0.434684255935
              21 C     -1.564406744058    0.774634439371   -0.996422906931
              22 H     -2.782287871568   -1.569524751791   -1.192880248441
              23 H     -4.477795152681   -1.912810938366   -0.725862021178
              24 H     -4.124963059956   -0.985052482639   -2.225579258612
              25 H     -3.408450983644    1.526106826475   -1.910362660968
              26 H     -4.106087820520    2.909592638409   -0.089087729527
              27 H     -2.380954893751    2.945532656865    0.268496593872
              28 H     -2.834245408301    1.720860325621    2.245051114496
              29 H     -4.540441112062    1.740231941620    1.804450570504
              30 H     -4.208922450183   -0.613714743440    1.547445249202
              31 H     -1.772805740516   -0.573534539903    2.197010987766
              32 H     -2.013046877796   -1.589802467083    0.810325648050
              33 H     -0.762609311604    1.187614321553    0.948829210961
              34 H      1.925135171280   -2.176048466362    0.090518557120
              35 H      3.470373898830   -1.236826488790    2.570525804574
              36 H      2.197888359635   -2.459484434950    2.587158800377
              37 H      4.616509061568   -2.535431804255    1.112976324743
              38 H      3.286415722699   -1.835437075177   -1.781283575002
              39 H      4.866291209743   -0.465787410055   -3.085123033591
              40 H      5.746653057571    1.657211074384   -2.155105371962
              41 H      5.036388406818    2.413092748786    0.096703585806
              42 H      3.457495369064    1.068676506564    1.421197746513
              43 H     -1.423665530770   -0.003711873774   -1.755479378831
              44 H     -0.945719764724    1.613070675478   -1.342256690182
