-------------------------------------------------------------
----------------------- !PROPERTIES! ------------------------
-------------------------------------------------------------
# -------------------------------------------------------------
----------------------- !GEOMETRIES! ------------------------
# -------------------------------------------------------------
------------------------ !GEOMETRY! -------------------------
    Number of atoms:    47 
    Geometry Index:     1 
    Coordinates:
               0  C     -5.164523460914   -0.615319830401    1.476374993144
               1  N     -4.093084161498   -0.101715231004    0.510388950064
               2  C     -4.005649307657    1.413727712380    0.656557617921
               3  C     -4.509919674945   -0.462517225353   -0.907836454893
               4  C     -2.758979271970   -0.774801974136    0.892681583519
               5  C     -1.566991222296   -0.406337944546    0.000296418399
               6  O     -0.399455343029   -1.012580828403    0.560440815328
               7  C      0.820083248329   -0.595143970354   -0.093165895947
               8  C      1.915225760428   -1.624506205933    0.251678721144
               9  C      3.120848532751   -1.534814115741   -0.652734880457
              10  C      4.216168242010   -0.734380601508   -0.301492569764
              11  C      5.318938834885   -0.633066176977   -1.150384048302
              12  C      5.338255108843   -1.330352887861   -2.356411331078
              13  C      4.254879645124   -2.129692739981   -2.715397210293
              14  C      3.149699871862   -2.231205485654   -1.869073416184
              15  C      1.181275590203    0.808577598764    0.363089186561
              16  C      1.158283842787    1.159287404146    1.722963873965
              17  C      1.493118688034    2.451577454644    2.128949026113
              18  C      1.857667944874    3.406761601963    1.182621364725
              19  C      1.892503461129    3.070397479911   -0.169107538431
              20  C      1.557670438964    1.778666734851   -0.578105930601
              21  H     -6.118221693110   -0.144082244049    1.220265946966
              22  H     -4.868382656717   -0.348083158152    2.495148187512
              23  H     -5.235631675628   -1.701708523713    1.368159770584
              24  H     -3.324310385295    1.805453003265   -0.102492655154
              25  H     -5.005146375183    1.832501212848    0.504320350737
              26  H     -3.643033651782    1.644913328769    1.662192293385
              27  H     -5.508191397127   -0.052881959660   -1.089621347156
              28  H     -3.796171752149   -0.022154849725   -1.608831611491
              29  H     -4.520594644408   -1.552425650666   -0.999023303613
              30  H     -2.921724273390   -1.859643439180    0.866879217526
              31  H     -2.547771493675   -0.503545606843    1.934829582686
              32  H     -1.707698479312   -0.790409084790   -1.015049861856
              33  H     -1.440969836623    0.678335767464   -0.041295981420
              34  H      0.641377377380   -0.609247522715   -1.176920664735
              35  H      2.225448742123   -1.537345731823    1.301383111383
              36  H      1.495682419331   -2.637182246755    0.174666068524
              37  H      4.218374133812   -0.179500211574    0.634797436019
              38  H      6.165241764461   -0.011145975319   -0.869131922135
              39  H      6.200649069922   -1.254316528440   -3.014042780012
              40  H      4.275435349741   -2.678304273742   -3.653776080940
              41  H      2.316958970850   -2.865097455935   -2.164121197463
              42  H      0.890646825716    0.419997408645    2.475244054248
              43  H      1.485409540815    2.711057053647    3.184918788967
              44  H      2.132301870733    4.410176871369    1.499737434645
              45  H      2.197831906089    3.811600286239   -0.904260041965
              46  H      1.616473575514    1.530478762030   -1.636308070173
