-------------------------------------------------------------
----------------------- !PROPERTIES! ------------------------
-------------------------------------------------------------
# -----------------------------------------------------------
$ PAL_Flags
   description: The PAL Flags
   geom. index: 1
   prop. index: 1
        Diskflag:     2
# -----------------------------------------------------------
$ SCF_Energy
   description: The SCF energy
   geom. index: 1
   prop. index: 1
        SCF Energy:     -893.7056786330
# -----------------------------------------------------------
$ Mayer_Pop
   description: The Mayer population analysis
   geom. index: 1
   prop. index: 1
     Number of atoms                     : 43
     Threshold for printing              : 0.1000000
     Number of bond orders printed       : 45
  NA   - Mulliken gross atomic population
  ZA   - Total nuclear charge
  QA   - Mulliken gross atomic charge
  VA   - Mayer's total valence
  BVA  - Mayer's bonded valence
  FA   - Mayer's free valence
  ATOM       NA         ZA         QA         VA         BVA        FA
  0   0     5.8851     6.0000     0.1149     3.7855     3.7855     0.0000
  1   0     6.2406     6.0000    -0.2406     3.9153     3.9153     0.0000
  2   0     5.9398     6.0000     0.0602     3.8559     3.8559     0.0000
  3   0     5.9284     6.0000     0.0716     3.7090     3.7090     0.0000
  4   0     5.8211     6.0000     0.1789     4.0140     4.0140     0.0000
  5   0     8.3953     8.0000    -0.3953     2.0589     2.0589    -0.0000
  6   0     5.9177     6.0000     0.0823     3.6730     3.6730    -0.0000
  7   0     6.2253     6.0000    -0.2253     3.8902     3.8902     0.0000
  8   0     5.8923     6.0000     0.1077     3.8068     3.8068    -0.0000
  9   0     5.9654     6.0000     0.0346     3.8777     3.8777     0.0000
 10   0     7.6636     7.0000    -0.6636     2.5930     2.5930     0.0000
 11   0     5.6937     6.0000     0.3063     3.8692     3.8692     0.0000
 12   0     5.6727     6.0000     0.3273     3.7545     3.7545    -0.0000
 13   0     7.3992     7.0000    -0.3992     2.8973     2.8973     0.0000
 14   0     5.8090     6.0000     0.1910     3.9545     3.9545     0.0000
 15   0     6.1498     6.0000    -0.1498     3.8231     3.8231     0.0000
 16   0     6.0316     6.0000    -0.0316     3.8538     3.8538     0.0000
 17   0     6.0548     6.0000    -0.0548     3.8757     3.8757     0.0000
 18   0     7.0875     7.0000    -0.0875     2.6941     2.6941     0.0000
 19   0     8.4014     8.0000    -0.4014     2.0536     2.0536    -0.0000
 20   0     0.9674     1.0000     0.0326     1.0022     1.0022    -0.0000
 21   0     0.9620     1.0000     0.0380     1.0031     1.0031    -0.0000
 22   0     0.9823     1.0000     0.0177     0.9826     0.9826    -0.0000
 23   0     0.9712     1.0000     0.0288     0.9874     0.9874    -0.0000
 24   0     0.9652     1.0000     0.0348     0.9903     0.9903     0.0000
 25   0     0.9654     1.0000     0.0346     0.9876     0.9876    -0.0000
 26   0     0.9309     1.0000     0.0691     1.0060     1.0060     0.0000
 27   0     0.9293     1.0000     0.0707     0.9965     0.9965     0.0000
 28   0     0.9217     1.0000     0.0783     0.9989     0.9989    -0.0000
 29   0     0.9353     1.0000     0.0647     1.0060     1.0060    -0.0000
 30   0     0.9757     1.0000     0.0243     0.9926     0.9926    -0.0000
 31   0     0.9776     1.0000     0.0224     0.9851     0.9851    -0.0000
 32   0     0.9782     1.0000     0.0218     0.9957     0.9957     0.0000
 33   0     0.9613     1.0000     0.0387     0.9868     0.9868     0.0000
 34   0     0.9473     1.0000     0.0527     0.9940     0.9940     0.0000
 35   0     0.9572     1.0000     0.0428     0.9873     0.9873     0.0000
 36   0     0.9326     1.0000     0.0674     0.9933     0.9933    -0.0000
 37   0     0.9253     1.0000     0.0747     1.0005     1.0005     0.0000
 38   0     0.9236     1.0000     0.0764     0.9842     0.9842     0.0000
 39   0     0.9149     1.0000     0.0851     0.9855     0.9855     0.0000
 40   0     0.9372     1.0000     0.0628     0.9771     0.9771     0.0000
 41   0     0.9307     1.0000     0.0693     0.9818     0.9818    -0.0000
 42   0     0.9335     1.0000     0.0665     0.9751     0.9751     0.0000
      Bond orders larger than 0.1000000
           Atom A     A.N. of A          Atom B    A.N. of B              Bond order
                0             6               1            6                0.990301
                0             6              20            1                0.974826
                0             6              21            1                0.977000
                0             6              22            1                0.977027
                1             6               2            6                1.019702
                1             6               3            6                0.993954
                1             6              10            7                0.862230
                2             6              23            1                0.981557
                2             6              24            1                0.979987
                2             6              25            1                0.978819
                3             6               4            6                0.969124
                3             6              26            1                0.962649
                3             6              27            1                0.953739
                4             6               5            8                2.043781
                4             6               6            6                0.963203
                6             6               7            6                0.974668
                6             6              28            1                0.949420
                6             6              29            1                0.966213
                7             6               8            6                0.990467
                7             6               9            6                1.039093
                7             6              10            7                0.840331
                8             6              30            1                0.979916
                8             6              31            1                0.980776
                8             6              32            1                0.982251
                9             6              33            1                0.979137
                9             6              34            1                0.977405
                9             6              35            1                0.976040
               10             7              11            6                0.997793
               11             6              12            6                0.981800
               11             6              36            1                0.971232
               11             6              37            1                0.955561
               12             6              13            7                1.653913
               12             6              19            8                1.081449
               13             7              14            6                1.220803
               14             6              15            6                0.968402
               14             6              18            7                1.742112
               15             6              16            6                0.955488
               15             6              17            6                0.957639
               15             6              38            1                0.955465
               16             6              17            6                0.972758
               16             6              39            1                0.969962
               16             6              40            1                0.972665
               17             6              41            1                0.974223
               17             6              42            1                0.975941
               18             7              19            8                0.879264
# -----------------------------------------------------------
$ Calculation_Info
   description: Details of the calculation
   geom. index: 1
   prop. index: 1
     Multiplicity:                          1
     Charge:                                0
     number of atoms:                       43
     number of electrons:                   0
     number of frozen core electrons:       1
     number of correlated electrons:        0
     number of basis functions:             395
     number of aux C basis functions:       0
     number of aux J basis functions:       0
     number of aux JK basis functions:      0
     number of aux CABS basis functions:    0
     Total Energy                           -893.705679
# -----------------------------------------------------------
$ SCF_Electric_Properties
   description: The SCF Calculated Electric Properties
   geom. index: 1
   prop. index: 1
       Filename                          : ./ZINC000000000002/ZINC000000000002.scfp 
       Do Dipole Moment Calculation      : true 
       Do Quadrupole Moment Calculation  : false 
       Do Polarizability Calculation     : false 
** Dipole moment part of electric properties **
        Magnitude of dipole moment (Debye) :        1.8022894581
        Electronic Contribution:
                  0    
      0      -7.548017
      1       0.703023
      2      -0.437596
        Nuclear Contribution:
                  0    
      0       7.114326
      1      -1.252024
      2       0.552822
        Total Dipole moment:
                  0    
      0      -0.433691
      1      -0.549001
      2       0.115225
# -------------------------------------------------------------
----------------------- !GEOMETRIES! ------------------------
# -------------------------------------------------------------
------------------------ !GEOMETRY! -------------------------
    Number of atoms:    43 
    Geometry Index:     1 
    Coordinates:
               0 C      0.886654544706   -0.856558437317   -2.087885889352
               1 C      1.620530195844   -1.371031430125   -0.832363846299
               2 C      1.693507464748   -2.917044719171   -0.934914956840
               3 C      3.084918561514   -0.888402373194   -0.877263678275
               4 C      3.222034333465    0.570136656166   -0.555515833459
               5 O      4.171521288806    1.228440528736   -0.985469624433
               6 C      2.175571001466    1.203958557763    0.310779113381
               7 C      1.424582496576    0.188372711446    1.193042639721
               8 C      2.353641448982   -0.370990416505    2.297147665928
               9 C      0.336498835442    1.007564998319    1.936890267848
              10 N      0.925780908950   -0.955253934891    0.405176548553
              11 C     -0.392350986946   -1.529203976206    0.719095130749
              12 C     -1.585840484635   -0.743143237899    0.275771878797
              13 N     -1.759662949839    0.064889607752   -0.747779919785
              14 C     -3.054663086129    0.472001489865   -0.576881783234
              15 C     -3.722179353285    1.473676042925   -1.559759106259
              16 C     -5.046827480455    2.117813542992   -1.238420858201
              17 C     -3.784309428335    2.930741990688   -1.168965360987
              18 N     -3.677173265674   -0.050221091383    0.486721728004
              19 O     -2.699190691557   -0.860653674226    1.060146591446
              20 H     -0.087496603563   -1.340658183986   -2.210412838787
              21 H      0.730012886239    0.224890700235   -2.058240033615
              22 H      1.457014124116   -1.078754757043   -2.997418323176
              23 H      0.725213256595   -3.369470951004   -1.177252530262
              24 H      2.053269261449   -3.360213695997    0.002650673392
              25 H      2.383167334300   -3.226304535479   -1.729483388231
              26 H      3.511973401015   -1.054081293666   -1.873856621310
              27 H      3.709902774811   -1.440672169050   -0.166860253426
              28 H      1.478181067048    1.726226221238   -0.356435751918
              29 H      2.670682799968    1.958714948116    0.933685297015
              30 H      1.789987456085   -0.992842521672    3.002987854580
              31 H      2.813684098728    0.440906341217    2.871333667088
              32 H      3.166845144657   -0.990451903114    1.907797775106
              33 H     -0.221709468602    0.400679878985    2.651939379334
              34 H     -0.369275677613    1.475762700579    1.244915773430
              35 H      0.792904749120    1.821044976020    2.515338202342
              36 H     -0.452841701907   -1.698031350035    1.802249298971
              37 H     -0.504478931620   -2.529543209473    0.294810267864
              38 H     -3.521420453017    1.249978764933   -2.602484501569
              39 H     -5.542208553395    1.869484269665   -0.306832047770
              40 H     -5.727749352439    2.308934707034   -2.059473322992
              41 H     -3.422535429438    3.221487665015   -0.189382978477
              42 H     -3.606165536183    3.667820561745   -1.943399205083
