-------------------------------------------------------------
----------------------- !PROPERTIES! ------------------------
-------------------------------------------------------------
# -----------------------------------------------------------
$ PAL_Flags
   description: The PAL Flags
   geom. index: 1
   prop. index: 1
        Diskflag:     2
# -----------------------------------------------------------
$ SCF_Energy
   description: The SCF energy
   geom. index: 1
   prop. index: 1
        SCF Energy:     -985.4448903598
# -----------------------------------------------------------
$ Mayer_Pop
   description: The Mayer population analysis
   geom. index: 1
   prop. index: 1
     Number of atoms                     : 44
     Threshold for printing              : 0.1000000
     Number of bond orders printed       : 45
  NA   - Mulliken gross atomic population
  ZA   - Total nuclear charge
  QA   - Mulliken gross atomic charge
  VA   - Mayer's total valence
  BVA  - Mayer's bonded valence
  FA   - Mayer's free valence
  ATOM       NA         ZA         QA         VA         BVA        FA
  0   0     5.8576     6.0000     0.1424     3.9066     3.9066    -0.0000
  1   0     5.9536     6.0000     0.0464     3.8471     3.8471     0.0000
  2   0     6.1061     6.0000    -0.1061     3.9523     3.9523     0.0000
  3   0     7.3863     7.0000    -0.3863     3.0337     3.0337    -0.0000
  4   0     5.5594     6.0000     0.4406     3.9494     3.9494    -0.0000
  5   0     8.4391     8.0000    -0.4391     2.0308     2.0308    -0.0000
  6   0     5.9596     6.0000     0.0404     3.8090     3.8090    -0.0000
  7   0     5.9974     6.0000     0.0026     3.9251     3.9251     0.0000
  8   0     7.6082     7.0000    -0.6082     2.8264     2.8264    -0.0000
  9   0     5.8595     6.0000     0.1405     3.8552     3.8552     0.0000
 10   0     5.8477     6.0000     0.1523     3.8702     3.8702     0.0000
 11   0     5.3618     6.0000     0.6382     3.9249     3.9249     0.0000
 12   0     8.4561     8.0000    -0.4561     2.0513     2.0513    -0.0000
 13   0     7.4796     7.0000    -0.4796     2.9082     2.9082    -0.0000
 14   0     5.7611     6.0000     0.2389     3.7671     3.7671    -0.0000
 15   0     6.0927     6.0000    -0.0927     3.9135     3.9135    -0.0000
 16   0     6.0171     6.0000    -0.0171     3.8779     3.8779     0.0000
 17   0     6.0467     6.0000    -0.0467     3.8550     3.8550    -0.0000
 18   0     6.0185     6.0000    -0.0185     3.8731     3.8731    -0.0000
 19   0     6.0853     6.0000    -0.0853     3.9235     3.9235    -0.0000
 20   0     7.3895     7.0000    -0.3895     2.9006     2.9006    -0.0000
 21   0     5.8267     6.0000     0.1733     3.7918     3.7918    -0.0000
 22   0     0.9665     1.0000     0.0335     0.9812     0.9812    -0.0000
 23   0     0.9304     1.0000     0.0696     0.9934     0.9934     0.0000
 24   0     0.9323     1.0000     0.0677     1.0015     1.0015     0.0000
 25   0     0.8130     1.0000     0.1870     0.9925     0.9925    -0.0000
 26   0     0.9802     1.0000     0.0198     0.9830     0.9830    -0.0000
 27   0     0.9591     1.0000     0.0409     0.9899     0.9899    -0.0000
 28   0     0.9359     1.0000     0.0641     0.9901     0.9901    -0.0000
 29   0     0.9513     1.0000     0.0487     0.9825     0.9825    -0.0000
 30   0     0.9631     1.0000     0.0369     0.9873     0.9873     0.0000
 31   0     0.9429     1.0000     0.0571     0.9981     0.9981     0.0000
 32   0     1.0009     1.0000    -0.0009     0.9795     0.9795     0.0000
 33   0     0.9596     1.0000     0.0404     0.9841     0.9841    -0.0000
 34   0     0.9989     1.0000     0.0011     0.9798     0.9798     0.0000
 35   0     0.9626     1.0000     0.0374     0.9872     0.9872     0.0000
 36   0     0.9500     1.0000     0.0500     0.9975     0.9975    -0.0000
 37   0     0.9572     1.0000     0.0428     0.9865     0.9865     0.0000
 38   0     0.9609     1.0000     0.0391     0.9860     0.9860    -0.0000
 39   0     0.9537     1.0000     0.0463     0.9864     0.9864     0.0000
 40   0     0.9234     1.0000     0.0766     1.0175     1.0175    -0.0000
 41   0     0.9662     1.0000     0.0338     0.9930     0.9930     0.0000
 42   0     0.9371     1.0000     0.0629     0.9935     0.9935    -0.0000
 43   0     0.9449     1.0000     0.0551     0.9899     0.9899     0.0000
      Bond orders larger than 0.1000000
           Atom A     A.N. of A          Atom B    A.N. of B              Bond order
                0             6               1            6                1.013674
                0             6              22            1                0.970430
                0             6              23            1                0.961963
                0             6              24            1                0.965282
                1             6               2            6                1.752765
                1             6              20            7                0.989338
                2             6               3            7                1.033502
                2             6              11            6                1.051936
                3             7               4            6                1.071711
                3             7              25            1                0.903571
                4             6               5            8                1.951728
                4             6               6            6                0.936746
                6             6               7            6                1.016049
                6             6               8            7                0.955418
                6             6              26            1                0.973344
                7             6              27            1                0.978180
                7             6              28            1                0.977312
                7             6              29            1                0.986379
                8             7               9            6                0.936773
                8             7              10            6                0.944449
                9             6              30            1                0.992169
                9             6              31            1                0.986924
                9             6              32            1                0.974250
               10             6              33            1                0.990531
               10             6              34            1                0.975417
               10             6              35            1                0.991981
               11             6              12            8                1.906475
               11             6              13            7                1.007598
               13             7              14            6                0.898040
               13             7              20            7                0.981687
               14             6              15            6                1.402383
               14             6              19            6                1.415777
               15             6              16            6                1.420247
               15             6              36            1                0.995343
               16             6              17            6                1.414082
               16             6              37            1                0.998437
               17             6              18            6                1.405646
               17             6              38            1                1.001187
               18             6              19            6                1.423724
               18             6              39            1                0.998617
               19             6              40            1                0.994474
               20             7              21            6                0.871353
               21             6              41            1                0.980030
               21             6              42            1                0.988038
               21             6              43            1                0.988115
# -----------------------------------------------------------
$ Calculation_Info
   description: Details of the calculation
   geom. index: 1
   prop. index: 1
     Multiplicity:                          1
     Charge:                                0
     number of atoms:                       44
     number of electrons:                   0
     number of frozen core electrons:       1
     number of correlated electrons:        0
     number of basis functions:             418
     number of aux C basis functions:       0
     number of aux J basis functions:       0
     number of aux JK basis functions:      0
     number of aux CABS basis functions:    0
     Total Energy                           -985.444890
# -----------------------------------------------------------
$ SCF_Electric_Properties
   description: The SCF Calculated Electric Properties
   geom. index: 1
   prop. index: 1
       Filename                          : ./ZINC000000000031/ZINC000000000031.scfp 
       Do Dipole Moment Calculation      : true 
       Do Quadrupole Moment Calculation  : false 
       Do Polarizability Calculation     : false 
** Dipole moment part of electric properties **
        Magnitude of dipole moment (Debye) :        0.8159118957
        Electronic Contribution:
                  0    
      0      19.893914
      1      -4.486411
      2      -3.819760
        Nuclear Contribution:
                  0    
      0     -19.614716
      1       4.506571
      2       3.976864
        Total Dipole moment:
                  0    
      0       0.279198
      1       0.020160
      2       0.157104
# -------------------------------------------------------------
----------------------- !GEOMETRIES! ------------------------
# -------------------------------------------------------------
------------------------ !GEOMETRY! -------------------------
    Number of atoms:    44 
    Geometry Index:     1 
    Coordinates:
               0 C      0.501641931810    1.688777539078    2.051994293882
               1 C      0.897857546539    0.645937662185    1.057874674498
               2 C      0.164451233260    0.109383909015    0.068637627191
               3 N     -1.133383744430    0.214293745730   -0.354846147733
               4 C     -2.228923301926    0.726998988715    0.317048552399
               5 O     -2.206570078576    1.146045812588    1.469905002587
               6 C     -3.511855009549    0.735909242528   -0.563387017902
               7 C     -3.561857326934    2.113709354362   -1.233133255016
               8 N     -4.725391438796    0.417131670540    0.234988718206
               9 C     -4.635083765209   -0.915660225083    0.841824556132
              10 C     -5.954809622359    0.508696714044   -0.554214240421
              11 C      1.107987560137   -0.759178415856   -0.707727981357
              12 O      0.754581716909   -1.341935800604   -1.724128228501
              13 N      2.349410250193   -0.670142131612   -0.076940047553
              14 C      3.608817668925   -0.912412544969   -0.684453773641
              15 C      4.770939352962   -0.266186808617   -0.233981705776
              16 C      6.011838965498   -0.509378781048   -0.830649994702
              17 C      6.110641742576   -1.401718860270   -1.893317664942
              18 C      4.968967942288   -2.045776861268   -2.360826586841
              19 C      3.728604324249   -1.800580402732   -1.762271703901
              20 N      2.223821640994    0.163447925945    1.073475594192
              21 C      2.678337353391   -0.492002845006    2.316015177202
              22 H      1.380922086722    2.251839742432    2.389519000505
              23 H      0.038562229598    1.233236871961    2.931280006347
              24 H     -0.173600262080    2.429226040560    1.613586182830
              25 H     -1.306764420726   -0.282203122888   -1.225685400994
              26 H     -3.401318576121   -0.019162840583   -1.352706569032
              27 H     -2.593283193297    2.372135846368   -1.676743796912
              28 H     -3.803985107771    2.899860062390   -0.509157578426
              29 H     -4.302377741480    2.145054591217   -2.038280218922
              30 H     -5.532245280834   -1.125980256101    1.436013181901
              31 H     -3.793320367158   -0.990668994244    1.537218429459
              32 H     -4.530846294452   -1.705328580953    0.087899735218
              33 H     -6.141266402026    1.535420886243   -0.884227160908
              34 H     -5.929978113283   -0.147082078503   -1.431709272499
              35 H     -6.824591982044    0.234030167511    0.052630974973
              36 H      4.724264861174    0.463199578822    0.570657804340
              37 H      6.897839725765    0.006595946496   -0.468516291876
              38 H      7.073298618439   -1.592294655513   -2.359619700314
              39 H      5.037951428264   -2.742828252998   -3.192894057064
              40 H      2.864507455883   -2.335288232404   -2.149008061407
              41 H      2.035620126797   -1.345177537725    2.562923831904
              42 H      3.706344686473   -0.855753449913    2.232473263039
              43 H      2.654241580205    0.215809380163    3.151329720818
