-------------------------------------------------------------
----------------------- !PROPERTIES! ------------------------
-------------------------------------------------------------
# -----------------------------------------------------------
$ PAL_Flags
   description: The PAL Flags
   geom. index: 1
   prop. index: 1
        Diskflag:     2
# -----------------------------------------------------------
$ SCF_Energy
   description: The SCF energy
   geom. index: 1
   prop. index: 1
        SCF Energy:     -899.6562700081
# -----------------------------------------------------------
$ Mayer_Pop
   description: The Mayer population analysis
   geom. index: 1
   prop. index: 1
     Number of atoms                     : 46
     Threshold for printing              : 0.1000000
     Number of bond orders printed       : 47
  NA   - Mulliken gross atomic population
  ZA   - Total nuclear charge
  QA   - Mulliken gross atomic charge
  VA   - Mayer's total valence
  BVA  - Mayer's bonded valence
  FA   - Mayer's free valence
  ATOM       NA         ZA         QA         VA         BVA        FA
  0   0     6.0662     6.0000    -0.0662     3.9594     3.9594     0.0000
  1   0     6.1558     6.0000    -0.1558     3.9800     3.9800    -0.0000
  2   0     5.8980     6.0000     0.1020     3.8167     3.8167     0.0000
  3   0     6.2135     6.0000    -0.2135     3.8766     3.8766    -0.0000
  4   0     5.7023     6.0000     0.2977     3.8301     3.8301    -0.0000
  5   0     7.6811     7.0000    -0.6811     2.7926     2.7926     0.0000
  6   0     5.8380     6.0000     0.1620     3.8929     3.8929    -0.0000
  7   0     5.7523     6.0000     0.2477     3.8594     3.8594     0.0000
  8   0     5.9659     6.0000     0.0341     3.9175     3.9175     0.0000
  9   0     5.8151     6.0000     0.1849     3.5862     3.5862     0.0000
 10   0     8.6052     8.0000    -0.6052     1.7774     1.7774     0.0000
 11   0     5.5224     6.0000     0.4776     3.9469     3.9469     0.0000
 12   0     8.4180     8.0000    -0.4180     2.0428     2.0428     0.0000
 13   0     6.0329     6.0000    -0.0329     3.8776     3.8776    -0.0000
 14   0     6.0811     6.0000    -0.0811     3.9765     3.9765     0.0000
 15   0     6.1050     6.0000    -0.1050     3.8389     3.8389    -0.0000
 16   0     6.0056     6.0000    -0.0056     3.9347     3.9347     0.0000
 17   0     6.0300     6.0000    -0.0300     3.8888     3.8888     0.0000
 18   0     6.0349     6.0000    -0.0349     3.8597     3.8597     0.0000
 19   0     6.0362     6.0000    -0.0362     3.9095     3.9095     0.0000
 20   0     6.0346     6.0000    -0.0346     3.8988     3.8988    -0.0000
 21   0     0.9554     1.0000     0.0446     0.9758     0.9758     0.0000
 22   0     0.9340     1.0000     0.0660     0.9912     0.9912     0.0000
 23   0     0.9621     1.0000     0.0379     0.9843     0.9843     0.0000
 24   0     0.9175     1.0000     0.0825     1.0027     1.0027     0.0000
 25   0     0.9780     1.0000     0.0220     0.9790     0.9790    -0.0000
 26   0     0.9335     1.0000     0.0665     0.9825     0.9825     0.0000
 27   0     1.0112     1.0000    -0.0112     0.9815     0.9815    -0.0000
 28   0     0.9685     1.0000     0.0315     0.9904     0.9904     0.0000
 29   0     1.0011     1.0000    -0.0011     0.9773     0.9773    -0.0000
 30   0     0.9733     1.0000     0.0267     0.9855     0.9855    -0.0000
 31   0     0.9661     1.0000     0.0339     0.9820     0.9820    -0.0000
 32   0     0.9754     1.0000     0.0246     0.9842     0.9842     0.0000
 33   0     0.9687     1.0000     0.0313     0.9846     0.9846     0.0000
 34   0     0.9543     1.0000     0.0457     0.9913     0.9913     0.0000
 35   0     0.9645     1.0000     0.0355     0.9829     0.9829     0.0000
 36   0     0.9452     1.0000     0.0548     0.9804     0.9804    -0.0000
 37   0     0.9400     1.0000     0.0600     0.9855     0.9855    -0.0000
 38   0     0.9454     1.0000     0.0546     0.9831     0.9831     0.0000
 39   0     0.9498     1.0000     0.0502     0.9783     0.9783    -0.0000
 40   0     0.9521     1.0000     0.0479     0.9783     0.9783     0.0000
 41   0     0.9631     1.0000     0.0369     0.9944     0.9944     0.0000
 42   0     0.9607     1.0000     0.0393     0.9861     0.9861    -0.0000
 43   0     0.9601     1.0000     0.0399     0.9855     0.9855     0.0000
 44   0     0.9614     1.0000     0.0386     0.9859     0.9859     0.0000
 45   0     0.9646     1.0000     0.0354     0.9949     0.9949    -0.0000
      Bond orders larger than 0.1000000
           Atom A     A.N. of A          Atom B    A.N. of B              Bond order
                0             6               1            6                2.017440
                0             6              21            1                0.977455
                0             6              22            1                0.972980
                1             6               2            6                0.997869
                1             6              23            1                0.977974
                2             6               3            6                1.013132
                2             6              24            1                0.968265
                2             6              25            1                0.958693
                3             6               4            6                1.029752
                3             6               9            6                0.946390
                3             6              26            1                0.944184
                4             6               5            7                0.932024
                4             6              27            1                0.959559
                4             6              28            1                0.968178
                5             7               6            6                0.948932
                5             7               7            6                0.904044
                6             6              29            1                0.976460
                6             6              30            1                0.989339
                6             6              31            1                0.992237
                7             6               8            6                1.061202
                7             6              32            1                0.976214
                7             6              33            1                0.972725
                8             6               9            6                1.029974
                8             6              34            1                0.959560
                8             6              35            1                0.952604
                9             6              10            8                0.724444
                9             6              15            6                0.971873
               10             8              11            6                1.025880
               11             6              12            8                1.953871
               11             6              13            6                0.968942
               13             6              14            6                1.032857
               13             6              36            1                0.964266
               13             6              37            1                0.973454
               14             6              38            1                0.984104
               14             6              39            1                0.984047
               14             6              40            1                0.987500
               15             6              16            6                1.451072
               15             6              20            6                1.395872
               16             6              17            6                1.422658
               16             6              41            1                0.993812
               17             6              18            6                1.419748
               17             6              42            1                0.998738
               18             6              19            6                1.405244
               18             6              43            1                0.999716
               19             6              20            6                1.448576
               19             6              44            1                0.999917
               20             6              45            1                0.998875
# -----------------------------------------------------------
$ Calculation_Info
   description: Details of the calculation
   geom. index: 1
   prop. index: 1
     Multiplicity:                          1
     Charge:                                0
     number of atoms:                       46
     number of electrons:                   0
     number of frozen core electrons:       1
     number of correlated electrons:        0
     number of basis functions:             419
     number of aux C basis functions:       0
     number of aux J basis functions:       0
     number of aux JK basis functions:      0
     number of aux CABS basis functions:    0
     Total Energy                           -899.656270
# -----------------------------------------------------------
$ SCF_Electric_Properties
   description: The SCF Calculated Electric Properties
   geom. index: 1
   prop. index: 1
       Filename                          : ./ZINC000000000021/ZINC000000000021.scfp 
       Do Dipole Moment Calculation      : true 
       Do Quadrupole Moment Calculation  : false 
       Do Polarizability Calculation     : false 
** Dipole moment part of electric properties **
        Magnitude of dipole moment (Debye) :        2.6018759520
        Electronic Contribution:
                  0    
      0       6.885979
      1       9.551830
      2       5.475934
        Nuclear Contribution:
                  0    
      0      -6.529623
      1      -9.440959
      2      -6.429112
        Total Dipole moment:
                  0    
      0       0.356356
      1       0.110871
      2      -0.953178
# -------------------------------------------------------------
----------------------- !GEOMETRIES! ------------------------
# -------------------------------------------------------------
------------------------ !GEOMETRY! -------------------------
    Number of atoms:    46 
    Geometry Index:     1 
    Coordinates:
               0 C     -2.370069311273   -1.130499091740    3.246387619073
               1 C     -2.594446750396   -0.591742742215    2.041241938988
               2 C     -1.606604957633    0.302965803402    1.334398548753
               3 C     -0.949046388191   -0.376363991985    0.106196729678
               4 C     -1.955659659523   -0.442518125937   -1.062699192516
               5 N     -1.465571330106   -1.261609742844   -2.178230569982
               6 C     -2.311074234281   -1.095911852135   -3.358345362710
               7 C     -0.046673265367   -1.068688401547   -2.483236507874
               8 C      0.516509970201    0.229433299635   -1.915599312004
               9 C      0.420563474065    0.257854387561   -0.360050254939
              10 O      1.518258980029   -0.650246575080    0.020119982589
              11 C      1.730529172749   -1.048742321540    1.299390704010
              12 O      1.132525764288   -0.663044366325    2.290803517866
              13 C      2.842433356543   -2.064302237756    1.339957332224
              14 C      2.362822532292   -3.412526301510    0.840296073412
              15 C      0.720207744877    1.717658688947    0.036489674328
              16 C      1.957339009627    2.101927845090    0.583333940955
              17 C      2.226392857510    3.434317018307    0.913084973115
              18 C      1.270703940653    4.418436435996    0.686951788131
              19 C      0.049406826585    4.072238786991    0.121149918549
              20 C     -0.218075434403    2.740048420859   -0.207183082858
              21 H     -3.110594178503   -1.764120163371    3.723201429265
              22 H     -1.437367872020   -0.957554552620    3.777326356291
              23 H     -3.541022649391   -0.792149175131    1.545544137922
              24 H     -0.851470975654    0.639132622008    2.051009561087
              25 H     -2.153828398112    1.202281771347    1.029088914045
              26 H     -0.747859015797   -1.421160496768    0.388603568175
              27 H     -2.194408363553    0.573831945845   -1.400941231517
              28 H     -2.897908714952   -0.883714677990   -0.718148776660
              29 H     -2.249106622881   -0.081108077287   -3.767326700256
              30 H     -3.358672613656   -1.308463373670   -3.117433401691
              31 H     -2.021652312907   -1.804218658012   -4.142633025612
              32 H      0.143217117282   -1.103271933355   -3.563568560804
              33 H      0.505504223146   -1.919044637919   -2.064591371908
              34 H      1.565670048250    0.320007315011   -2.229485812605
              35 H     -0.016671933618    1.070914831433   -2.377322348953
              36 H      3.686759942913   -1.697071955578    0.746580942584
              37 H      3.193982603025   -2.147201372068    2.374355314310
              38 H      2.042389852006   -3.355826367757   -0.205232962905
              39 H      1.510777307858   -3.768158354133    1.429208153025
              40 H      3.164439157073   -4.153799662902    0.911997544005
              41 H      2.743424166453    1.373879862711    0.761080328148
              42 H      3.187412190193    3.700202802598    1.346016842670
              43 H      1.480554566723    5.452746424066    0.944889212888
              44 H     -0.697278533599    4.838841801361   -0.069238098961
              45 H     -1.176761288526    2.516339146005   -0.667438471332
