-------------------------------------------------------------
----------------------- !PROPERTIES! ------------------------
-------------------------------------------------------------
# -----------------------------------------------------------
$ PAL_Flags
   description: The PAL Flags
   geom. index: 1
   prop. index: 1
        Diskflag:     2
# -----------------------------------------------------------
$ SCF_Energy
   description: The SCF energy
   geom. index: 1
   prop. index: 1
        SCF Energy:    -1718.5405444492
# -----------------------------------------------------------
$ Mayer_Pop
   description: The Mayer population analysis
   geom. index: 1
   prop. index: 1
     Number of atoms                     : 40
     Threshold for printing              : 0.1000000
     Number of bond orders printed       : 40
  NA   - Mulliken gross atomic population
  ZA   - Total nuclear charge
  QA   - Mulliken gross atomic charge
  VA   - Mayer's total valence
  BVA  - Mayer's bonded valence
  FA   - Mayer's free valence
  ATOM       NA         ZA         QA         VA         BVA        FA
  0   0     7.3216     7.0000    -0.3216     2.9155     2.9155     0.0000
  1   0     6.0353     6.0000    -0.0353     3.8932     3.8932     0.0000
  2   0     5.9878     6.0000     0.0122     3.8598     3.8598     0.0000
  3   0     5.9329     6.0000     0.0671     3.8744     3.8744     0.0000
  4   0     6.1945     6.0000    -0.1945     3.8531     3.8531     0.0000
  5   0     5.9839     6.0000     0.0161     3.9161     3.9161     0.0000
  6   0     6.1349     6.0000    -0.1349     3.9214     3.9214    -0.0000
  7   0     5.6731     6.0000     0.3269     3.6917     3.6917    -0.0000
  8   0     7.6818     7.0000    -0.6818     2.8206     2.8206    -0.0000
  9   0     5.8362     6.0000     0.1638     3.8349     3.8349    -0.0000
 10   0     5.9403     6.0000     0.0597     3.8402     3.8402     0.0000
 11   0    17.2308    17.0000    -0.2308     0.9908     0.9908     0.0000
 12   0     5.8035     6.0000     0.1965     3.8234     3.8234     0.0000
 13   0     5.9527     6.0000     0.0473     3.8427     3.8427    -0.0000
 14   0    17.2420    17.0000    -0.2420     0.9704     0.9704    -0.0000
 15   0     6.1401     6.0000    -0.1401     3.9330     3.9330     0.0000
 16   0     5.9859     6.0000     0.0141     3.9150     3.9150     0.0000
 17   0     5.5091     6.0000     0.4909     4.0209     4.0209    -0.0000
 18   0     8.4147     8.0000    -0.4147     2.0610     2.0610    -0.0000
 19   0     8.3551     8.0000    -0.3551     2.0609     2.0609     0.0000
 20   0     0.8631     1.0000     0.1369     0.9953     0.9953     0.0000
 21   0     0.8835     1.0000     0.1165     0.9866     0.9866     0.0000
 22   0     0.9388     1.0000     0.0612     0.9711     0.9711     0.0000
 23   0     0.9707     1.0000     0.0293     0.9871     0.9871     0.0000
 24   0     0.9534     1.0000     0.0466     0.9908     0.9908     0.0000
 25   0     0.9685     1.0000     0.0315     0.9889     0.9889     0.0000
 26   0     0.9473     1.0000     0.0527     0.9995     0.9995     0.0000
 27   0     0.9694     1.0000     0.0306     0.9936     0.9936    -0.0000
 28   0     0.9839     1.0000     0.0161     0.9905     0.9905     0.0000
 29   0     0.9465     1.0000     0.0535     0.9891     0.9891    -0.0000
 30   0     0.9422     1.0000     0.0578     0.9894     0.9894     0.0000
 31   0     0.9097     1.0000     0.0903     0.9813     0.9813     0.0000
 32   0     0.9244     1.0000     0.0756     0.9739     0.9739     0.0000
 33   0     0.9558     1.0000     0.0442     0.9857     0.9857    -0.0000
 34   0     0.9459     1.0000     0.0541     1.0029     1.0029     0.0000
 35   0     0.9149     1.0000     0.0851     0.9843     0.9843    -0.0000
 36   0     0.9185     1.0000     0.0815     1.0009     1.0009    -0.0000
 37   0     0.9679     1.0000     0.0321     0.9890     0.9890    -0.0000
 38   0     0.9686     1.0000     0.0314     0.9929     0.9929     0.0000
 39   0     0.7708     1.0000     0.2292     0.9980     0.9980     0.0000
      Bond orders larger than 0.1000000
           Atom A     A.N. of A          Atom B    A.N. of B              Bond order
                0             7               1            6                1.021009
                0             7              20            1                0.954863
                0             7              21            1                0.965619
                1             6               2            6                1.030404
                1             6              17            6                0.929727
                1             6              22            1                0.952700
                2             6               3            6                0.994044
                2             6              23            1                0.969622
                2             6              24            1                0.964975
                3             6               4            6                1.016058
                3             6              25            1                0.972658
                3             6              26            1                0.970207
                4             6               5            6                1.413898
                4             6              16            6                1.415280
                5             6               6            6                1.441553
                5             6              27            1                1.000623
                6             6               7            6                1.364022
                6             6              28            1                1.002348
                7             6               8            7                0.971171
                7             6              15            6                1.369862
                8             7               9            6                0.926598
                8             7              12            6                0.898239
                9             6              10            6                0.995702
                9             6              29            1                0.973859
                9             6              30            1                0.976926
               10             6              11           17                0.951014
               10             6              31            1                0.968388
               10             6              32            1                0.973862
               12             6              13            6                1.004899
               12             6              33            1                0.973602
               12             6              34            1                0.971622
               13             6              14           17                0.945863
               13             6              35            1                0.970539
               13             6              36            1                0.961205
               15             6              16            6                1.439610
               15             6              37            1                1.003012
               16             6              38            1                1.001022
               17             6              18            8                2.001053
               17             6              19            8                1.115364
               19             8              39            1                0.938746
# -----------------------------------------------------------
$ Calculation_Info
   description: Details of the calculation
   geom. index: 1
   prop. index: 1
     Multiplicity:                          1
     Charge:                                0
     number of atoms:                       40
     number of electrons:                   0
     number of frozen core electrons:       1
     number of correlated electrons:        0
     number of basis functions:             388
     number of aux C basis functions:       0
     number of aux J basis functions:       0
     number of aux JK basis functions:      0
     number of aux CABS basis functions:    0
     Total Energy                           -1718.540544
# -----------------------------------------------------------
$ SCF_Electric_Properties
   description: The SCF Calculated Electric Properties
   geom. index: 1
   prop. index: 1
       Filename                          : ./ZINC000000000027/ZINC000000000027.scfp 
       Do Dipole Moment Calculation      : true 
       Do Quadrupole Moment Calculation  : false 
       Do Polarizability Calculation     : false 
** Dipole moment part of electric properties **
        Magnitude of dipole moment (Debye) :        4.5494555444
        Electronic Contribution:
                  0    
      0     -24.773138
      1      -8.246138
      2       0.327591
        Nuclear Contribution:
                  0    
      0      25.391588
      1       9.541341
      2      -1.396964
        Total Dipole moment:
                  0    
      0       0.618450
      1       1.295203
      2      -1.069373
# -------------------------------------------------------------
----------------------- !GEOMETRIES! ------------------------
# -------------------------------------------------------------
------------------------ !GEOMETRY! -------------------------
    Number of atoms:    40 
    Geometry Index:     1 
    Coordinates:
               0 N      5.340641765197   -0.501872314433    0.994111866356
               1 C      4.801935762030    0.736553948567    0.394987435332
               2 C      3.353279824385    0.522010570981   -0.059090385946
               3 C      2.384820418768    0.173465225351    1.077218689122
               4 C      0.978849119820   -0.007341560234    0.562364759133
               5 C      0.086081674018    1.062271393096    0.524294404343
               6 C     -1.210320873694    0.891605690026    0.016154676392
               7 C     -1.670502267163   -0.338813549280   -0.486312841192
               8 N     -2.960686231204   -0.493758867648   -0.993111160180
               9 C     -3.711857979993    0.676474576923   -1.493311026238
              10 C     -4.666565389560    1.251894639830   -0.442572034731
              11 Cl    -6.178700079515    0.308219758681   -0.323314782820
              12 C     -3.496633704674   -1.822417615930   -1.349835127767
              13 C     -3.862955949312   -2.649218886487   -0.114427298456
              14 Cl    -4.418847007694   -4.273251614714   -0.606914983294
              15 C     -0.749070371934   -1.398351828475   -0.427713541552
              16 C      0.549088403727   -1.241619984785    0.081026209440
              17 C      4.972834029779    1.911893459641    1.368718319496
              18 O      5.762885833504    1.967954405214    2.299843800720
              19 O      4.218889313966    2.986298386739    1.065616000101
              20 H      6.236608843821   -0.282743756248    1.440597914594
              21 H      5.538921123213   -1.175083589659    0.257217058628
              22 H      5.418107938319    0.980979823240   -0.479344884715
              23 H      3.331795768673   -0.274950930551   -0.811883941695
              24 H      2.998075608976    1.422328261691   -0.571505348956
              25 H      2.386369435205    0.959050802127    1.838475037966
              26 H      2.696006775633   -0.741899345027    1.588581698793
              27 H      0.386536137159    2.042027468560    0.890421378991
              28 H     -1.856740005015    1.763801026544    0.041390918869
              29 H     -3.018517040750    1.460776698678   -1.822755917982
              30 H     -4.267944884573    0.414319596515   -2.403870604461
              31 H     -4.214899293577    1.278847685357    0.554569464767
              32 H     -4.955818624273    2.270383316245   -0.719925345915
              33 H     -2.792614895059   -2.355927665213   -1.997716530436
              34 H     -4.402055894469   -1.707831845215   -1.959104617674
              35 H     -3.017304417959   -2.784556790986    0.566651847803
              36 H     -4.675889126081   -2.186538481671    0.449660675357
              37 H     -1.003406670974   -2.389158310299   -0.793091670153
              38 H      1.221105377967   -2.098045417271    0.091818073310
              39 H      4.468497553309    3.642225620132    1.752081814661
