-------------------------------------------------------------
----------------------- !PROPERTIES! ------------------------
-------------------------------------------------------------
# -----------------------------------------------------------
$ PAL_Flags
   description: The PAL Flags
   geom. index: 1
   prop. index: 1
        Diskflag:     2
# -----------------------------------------------------------
$ SCF_Energy
   description: The SCF energy
   geom. index: 1
   prop. index: 1
        SCF Energy:     -987.8356326329
# -----------------------------------------------------------
$ Mayer_Pop
   description: The Mayer population analysis
   geom. index: 1
   prop. index: 1
     Number of atoms                     : 41
     Threshold for printing              : 0.1000000
     Number of bond orders printed       : 44
  NA   - Mulliken gross atomic population
  ZA   - Total nuclear charge
  QA   - Mulliken gross atomic charge
  VA   - Mayer's total valence
  BVA  - Mayer's bonded valence
  FA   - Mayer's free valence
  ATOM       NA         ZA         QA         VA         BVA        FA
  0   0     5.7771     6.0000     0.2229     3.8366     3.8366    -0.0000
  1   0     8.5490     8.0000    -0.5490     1.9012     1.9012    -0.0000
  2   0     5.6933     6.0000     0.3067     3.7805     3.7805     0.0000
  3   0     6.0873     6.0000    -0.0873     3.8659     3.8659    -0.0000
  4   0     6.0943     6.0000    -0.0943     3.9555     3.9555    -0.0000
  5   0     5.6602     6.0000     0.3398     3.7674     3.7674     0.0000
  6   0     6.1760     6.0000    -0.1760     3.8358     3.8358     0.0000
  7   0     6.0054     6.0000    -0.0054     3.9057     3.9057     0.0000
  8   0     5.7924     6.0000     0.2076     3.9179     3.9179     0.0000
  9   0     6.1017     6.0000    -0.1017     3.8155     3.8155     0.0000
 10   0     5.9711     6.0000     0.0289     3.9376     3.9376    -0.0000
 11   0     6.0381     6.0000    -0.0381     3.8749     3.8749    -0.0000
 12   0     6.0313     6.0000    -0.0313     3.8673     3.8673     0.0000
 13   0     6.0379     6.0000    -0.0379     3.8912     3.8912    -0.0000
 14   0     6.0014     6.0000    -0.0014     3.9107     3.9107    -0.0000
 15   0     7.3439     7.0000    -0.3439     2.9498     2.9498     0.0000
 16   0     5.3889     6.0000     0.6111     4.0947     4.0947    -0.0000
 17   0     8.4404     8.0000    -0.4404     2.0349     2.0349     0.0000
 18   0     7.6694     7.0000    -0.6694     2.8815     2.8815     0.0000
 19   0     5.7017     6.0000     0.2983     3.7962     3.7962     0.0000
 20   0     6.2391     6.0000    -0.2391     3.8523     3.8523     0.0000
 21   0     6.0628     6.0000    -0.0628     3.8635     3.8635     0.0000
 22   0     6.0588     6.0000    -0.0588     3.8479     3.8479     0.0000
 23   0     0.9657     1.0000     0.0343     0.9795     0.9795     0.0000
 24   0     0.9666     1.0000     0.0334     0.9787     0.9787     0.0000
 25   0     0.9438     1.0000     0.0562     0.9874     0.9874    -0.0000
 26   0     0.9559     1.0000     0.0441     0.9976     0.9976     0.0000
 27   0     0.9627     1.0000     0.0373     0.9974     0.9974    -0.0000
 28   0     0.9248     1.0000     0.0752     1.0090     1.0090     0.0000
 29   0     0.9475     1.0000     0.0525     0.9964     0.9964    -0.0000
 30   0     0.9522     1.0000     0.0478     0.9858     0.9858    -0.0000
 31   0     0.9531     1.0000     0.0469     0.9855     0.9855    -0.0000
 32   0     0.9534     1.0000     0.0466     0.9858     0.9858    -0.0000
 33   0     0.9530     1.0000     0.0470     0.9936     0.9936    -0.0000
 34   0     0.9191     1.0000     0.0809     1.0010     1.0010    -0.0000
 35   0     0.9752     1.0000     0.0248     0.9881     0.9881     0.0000
 36   0     0.9250     1.0000     0.0750     0.9898     0.9898     0.0000
 37   0     0.9496     1.0000     0.0504     0.9819     0.9819     0.0000
 38   0     0.9363     1.0000     0.0637     0.9768     0.9768     0.0000
 39   0     0.9392     1.0000     0.0608     0.9767     0.9767    -0.0000
 40   0     0.9552     1.0000     0.0448     0.9830     0.9830    -0.0000
      Bond orders larger than 0.1000000
           Atom A     A.N. of A          Atom B    A.N. of B              Bond order
                0             6               1            8                0.868331
                0             6              23            1                0.984247
                0             6              24            1                0.984296
                0             6              25            1                0.992928
                1             8               2            6                1.001372
                2             6               3            6                1.334534
                2             6               7            6                1.429833
                3             6               4            6                1.418854
                3             6              26            1                1.004018
                4             6               5            6                1.391553
                4             6              27            1                1.003810
                5             6               6            6                1.354509
                5             6              18            7                0.974218
                6             6               7            6                1.379987
                6             6               8            6                1.020951
                7             6              28            1                1.000305
                8             6               9            6                0.990892
                8             6              15            7                1.863870
                9             6              10            6                1.427591
                9             6              14            6                1.409554
               10             6              11            6                1.416444
               10             6              29            1                1.000723
               11             6              12            6                1.412460
               11             6              30            1                0.998562
               12             6              13            6                1.414859
               12             6              31            1                0.999467
               13             6              14            6                1.425404
               13             6              32            1                0.998960
               14             6              33            1                1.001509
               15             7              16            6                1.123662
               16             6              17            8                1.936760
               16             6              18            7                1.014578
               18             7              19            6                0.867410
               19             6              20            6                1.005803
               19             6              34            1                0.961230
               19             6              35            1                0.978130
               20             6              21            6                0.952114
               20             6              22            6                0.946077
               20             6              36            1                0.962346
               21             6              22            6                0.969909
               21             6              37            1                0.978486
               21             6              38            1                0.975947
               22             6              39            1                0.975306
               22             6              40            1                0.975946
# -----------------------------------------------------------
$ Calculation_Info
   description: Details of the calculation
   geom. index: 1
   prop. index: 1
     Multiplicity:                          1
     Charge:                                0
     number of atoms:                       41
     number of electrons:                   0
     number of frozen core electrons:       1
     number of correlated electrons:        0
     number of basis functions:             412
     number of aux C basis functions:       0
     number of aux J basis functions:       0
     number of aux JK basis functions:      0
     number of aux CABS basis functions:    0
     Total Energy                           -987.835633
# -----------------------------------------------------------
$ SCF_Electric_Properties
   description: The SCF Calculated Electric Properties
   geom. index: 1
   prop. index: 1
       Filename                          : ./ZINC000000000154/ZINC000000000154.scfp 
       Do Dipole Moment Calculation      : true 
       Do Quadrupole Moment Calculation  : false 
       Do Polarizability Calculation     : false 
** Dipole moment part of electric properties **
        Magnitude of dipole moment (Debye) :        7.4438211629
        Electronic Contribution:
                  0    
      0      11.459552
      1      -8.289684
      2       2.501925
        Nuclear Contribution:
                  0    
      0     -11.431100
      1      11.206074
      2      -2.767166
        Total Dipole moment:
                  0    
      0       0.028451
      1       2.916390
      2      -0.265241
# -------------------------------------------------------------
----------------------- !GEOMETRIES! ------------------------
# -------------------------------------------------------------
------------------------ !GEOMETRY! -------------------------
    Number of atoms:    41 
    Geometry Index:     1 
    Coordinates:
               0 C      0.610765774341    4.861133961388   -0.421287311828
               1 O      1.265432611557    3.598203628677   -0.429859668627
               2 C      0.515316708709    2.507399839505   -0.092125734504
               3 C     -0.822640160146    2.516929875402    0.286223265240
               4 C     -1.478129587012    1.316455213026    0.593164453724
               5 C     -0.807996452470    0.087655176750    0.533981300706
               6 C      0.545383410828    0.094677322826    0.191373556574
               7 C      1.196399585179    1.291564136696   -0.141889238601
               8 C      1.224948087036   -1.216515290736    0.178917701075
               9 C      2.683911888439   -1.310785404593   -0.067727821094
              10 C      3.136809353938   -2.028045142059   -1.178198148121
              11 C      4.506948897426   -2.137704198732   -1.415344717383
              12 C      5.417074521307   -1.544968070195   -0.538061233572
              13 C      4.961902715100   -0.849798194328    0.584016441347
              14 C      3.592751362311   -0.736774676798    0.827185808870
              15 N      0.599072912363   -2.329469429480    0.381981447591
              16 C     -0.741082447525   -2.361309101307    0.659411532528
              17 O     -1.309486772058   -3.443135767147    0.797972941436
              18 N     -1.443251337957   -1.156958090693    0.789403845549
              19 C     -2.866771132967   -1.249608756866    1.096416132249
              20 C     -3.685876069230   -1.379842595369   -0.157775075025
              21 C     -5.191918511839   -1.339596394826   -0.068975733463
              22 C     -4.453144389659   -0.221667175407   -0.747393752197
              23 H     -0.213214090295    4.883616986746   -1.142144418245
              24 H      0.263576820304    5.117838995434    0.584954917532
              25 H      1.340317640366    5.617920561661   -0.725247445513
              26 H     -1.393959439408    3.438004112513    0.345890642437
              27 H     -2.523468499355    1.385618354031    0.871375848602
              28 H      2.237211001340    1.302260997714   -0.453427129591
              29 H      2.427395406294   -2.504645686659   -1.850155386995
              30 H      4.865366579524   -2.693590756766   -2.278061098531
              31 H      6.484820137962   -1.637317597140   -0.722337978036
              32 H      5.675542319913   -0.405752357336    1.273507824990
              33 H      3.244168497060   -0.214662428550    1.714042793308
              34 H     -3.043048195711   -2.141019953037    1.711231079311
              35 H     -3.185637969489   -0.409569483140    1.721843201777
              36 H     -3.272139493346   -2.120338518603   -0.836097998378
              37 H     -5.652524541711   -1.137637739996    0.891411838380
              38 H     -5.751798247695   -2.031099370292   -0.689374850291
              39 H     -4.510052075343   -0.157082342464   -1.828673561077
              40 H     -4.448976818082    0.739615360151   -0.250148272156
