-------------------------------------------------------------
----------------------- !PROPERTIES! ------------------------
-------------------------------------------------------------
# -----------------------------------------------------------
$ PAL_Flags
   description: The PAL Flags
   geom. index: 1
   prop. index: 1
        Diskflag:     2
# -----------------------------------------------------------
$ SCF_Energy
   description: The SCF energy
   geom. index: 1
   prop. index: 1
        SCF Energy:    -1295.2335610091
# -----------------------------------------------------------
$ Mayer_Pop
   description: The Mayer population analysis
   geom. index: 1
   prop. index: 1
     Number of atoms                     : 37
     Threshold for printing              : 0.1000000
     Number of bond orders printed       : 38
  NA   - Mulliken gross atomic population
  ZA   - Total nuclear charge
  QA   - Mulliken gross atomic charge
  VA   - Mayer's total valence
  BVA  - Mayer's bonded valence
  FA   - Mayer's free valence
  ATOM       NA         ZA         QA         VA         BVA        FA
  0   0     5.9630     6.0000     0.0370     3.8381     3.8381    -0.0000
  1   0     6.5532     6.0000    -0.5532     3.8035     3.8035     0.0000
  2   0     5.9190     6.0000     0.0810     3.8523     3.8523    -0.0000
  3   0     5.9436     6.0000     0.0564     3.8306     3.8306    -0.0000
  4   0     5.7324     6.0000     0.2676     3.7288     3.7288     0.0000
  5   0     8.3701     8.0000    -0.3701     2.0683     2.0683     0.0000
  6   0     5.4066     6.0000     0.5934     3.6625     3.6625    -0.0000
  7   0     8.5349     8.0000    -0.5349     1.8507     1.8507    -0.0000
  8   0     5.8164     6.0000     0.1836     3.8235     3.8235    -0.0000
  9   0     6.0478     6.0000    -0.0478     3.8893     3.8893     0.0000
 10   0     5.9951     6.0000     0.0049     3.9066     3.9066     0.0000
 11   0     5.9786     6.0000     0.0214     3.7964     3.7964     0.0000
 12   0    17.1322    17.0000    -0.1322     1.0318     1.0318     0.0000
 13   0     5.9915     6.0000     0.0085     3.8890     3.8890    -0.0000
 14   0     6.0531     6.0000    -0.0531     3.8917     3.8917    -0.0000
 15   0     7.5160     7.0000    -0.5160     3.1254     3.1254     0.0000
 16   0     5.9097     6.0000     0.0903     3.7571     3.7571     0.0000
 17   0     5.9479     6.0000     0.0521     3.9401     3.9401    -0.0000
 18   0     7.3604     7.0000    -0.3604     3.0061     3.0061    -0.0000
 19   0     5.7396     6.0000     0.2604     3.8784     3.8784     0.0000
 20   0     0.9553     1.0000     0.0447     0.9825     0.9825     0.0000
 21   0     0.9476     1.0000     0.0524     0.9910     0.9910    -0.0000
 22   0     0.9673     1.0000     0.0327     0.9904     0.9904     0.0000
 23   0     0.9668     1.0000     0.0332     0.9852     0.9852    -0.0000
 24   0     0.9681     1.0000     0.0319     0.9882     0.9882    -0.0000
 25   0     0.9428     1.0000     0.0572     0.9949     0.9949    -0.0000
 26   0     0.9417     1.0000     0.0583     0.9861     0.9861    -0.0000
 27   0     0.9557     1.0000     0.0443     0.9884     0.9884    -0.0000
 28   0     0.9493     1.0000     0.0507     0.9925     0.9925    -0.0000
 29   0     0.9379     1.0000     0.0621     1.0159     1.0159    -0.0000
 30   0     0.9462     1.0000     0.0538     0.9964     0.9964     0.0000
 31   0     0.9453     1.0000     0.0547     0.9999     0.9999     0.0000
 32   0     0.9446     1.0000     0.0554     1.0001     1.0001    -0.0000
 33   0     0.9210     1.0000     0.0790     1.0077     1.0077    -0.0000
 34   0     0.9164     1.0000     0.0836     1.0051     1.0051    -0.0000
 35   0     0.9468     1.0000     0.0532     0.9975     0.9975    -0.0000
 36   0     0.9361     1.0000     0.0639     1.0018     1.0018     0.0000
      Bond orders larger than 0.1000000
           Atom A     A.N. of A          Atom B    A.N. of B              Bond order
                0             6               1            6                0.988486
                0             6              20            1                0.984252
                0             6              21            1                0.981270
                0             6              22            1                0.976623
                1             6               2            6                1.007508
                1             6               3            6                0.978000
                1             6               4            6                0.854602
                2             6              23            1                0.986421
                2             6              24            1                0.984193
                2             6              25            1                0.979861
                3             6              26            1                0.983196
                3             6              27            1                0.985043
                3             6              28            1                0.982151
                4             6               5            8                2.037561
                4             6               6            6                0.940820
                6             6               7            8                0.909583
                6             6              15            7                0.903985
                6             6              29            1                0.965244
                7             8               8            6                0.916825
                8             6               9            6                1.414082
                8             6              14            6                1.430303
                9             6              10            6                1.402159
                9             6              30            1                1.003096
               10             6              11            6                1.407656
               10             6              31            1                0.998258
               11             6              12           17                0.952191
               11             6              13            6                1.407110
               13             6              14            6                1.389950
               13             6              32            1                0.999432
               14             6              33            1                0.997717
               15             7              16            6                1.064723
               15             7              19            6                1.136576
               16             6              17            6                1.634032
               16             6              34            1                0.992398
               17             6              18            7                1.285676
               17             6              35            1                1.005962
               18             7              19            6                1.672228
               19             6              36            1                0.991665
# -----------------------------------------------------------
$ Calculation_Info
   description: Details of the calculation
   geom. index: 1
   prop. index: 1
     Multiplicity:                          1
     Charge:                                0
     number of atoms:                       37
     number of electrons:                   0
     number of frozen core electrons:       1
     number of correlated electrons:        0
     number of basis functions:             369
     number of aux C basis functions:       0
     number of aux J basis functions:       0
     number of aux JK basis functions:      0
     number of aux CABS basis functions:    0
     Total Energy                           -1295.233561
# -----------------------------------------------------------
$ SCF_Electric_Properties
   description: The SCF Calculated Electric Properties
   geom. index: 1
   prop. index: 1
       Filename                          : ./ZINC000000000164/ZINC000000000164.scfp 
       Do Dipole Moment Calculation      : true 
       Do Quadrupole Moment Calculation  : false 
       Do Polarizability Calculation     : false 
** Dipole moment part of electric properties **
        Magnitude of dipole moment (Debye) :        3.2110420583
        Electronic Contribution:
                  0    
      0      24.779118
      1     -18.228228
      2      -6.125881
        Nuclear Contribution:
                  0    
      0     -25.219710
      1      17.967280
      2       7.280741
        Total Dipole moment:
                  0    
      0      -0.440592
      1      -0.260948
      2       1.154860
# -------------------------------------------------------------
----------------------- !GEOMETRIES! ------------------------
# -------------------------------------------------------------
------------------------ !GEOMETRY! -------------------------
    Number of atoms:    37 
    Geometry Index:     1 
    Coordinates:
               0 C     -1.775690324800   -0.154695496328    1.709039991375
               1 C     -1.236196191214    1.227634052787    1.321324020052
               2 C     -0.754677837906    1.920264762057    2.613187103949
               3 C     -2.354292513344    2.073419435719    0.700430999852
               4 C     -0.040251624356    1.153950351359    0.338407854683
               5 O      0.851891694767    2.010909617092    0.390063700573
               6 C      0.003697600615    0.030863578555   -0.720291719109
               7 O      1.297366262355   -0.114240296415   -1.322858930470
               8 C      2.049476625728   -1.043576376819   -0.660155603663
               9 C      1.992582387856   -2.378965949676   -1.057774278778
              10 C      2.774714055214   -3.326734199250   -0.395983916580
              11 C      3.616790799390   -2.926750987898    0.642608949297
              12 Cl     4.578395960067   -4.096337283521    1.459078164404
              13 C      3.690953625410   -1.585121749775    1.018581052791
              14 C      2.909895496605   -0.636160122882    0.357371180750
              15 N     -0.927466865940    0.308978058739   -1.808897078772
              16 C     -0.933107673251    1.404471516729   -2.630694683739
              17 C     -1.999746421947    1.209380429304   -3.475694984448
              18 N     -2.630140397806    0.024452100348   -3.194878588703
              19 C     -1.949274117686   -0.507037298326   -2.205778480137
              20 H     -0.971860627028   -0.806249387902    2.070108469507
              21 H     -2.526985304033   -0.078758140609    2.503619498913
              22 H     -2.258228042883   -0.656212068086    0.864125603780
              23 H     -1.554692167617    1.973840026889    3.360349465084
              24 H      0.087200232754    1.378089403337    3.059510822675
              25 H     -0.418970684638    2.945689938012    2.419362555396
              26 H     -2.821768772068    1.567247829322   -0.149115221448
              27 H     -3.146081086946    2.279953790739    1.429472451896
              28 H     -1.971173600703    3.034447560637    0.338818368349
              29 H     -0.308409757164   -0.915655377942   -0.264578700415
              30 H      1.354973511707   -2.682156032125   -1.884017142190
              31 H      2.733412880235   -4.369465258282   -0.700073283488
              32 H      4.361292086167   -1.271404641083    1.814639011172
              33 H      2.984962593181    0.414299221137    0.629844789539
              34 H     -0.203035403423    2.199612090123   -2.550480445411
              35 H     -2.344412600001    1.856115590707   -4.272557421560
              36 H     -2.161143797297   -1.464098686672   -1.746113575125
