-------------------------------------------------------------
----------------------- !PROPERTIES! ------------------------
-------------------------------------------------------------
# -----------------------------------------------------------
$ PAL_Flags
   description: The PAL Flags
   geom. index: 1
   prop. index: 1
        Diskflag:     2
# -----------------------------------------------------------
$ SCF_Energy
   description: The SCF energy
   geom. index: 1
   prop. index: 1
        SCF Energy:    -1439.4580827764
# -----------------------------------------------------------
$ Mayer_Pop
   description: The Mayer population analysis
   geom. index: 1
   prop. index: 1
     Number of atoms                     : 57
     Threshold for printing              : 0.1000000
     Number of bond orders printed       : 60
  NA   - Mulliken gross atomic population
  ZA   - Total nuclear charge
  QA   - Mulliken gross atomic charge
  VA   - Mayer's total valence
  BVA  - Mayer's bonded valence
  FA   - Mayer's free valence
  ATOM       NA         ZA         QA         VA         BVA        FA
  0   0     5.7783     6.0000     0.2217     3.8331     3.8331    -0.0000
  1   0     8.5406     8.0000    -0.5406     1.9123     1.9123     0.0000
  2   0     5.7423     6.0000     0.2577     3.7488     3.7488    -0.0000
  3   0     6.1238     6.0000    -0.1238     3.8810     3.8810    -0.0000
  4   0     6.0667     6.0000    -0.0667     3.9310     3.9310    -0.0000
  5   0     5.7470     6.0000     0.2530     3.6604     3.6604     0.0000
  6   0     7.4345     7.0000    -0.4345     3.1542     3.1542     0.0000
  7   0     7.0215     7.0000    -0.0215     2.7436     2.7436    -0.0000
  8   0     7.2016     7.0000    -0.2016     2.9065     2.9065     0.0000
  9   0     5.9625     6.0000     0.0375     3.9670     3.9670    -0.0000
 10   0     5.9618     6.0000     0.0382     3.6463     3.6463    -0.0000
 11   0     5.6670     6.0000     0.3330     3.8825     3.8825    -0.0000
 12   0     7.6586     7.0000    -0.6586     2.8027     2.8027     0.0000
 13   0     5.8396     6.0000     0.1604     3.8915     3.8915     0.0000
 14   0     5.8078     6.0000     0.1922     3.8312     3.8312     0.0000
 15   0     7.7280     7.0000    -0.7280     2.8282     2.8282     0.0000
 16   0     5.3970     6.0000     0.6030     3.9596     3.9596    -0.0000
 17   0     8.4496     8.0000    -0.4496     2.0513     2.0513    -0.0000
 18   0     6.0193     6.0000    -0.0193     3.7262     3.7262    -0.0000
 19   0     6.1404     6.0000    -0.1404     4.0070     4.0070    -0.0000
 20   0     5.8467     6.0000     0.1533     3.5863     3.5863     0.0000
 21   0     6.1413     6.0000    -0.1413     3.9241     3.9241     0.0000
 22   0     5.9865     6.0000     0.0135     3.8915     3.8915     0.0000
 23   0     5.9842     6.0000     0.0158     3.8894     3.8894     0.0000
 24   0     7.1981     7.0000    -0.1981     3.3081     3.3081    -0.0000
 25   0     7.2285     7.0000    -0.2285     2.8611     2.8611     0.0000
 26   0     5.7889     6.0000     0.2111     3.7760     3.7760     0.0000
 27   0     5.8102     6.0000     0.1898     3.8758     3.8758     0.0000
 28   0     6.0863     6.0000    -0.0863     3.9130     3.9130    -0.0000
 29   0     5.6195     6.0000     0.3805     3.7615     3.7615    -0.0000
 30   0     9.3217     9.0000    -0.3217     0.9722     0.9722     0.0000
 31   0     0.9396     1.0000     0.0604     0.9875     0.9875    -0.0000
 32   0     0.9642     1.0000     0.0358     0.9799     0.9799     0.0000
 33   0     0.9647     1.0000     0.0353     0.9786     0.9786    -0.0000
 34   0     0.9500     1.0000     0.0500     0.9989     0.9989     0.0000
 35   0     0.9514     1.0000     0.0486     0.9951     0.9951     0.0000
 36   0     0.9480     1.0000     0.0520     1.0054     1.0054    -0.0000
 37   0     0.9682     1.0000     0.0318     1.0006     1.0006    -0.0000
 38   0     0.9538     1.0000     0.0462     0.9875     0.9875    -0.0000
 39   0     0.9653     1.0000     0.0347     0.9794     0.9794     0.0000
 40   0     0.9611     1.0000     0.0389     0.9946     0.9946    -0.0000
 41   0     0.9246     1.0000     0.0754     1.0029     1.0029     0.0000
 42   0     0.9662     1.0000     0.0338     0.9782     0.9782     0.0000
 43   0     0.9432     1.0000     0.0568     1.0099     1.0099     0.0000
 44   0     0.9525     1.0000     0.0475     0.9712     0.9712     0.0000
 45   0     0.9817     1.0000     0.0183     0.9874     0.9874    -0.0000
 46   0     0.9587     1.0000     0.0413     0.9845     0.9845     0.0000
 47   0     0.9520     1.0000     0.0480     0.9816     0.9816     0.0000
 48   0     0.9596     1.0000     0.0404     0.9842     0.9842    -0.0000
 49   0     0.9800     1.0000     0.0200     0.9878     0.9878     0.0000
 50   0     0.9479     1.0000     0.0521     0.9822     0.9822    -0.0000
 51   0     0.8238     1.0000     0.1762     0.9765     0.9765    -0.0000
 52   0     0.9535     1.0000     0.0465     0.9959     0.9959     0.0000
 53   0     0.9441     1.0000     0.0559     1.0005     1.0005    -0.0000
 54   0     0.9697     1.0000     0.0303     0.9918     0.9918     0.0000
 55   0     0.9693     1.0000     0.0307     0.9808     0.9808     0.0000
 56   0     0.9072     1.0000     0.0928     1.0113     1.0113    -0.0000
      Bond orders larger than 0.1000000
           Atom A     A.N. of A          Atom B    A.N. of B              Bond order
                0             6               1            8                0.863553
                0             6              31            1                0.992512
                0             6              32            1                0.984656
                0             6              33            1                0.984822
                1             8               2            6                1.027055
                2             6               3            6                1.370353
                2             6              29            6                1.332412
                3             6               4            6                1.392294
                3             6              34            1                1.002894
                4             6               5            6                1.430204
                4             6              35            1                1.002939
                5             6               6            7                0.850062
                5             6              28            6                1.359282
                6             7               7            7                1.115502
                6             7              10            6                1.087133
                7             7               8            7                1.490843
                8             7               9            6                1.323228
                9             6              10            6                1.575130
                9             6              36            1                1.012234
               10             6              11            6                0.943227
               11             6              12            7                0.991540
               11             6              37            1                0.987800
               11             6              38            1                0.976693
               12             7              13            6                0.927059
               12             7              27            6                0.931049
               13             6              14            6                1.039793
               13             6              39            1                0.972419
               13             6              40            1                0.979713
               14             6              15            7                0.869939
               14             6              41            1                0.968221
               14             6              42            1                0.977093
               15             7              16            6                1.088637
               15             7              26            6                0.856012
               16             6              17            8                1.977074
               16             6              18            6                0.955621
               18             6              19            6                1.300272
               18             6              25            7                1.542145
               19             6              20            6                1.582942
               19             6              43            1                1.003440
               20             6              21            6                0.937694
               20             6              24            7                1.118507
               21             6              22            6                1.027593
               21             6              23            6                1.026756
               21             6              44            1                0.955802
               22             6              45            1                0.978902
               22             6              46            1                0.987788
               22             6              47            1                0.985844
               23             6              48            1                0.987704
               23             6              49            1                0.978762
               23             6              50            1                0.985498
               24             7              25            7                1.162663
               24             7              51            1                0.951718
               26             6              27            6                1.027358
               26             6              52            1                0.974268
               26             6              53            1                0.969021
               27             6              54            1                0.980062
               27             6              55            1                0.972190
               28             6              29            6                1.444147
               28             6              56            1                1.003667
               29             6              30            9                0.943416
# -----------------------------------------------------------
$ Calculation_Info
   description: Details of the calculation
   geom. index: 1
   prop. index: 1
     Multiplicity:                          1
     Charge:                                0
     number of atoms:                       57
     number of electrons:                   0
     number of frozen core electrons:       1
     number of correlated electrons:        0
     number of basis functions:             564
     number of aux C basis functions:       0
     number of aux J basis functions:       0
     number of aux JK basis functions:      0
     number of aux CABS basis functions:    0
     Total Energy                           -1439.458083
# -----------------------------------------------------------
$ SCF_Electric_Properties
   description: The SCF Calculated Electric Properties
   geom. index: 1
   prop. index: 1
       Filename                          : ./ZINC000000000057/ZINC000000000057.scfp 
       Do Dipole Moment Calculation      : true 
       Do Quadrupole Moment Calculation  : false 
       Do Polarizability Calculation     : false 
** Dipole moment part of electric properties **
        Magnitude of dipole moment (Debye) :        5.6468636959
        Electronic Contribution:
                  0    
      0      28.777302
      1      -6.460099
      2     -12.239440
        Nuclear Contribution:
                  0    
      0     -29.170404
      1       6.684861
      2      14.414404
        Total Dipole moment:
                  0    
      0      -0.393102
      1       0.224762
      2       2.174964
# -------------------------------------------------------------
----------------------- !GEOMETRIES! ------------------------
# -------------------------------------------------------------
------------------------ !GEOMETRY! -------------------------
    Number of atoms:    57 
    Geometry Index:     1 
    Coordinates:
               0 C      7.477080691143    1.924479689232   -1.709397775852
               1 O      6.459063867322    1.237248472460   -2.423933755274
               2 C      5.561238701334    0.508749915997   -1.694411610014
               3 C      5.582010348929    0.341365946095   -0.310022192541
               4 C      4.601068419589   -0.433395973900    0.332493086274
               5 C      3.576622876093   -1.040328548170   -0.399771558945
               6 N      2.555724531104   -1.831556672480    0.201506620085
               7 N      1.909484764042   -2.751894455035   -0.566612310462
               8 N      1.128821409824   -3.488991995990    0.202787564587
               9 C      1.190145020659   -2.978860242103    1.454313074881
              10 C      2.026221483509   -1.877220846253    1.488402412470
              11 C      2.269389967640   -0.970047621696    2.633217644837
              12 N      1.382620695898    0.178647634394    2.765946335463
              13 C      1.550160468614    1.280591502878    1.818450378536
              14 C      0.658275755765    1.229867086348    0.568245221890
              15 N     -0.742931095581    0.931797027991    0.856533459205
              16 C     -1.677195098235    1.336342539985   -0.116757146403
              17 O     -1.382104724271    2.224689191912   -0.922479911141
              18 C     -3.023980721551    0.717446238678   -0.195617818498
              19 C     -4.115006418581    1.254379781019   -0.940946576846
              20 C     -5.155083136316    0.363532996940   -0.801660614756
              21 C     -6.547949213354    0.375756825498   -1.349906746977
              22 C     -7.589129002143    0.363076368977   -0.230459214135
              23 C     -6.774288060727   -0.785727112607   -2.318017859154
              24 N     -4.656647524272   -0.640335198690   -0.020648908472
              25 N     -3.384688274762   -0.455363138796    0.361203435200
              26 C     -0.974152829295   -0.143478307741    1.821973745045
              27 C     -0.029466170088   -0.095424073952    3.040573089961
              28 C      3.577233131673   -0.897226041451   -1.796379287613
              29 C      4.553935183587   -0.125572745084   -2.423355217363
              30 F      4.507812725344    0.001770286174   -3.758237768699
              31 H      8.086745094184    2.469774579936   -2.436306660038
              32 H      7.048597750699    2.656993624090   -1.017668902995
              33 H      8.133031454674    1.222005884753   -1.185096906652
              34 H      6.360501044676    0.784785325339    0.303599016580
              35 H      4.724234032754   -0.582261424973    1.396943263116
              36 H      0.601174119577   -3.394574638330    2.260036192596
              37 H      3.299184731601   -0.625435894907    2.693442895022
              38 H      2.168711572759   -1.566690534509    3.551719900468
              39 H      1.300844649361    2.203156728155    2.360150660167
              40 H      2.599690386004    1.398065289366    1.527231685445
              41 H      0.743071044681    2.187549539575    0.042727702514
              42 H      1.005036982634    0.459474037237   -0.126592711871
              43 H     -4.113275350746    2.174842647857   -1.510004026606
              44 H     -6.681579068952    1.308210564619   -1.914362029156
              45 H     -7.541328514966   -0.560211095847    0.358059949786
              46 H     -8.600760712734    0.445347240667   -0.642406858975
              47 H     -7.436952133610    1.203152773878    0.456478751351
              48 H     -7.772595262228   -0.728050503449   -2.764988613317
              49 H     -6.687494071324   -1.755621619515   -1.815333584994
              50 H     -6.040729549814   -0.766629492986   -3.131867746401
              51 H     -5.130032645822   -1.484092028733    0.285694813707
              52 H     -0.874229023600   -1.092277804567    1.287204946734
              53 H     -1.990827145623   -0.066750441312    2.215433619395
              54 H     -0.150774674565   -1.005856655001    3.640235265232
              55 H     -0.381325997780    0.718868583203    3.689010734702
              56 H      2.816793515258   -1.358093215176   -2.423517034344
