-------------------------------------------------------------
----------------------- !PROPERTIES! ------------------------
-------------------------------------------------------------
# -----------------------------------------------------------
$ PAL_Flags
   description: The PAL Flags
   geom. index: 1
   prop. index: 1
        Diskflag:     2
# -----------------------------------------------------------
$ SCF_Energy
   description: The SCF energy
   geom. index: 1
   prop. index: 1
        SCF Energy:    -1261.5156333370
# -----------------------------------------------------------
$ Mayer_Pop
   description: The Mayer population analysis
   geom. index: 1
   prop. index: 1
     Number of atoms                     : 42
     Threshold for printing              : 0.1000000
     Number of bond orders printed       : 44
  NA   - Mulliken gross atomic population
  ZA   - Total nuclear charge
  QA   - Mulliken gross atomic charge
  VA   - Mayer's total valence
  BVA  - Mayer's bonded valence
  FA   - Mayer's free valence
  ATOM       NA         ZA         QA         VA         BVA        FA
  0   0     5.8441     6.0000     0.1559     3.8778     3.8778    -0.0000
  1   0     7.6285     7.0000    -0.6285     2.8331     2.8331    -0.0000
  2   0     5.8521     6.0000     0.1479     3.8683     3.8683     0.0000
  3   0     5.8168     6.0000     0.1832     3.8754     3.8754     0.0000
  4   0     6.0538     6.0000    -0.0538     3.9336     3.9336    -0.0000
  5   0     5.9883     6.0000     0.0117     3.8520     3.8520     0.0000
  6   0     5.8906     6.0000     0.1094     3.8300     3.8300     0.0000
  7   0     6.2015     6.0000    -0.2015     3.8903     3.8903    -0.0000
  8   0     6.0052     6.0000    -0.0052     3.9365     3.9365    -0.0000
  9   0     6.0589     6.0000    -0.0589     3.8701     3.8701    -0.0000
 10   0     6.0049     6.0000    -0.0049     3.8714     3.8714     0.0000
 11   0     6.0925     6.0000    -0.0925     3.9060     3.9060    -0.0000
 12   0     5.7639     6.0000     0.2361     3.8616     3.8616    -0.0000
 13   0     7.3866     7.0000    -0.3866     3.0514     3.0514     0.0000
 14   0     5.7649     6.0000     0.2351     3.8584     3.8584    -0.0000
 15   0     6.0849     6.0000    -0.0849     3.9066     3.9066    -0.0000
 16   0     5.9854     6.0000     0.0146     3.9478     3.9478     0.0000
 17   0     5.9848     6.0000     0.0152     3.7958     3.7958     0.0000
 18   0    17.1471    17.0000    -0.1471     1.0186     1.0186     0.0000
 19   0     5.9803     6.0000     0.0197     3.9892     3.9892    -0.0000
 20   0     6.1892     6.0000    -0.1892     3.8662     3.8662    -0.0000
 21   0     0.9710     1.0000     0.0290     0.9853     0.9853    -0.0000
 22   0     0.9697     1.0000     0.0303     0.9850     0.9850    -0.0000
 23   0     1.0006     1.0000    -0.0006     0.9811     0.9811    -0.0000
 24   0     0.9605     1.0000     0.0395     0.9855     0.9855    -0.0000
 25   0     0.9700     1.0000     0.0300     0.9860     0.9860     0.0000
 26   0     0.9993     1.0000     0.0007     0.9823     0.9823     0.0000
 27   0     0.9808     1.0000     0.0192     0.9849     0.9849     0.0000
 28   0     0.9983     1.0000     0.0017     0.9794     0.9794     0.0000
 29   0     0.9687     1.0000     0.0313     0.9806     0.9806    -0.0000
 30   0     0.9514     1.0000     0.0486     0.9736     0.9736    -0.0000
 31   0     0.9654     1.0000     0.0346     0.9809     0.9809     0.0000
 32   0     0.9710     1.0000     0.0290     0.9858     0.9858     0.0000
 33   0     0.9581     1.0000     0.0419     0.9845     0.9845     0.0000
 34   0     0.9681     1.0000     0.0319     0.9935     0.9935    -0.0000
 35   0     0.9640     1.0000     0.0360     0.9863     0.9863    -0.0000
 36   0     0.9589     1.0000     0.0411     0.9857     0.9857     0.0000
 37   0     0.9819     1.0000     0.0181     0.9951     0.9951    -0.0000
 38   0     0.8521     1.0000     0.1479     0.9816     0.9816     0.0000
 39   0     0.9737     1.0000     0.0263     0.9955     0.9955     0.0000
 40   0     0.9540     1.0000     0.0460     1.0006     1.0006    -0.0000
 41   0     0.9583     1.0000     0.0417     1.0121     1.0121     0.0000
      Bond orders larger than 0.1000000
           Atom A     A.N. of A          Atom B    A.N. of B              Bond order
                0             6               1            7                0.949557
                0             6              21            1                0.991686
                0             6              22            1                0.992190
                0             6              23            1                0.975753
                1             7               2            6                0.939109
                1             7               3            6                0.950128
                2             6              24            1                0.991664
                2             6              25            1                0.991438
                2             6              26            1                0.975086
                3             6               4            6                1.043227
                3             6              27            1                0.976441
                3             6              28            1                0.965739
                4             6               5            6                1.033039
                4             6              29            1                0.966230
                4             6              30            1                0.958111
                5             6               6            6                1.011805
                5             6              31            1                0.957128
                5             6              32            1                0.975732
                6             6               7            6                0.988152
                6             6              20            6                0.950811
                6             6              33            1                0.961467
                7             6               8            6                1.444383
                7             6              12            6                1.395854
                8             6               9            6                1.425896
                8             6              34            1                1.002963
                9             6              10            6                1.403065
                9             6              35            1                1.001088
               10             6              11            6                1.433555
               10             6              36            1                0.997566
               11             6              12            6                1.387545
               11             6              37            1                1.003400
               12             6              13            7                1.023164
               13             7              14            6                1.033203
               13             7              38            1                0.934615
               14             6              15            6                1.386880
               14             6              20            6                1.390634
               15             6              16            6                1.434558
               15             6              39            1                1.001451
               16             6              17            6                1.411620
               16             6              40            1                0.999951
               17             6              18           17                0.934131
               17             6              19            6                1.408539
               19             6              20            6                1.453844
               19             6              41            1                1.003661
# -----------------------------------------------------------
$ Calculation_Info
   description: Details of the calculation
   geom. index: 1
   prop. index: 1
     Multiplicity:                          1
     Charge:                                0
     number of atoms:                       42
     number of electrons:                   0
     number of frozen core electrons:       1
     number of correlated electrons:        0
     number of basis functions:             403
     number of aux C basis functions:       0
     number of aux J basis functions:       0
     number of aux JK basis functions:      0
     number of aux CABS basis functions:    0
     Total Energy                           -1261.515633
# -----------------------------------------------------------
$ SCF_Electric_Properties
   description: The SCF Calculated Electric Properties
   geom. index: 1
   prop. index: 1
       Filename                          : ./ZINC000000000169/ZINC000000000169.scfp 
       Do Dipole Moment Calculation      : true 
       Do Quadrupole Moment Calculation  : false 
       Do Polarizability Calculation     : false 
** Dipole moment part of electric properties **
        Magnitude of dipole moment (Debye) :        2.6466509734
        Electronic Contribution:
                  0    
      0     -24.085471
      1     -22.310884
      2       3.842230
        Nuclear Contribution:
                  0    
      0      23.457577
      1      23.110245
      2      -4.068011
        Total Dipole moment:
                  0    
      0      -0.627894
      1       0.799360
      2      -0.225780
# -------------------------------------------------------------
----------------------- !GEOMETRIES! ------------------------
# -------------------------------------------------------------
------------------------ !GEOMETRY! -------------------------
    Number of atoms:    42 
    Geometry Index:     1 
    Coordinates:
               0 C      5.007718221096    1.047118444044   -1.355738999792
               1 N      3.990831064280    0.084780111951   -0.920980111954
               2 C      3.924244180841   -1.022520423323   -1.877884235788
               3 C      2.692626237678    0.764395474146   -0.766828850928
               4 C      1.637948234892   -0.114455283624   -0.077943821720
               5 C      0.351742370070    0.676998825978    0.192797071283
               6 C     -0.698091573071   -0.079463980779    1.049821591599
               7 C     -1.740329462326    0.933218611481    1.522845167498
               8 C     -1.457801870410    1.812876290430    2.579996225524
               9 C     -2.379117550229    2.794411632855    2.943822173887
              10 C     -3.581007541439    2.913403049020    2.248965273134
              11 C     -3.873405586315    2.038154236184    1.201352813256
              12 C     -2.972928698499    1.026855638177    0.853199312792
              13 N     -3.261360375366    0.135330141256   -0.198348083753
              14 C     -2.564669298421   -1.078892725977   -0.345962942545
              15 C     -3.081826442768   -2.103120819663   -1.146734771113
              16 C     -2.404831726565   -3.318833750058   -1.260926249005
              17 C     -1.204846800814   -3.507604599877   -0.580504986005
              18 Cl    -0.377276905874   -5.010638358302   -0.710087163957
              19 C     -0.660666914703   -2.482943890937    0.191891247226
              20 C     -1.318938816310   -1.246567750861    0.288022155547
              21 H      5.114629211317    1.853935790339   -0.621993829628
              22 H      5.988746328888    0.564537213545   -1.430625363050
              23 H      4.766304138217    1.492859305965   -2.327620269481
              24 H      3.270322675713   -1.822131892745   -1.516748628513
              25 H      4.912378190471   -1.479835812372   -2.005435848659
              26 H      3.568891698824   -0.697476408204   -2.862362604449
              27 H      2.836545757477    1.656716222617   -0.143530739653
              28 H      2.314767654596    1.111758028106   -1.737448008928
              29 H      2.038837199834   -0.497686006049    0.868215470332
              30 H      1.406878036417   -0.970625015296   -0.717153164027
              31 H     -0.091339823017    0.982966885755   -0.764898576131
              32 H      0.635745229687    1.605290765711    0.706368619589
              33 H     -0.218584433840   -0.489230548641    1.949636172834
              34 H     -0.511146568342    1.746401331085    3.110982168166
              35 H     -2.152834486284    3.476175997464    3.759610833604
              36 H     -4.291953376391    3.688526040329    2.522633313368
              37 H     -4.813926201538    2.145094927818    0.668892948907
              38 H     -4.241537305050    0.092388434037   -0.449441642424
              39 H     -4.023200034179   -1.968982032764   -1.672154484585
              40 H     -2.821819523383   -4.113108726906   -1.873746161779
              41 H      0.284284884836   -2.640075371914    0.706046979325
