-------------------------------------------------------------
----------------------- !PROPERTIES! ------------------------
-------------------------------------------------------------
# -----------------------------------------------------------
$ PAL_Flags
   description: The PAL Flags
   geom. index: 1
   prop. index: 1
        Diskflag:     2
# -----------------------------------------------------------
$ SCF_Energy
   description: The SCF energy
   geom. index: 1
   prop. index: 1
        SCF Energy:     -952.6574330636
# -----------------------------------------------------------
$ Mayer_Pop
   description: The Mayer population analysis
   geom. index: 1
   prop. index: 1
     Number of atoms                     : 45
     Threshold for printing              : 0.1000000
     Number of bond orders printed       : 46
  NA   - Mulliken gross atomic population
  ZA   - Total nuclear charge
  QA   - Mulliken gross atomic charge
  VA   - Mayer's total valence
  BVA  - Mayer's bonded valence
  FA   - Mayer's free valence
  ATOM       NA         ZA         QA         VA         BVA        FA
  0   0     5.9532     6.0000     0.0468     3.8538     3.8538    -0.0000
  1   0     6.2526     6.0000    -0.2526     3.9681     3.9681    -0.0000
  2   0     5.9518     6.0000     0.0482     3.8280     3.8280    -0.0000
  3   0     5.9424     6.0000     0.0576     3.8618     3.8618    -0.0000
  4   0     7.5015     7.0000    -0.5015     2.7806     2.7806    -0.0000
  5   0     5.8389     6.0000     0.1611     3.8262     3.8262    -0.0000
  6   0     5.7919     6.0000     0.2081     3.9537     3.9537     0.0000
  7   0     8.4761     8.0000    -0.4761     1.9105     1.9105     0.0000
  8   0     5.7285     6.0000     0.2715     3.7824     3.7824     0.0000
  9   0     8.5750     8.0000    -0.5750     1.8984     1.8984     0.0000
 10   0     5.6372     6.0000     0.3628     3.8984     3.8984    -0.0000
 11   0     6.1806     6.0000    -0.1806     3.8458     3.8458    -0.0000
 12   0     5.9675     6.0000     0.0325     3.8699     3.8699    -0.0000
 13   0     6.1053     6.0000    -0.1053     3.8779     3.8779    -0.0000
 14   0     5.7546     6.0000     0.2454     3.8564     3.8564     0.0000
 15   0     6.3060     6.0000    -0.3060     3.9369     3.9369    -0.0000
 16   0     5.8841     6.0000     0.1159     3.8589     3.8589    -0.0000
 17   0     6.0721     6.0000    -0.0721     3.8596     3.8596     0.0000
 18   0     5.6009     6.0000     0.3991     4.0643     4.0643     0.0000
 19   0     8.4309     8.0000    -0.4309     2.0556     2.0556     0.0000
 20   0     7.3829     7.0000    -0.3829     3.0142     3.0142    -0.0000
 21   0     0.9685     1.0000     0.0315     0.9871     0.9871     0.0000
 22   0     0.9677     1.0000     0.0323     0.9869     0.9869    -0.0000
 23   0     0.9592     1.0000     0.0408     0.9896     0.9896     0.0000
 24   0     0.9697     1.0000     0.0303     0.9874     0.9874     0.0000
 25   0     0.9661     1.0000     0.0339     0.9856     0.9856    -0.0000
 26   0     0.9794     1.0000     0.0206     0.9906     0.9906     0.0000
 27   0     0.9722     1.0000     0.0278     0.9865     0.9865     0.0000
 28   0     0.9613     1.0000     0.0387     0.9910     0.9910    -0.0000
 29   0     0.9799     1.0000     0.0201     0.9885     0.9885    -0.0000
 30   0     0.8699     1.0000     0.1301     0.9712     0.9712    -0.0000
 31   0     0.9850     1.0000     0.0150     0.9750     0.9750     0.0000
 32   0     0.9345     1.0000     0.0655     0.9999     0.9999     0.0000
 33   0     0.9896     1.0000     0.0104     0.9770     0.9770    -0.0000
 34   0     0.7896     1.0000     0.2104     1.0172     1.0172     0.0000
 35   0     0.9696     1.0000     0.0304     0.9790     0.9790    -0.0000
 36   0     0.9443     1.0000     0.0557     0.9853     0.9853     0.0000
 37   0     0.9642     1.0000     0.0358     0.9938     0.9938    -0.0000
 38   0     0.9540     1.0000     0.0460     0.9859     0.9859     0.0000
 39   0     0.9783     1.0000     0.0217     0.9961     0.9961    -0.0000
 40   0     0.9441     1.0000     0.0559     0.9702     0.9702     0.0000
 41   0     0.9332     1.0000     0.0668     0.9827     0.9827     0.0000
 42   0     0.9330     1.0000     0.0670     0.9956     0.9956     0.0000
 43   0     0.9204     1.0000     0.0796     0.9775     0.9775     0.0000
 44   0     0.8321     1.0000     0.1679     0.9927     0.9927     0.0000
      Bond orders larger than 0.1000000
           Atom A     A.N. of A          Atom B    A.N. of B              Bond order
                0             6               1            6                1.006392
                0             6              21            1                0.981487
                0             6              22            1                0.982904
                0             6              23            1                0.981175
                1             6               2            6                0.991670
                1             6               3            6                1.018417
                1             6               4            7                0.912939
                2             6              24            1                0.980929
                2             6              25            1                0.982054
                2             6              26            1                0.980516
                3             6              27            1                0.984469
                3             6              28            1                0.983853
                3             6              29            1                0.981673
                4             7               5            6                0.926786
                4             7              30            1                0.946532
                5             6               6            6                1.030330
                5             6              31            1                0.963905
                5             6              32            1                0.960585
                6             6               7            8                0.952230
                6             6               8            6                1.032278
                6             6              33            1                0.957555
                7             8              34            1                0.946794
                8             6               9            8                0.848778
                8             6              35            1                0.965850
                8             6              36            1                0.972412
                9             8              10            6                1.018999
               10             6              11            6                1.368956
               10             6              15            6                1.473545
               11             6              12            6                1.385226
               11             6              37            1                1.010031
               12             6              13            6                1.440353
               12             6              38            1                0.995748
               13             6              14            6                1.370173
               13             6              39            1                1.008934
               14             6              15            6                1.418344
               14             6              20            7                1.006659
               15             6              16            6                0.949575
               16             6              17            6                1.028513
               16             6              40            1                0.971219
               16             6              41            1                0.955281
               17             6              18            6                0.972317
               17             6              42            1                0.970614
               17             6              43            1                0.957165
               18             6              19            8                2.003429
               18             6              20            7                1.082032
               20             7              44            1                0.925556
# -----------------------------------------------------------
$ Calculation_Info
   description: Details of the calculation
   geom. index: 1
   prop. index: 1
     Multiplicity:                          1
     Charge:                                0
     number of atoms:                       45
     number of electrons:                   0
     number of frozen core electrons:       1
     number of correlated electrons:        0
     number of basis functions:             414
     number of aux C basis functions:       0
     number of aux J basis functions:       0
     number of aux JK basis functions:      0
     number of aux CABS basis functions:    0
     Total Energy                           -952.657433
# -----------------------------------------------------------
$ SCF_Electric_Properties
   description: The SCF Calculated Electric Properties
   geom. index: 1
   prop. index: 1
       Filename                          : ./ZINC000000000128/ZINC000000000128.scfp 
       Do Dipole Moment Calculation      : true 
       Do Quadrupole Moment Calculation  : false 
       Do Polarizability Calculation     : false 
** Dipole moment part of electric properties **
        Magnitude of dipole moment (Debye) :        5.7038149410
        Electronic Contribution:
                  0    
      0     -34.380799
      1      -5.191121
      2      -2.165528
        Nuclear Contribution:
                  0    
      0      36.023003
      1       3.882220
      2       1.374632
        Total Dipole moment:
                  0    
      0       1.642203
      1      -1.308901
      2      -0.790896
# -------------------------------------------------------------
----------------------- !GEOMETRIES! ------------------------
# -------------------------------------------------------------
------------------------ !GEOMETRY! -------------------------
    Number of atoms:    45 
    Geometry Index:     1 
    Coordinates:
               0 C      2.933200497565    2.213823677387    0.542498863905
               1 C      3.811319798380    0.984019862358    0.258707498843
               2 C      4.143822065430    0.910018372239   -1.240528250465
               3 C      5.128099791948    1.139776246839    1.044422602106
               4 N      3.187671543378   -0.261889295800    0.748726375269
               5 C      1.898074016164   -0.618898960471    0.126562522791
               6 C      1.342362710554   -1.878990979371    0.824287045716
               7 O      1.252826840527   -1.626844378908    2.234817700572
               8 C     -0.027004381613   -2.308699973835    0.277803520885
               9 O     -0.910916697896   -1.185550851768    0.231765394076
              10 C     -2.164614155813   -1.374631970341   -0.282943543381
              11 C     -2.678759273831   -2.605787936065   -0.701545941621
              12 C     -3.961588657459   -2.688657362005   -1.250112682954
              13 C     -4.743815120783   -1.543841305791   -1.379782189657
              14 C     -4.246778844094   -0.319110642523   -0.940107574604
              15 C     -2.961551488523   -0.221318083605   -0.388485364293
              16 C     -2.434099190395    1.146213379408   -0.034203446395
              17 C     -3.549395194700    2.080650971388    0.403884336908
              18 C     -4.721768787933    2.046902099870   -0.545379871856
              19 O     -5.426095303180    3.031037933222   -0.759587011797
              20 N     -5.035372247655    0.827201912598   -1.080987090906
              21 H      2.024965563912    2.222085182862   -0.069288776462
              22 H      3.475247303703    3.140732639473    0.320777100338
              23 H      2.632643616463    2.253751941000    1.595925527908
              24 H      4.722625614448    1.785926907554   -1.556273311289
              25 H      3.240449962376    0.881663160353   -1.859087816103
              26 H      4.740833385020    0.020717341241   -1.473414965085
              27 H      5.658815358940    2.052731291265    0.749942582968
              28 H      4.944934530138    1.199564291713    2.124021023189
              29 H      5.805277357007    0.295747026326    0.866447978076
              30 H      3.842686819470   -1.034651857505    0.614185146094
              31 H      2.012217699308   -0.816725325349   -0.943770334705
              32 H      1.190504959909    0.203496481053    0.266069248083
              33 H      2.043166502989   -2.713740537160    0.703171820200
              34 H      1.977098757813   -0.993253129224    2.419260147510
              35 H      0.109639380515   -2.707127649885   -0.734708122862
              36 H     -0.448834348840   -3.077335982138    0.936150330402
              37 H     -2.104674936872   -3.522906857153   -0.619618570536
              38 H     -4.349021245577   -3.650177188658   -1.578126827755
              39 H     -5.737595525079   -1.622189787198   -1.811255197116
              40 H     -1.928058837165    1.554537044874   -0.917932153449
              41 H     -1.697516428833    1.089136577515    0.774989421571
              42 H     -3.168577234242    3.105851448805    0.464148539698
              43 H     -3.922230116449    1.798204618119    1.395928373265
              44 H     -5.900216059020    0.788539647292   -1.604381926835
