-------------------------------------------------------------
----------------------- !PROPERTIES! ------------------------
-------------------------------------------------------------
# -----------------------------------------------------------
$ PAL_Flags
   description: The PAL Flags
   geom. index: 1
   prop. index: 1
        Diskflag:     2
# -----------------------------------------------------------
$ SCF_Energy
   description: The SCF energy
   geom. index: 1
   prop. index: 1
        SCF Energy:    -1225.5051694093
# -----------------------------------------------------------
$ Mayer_Pop
   description: The Mayer population analysis
   geom. index: 1
   prop. index: 1
     Number of atoms                     : 38
     Threshold for printing              : 0.1000000
     Number of bond orders printed       : 40
  NA   - Mulliken gross atomic population
  ZA   - Total nuclear charge
  QA   - Mulliken gross atomic charge
  VA   - Mayer's total valence
  BVA  - Mayer's bonded valence
  FA   - Mayer's free valence
  ATOM       NA         ZA         QA         VA         BVA        FA
  0   0     8.3945     8.0000    -0.3945     2.0744     2.0744     0.0000
  1   0     5.4804     6.0000     0.5196     4.0258     4.0258    -0.0000
  2   0     8.3585     8.0000    -0.3585     2.0586     2.0586    -0.0000
  3   0     6.1707     6.0000    -0.1707     3.6968     3.6968     0.0000
  4   0     6.0234     6.0000    -0.0234     3.9352     3.9352    -0.0000
  5   0     5.8783     6.0000     0.1217     3.8292     3.8292    -0.0000
  6   0     6.1576     6.0000    -0.1576     3.9382     3.9382    -0.0000
  7   0     6.0171     6.0000    -0.0171     3.9438     3.9438    -0.0000
  8   0     6.0758     6.0000    -0.0758     3.8954     3.8954    -0.0000
  9   0     6.1376     6.0000    -0.1376     3.8557     3.8557     0.0000
 10   0     5.9863     6.0000     0.0137     3.8622     3.8622    -0.0000
 11   0     6.0305     6.0000    -0.0305     3.9397     3.9397    -0.0000
 12   0     6.0555     6.0000    -0.0555     3.9343     3.9343    -0.0000
 13   0     6.0309     6.0000    -0.0309     3.9404     3.9404    -0.0000
 14   0     5.9876     6.0000     0.0124     3.8635     3.8635     0.0000
 15   0     5.9628     6.0000     0.0372     3.8947     3.8947     0.0000
 16   0    17.1433    17.0000    -0.1433     1.0539     1.0539    -0.0000
 17   0     5.9539     6.0000     0.0461     3.9792     3.9792     0.0000
 18   0     6.0767     6.0000    -0.0767     3.8020     3.8020     0.0000
 19   0     0.7735     1.0000     0.2265     0.9990     0.9990    -0.0000
 20   0     0.9130     1.0000     0.0870     0.9796     0.9796     0.0000
 21   0     0.9418     1.0000     0.0582     0.9886     0.9886     0.0000
 22   0     0.9440     1.0000     0.0560     0.9693     0.9693     0.0000
 23   0     0.9521     1.0000     0.0479     0.9800     0.9800     0.0000
 24   0     0.9417     1.0000     0.0583     0.9757     0.9757     0.0000
 25   0     0.9720     1.0000     0.0280     1.0000     1.0000    -0.0000
 26   0     0.9562     1.0000     0.0438     1.0003     1.0003     0.0000
 27   0     0.9805     1.0000     0.0195     0.9809     0.9809    -0.0000
 28   0     0.9587     1.0000     0.0413     0.9737     0.9737     0.0000
 29   0     0.9677     1.0000     0.0323     0.9716     0.9716    -0.0000
 30   0     0.9745     1.0000     0.0255     0.9726     0.9726    -0.0000
 31   0     0.9803     1.0000     0.0197     0.9723     0.9723    -0.0000
 32   0     0.9679     1.0000     0.0321     0.9714     0.9714    -0.0000
 33   0     0.9686     1.0000     0.0314     0.9715     0.9715     0.0000
 34   0     0.9747     1.0000     0.0253     0.9727     0.9727     0.0000
 35   0     0.9628     1.0000     0.0372     0.9735     0.9735     0.0000
 36   0     0.9811     1.0000     0.0189     0.9804     0.9804    -0.0000
 37   0     0.9676     1.0000     0.0324     1.0111     1.0111     0.0000
      Bond orders larger than 0.1000000
           Atom A     A.N. of A          Atom B    A.N. of B              Bond order
                0             8               1            6                2.031367
                1             6               2            8                1.125911
                1             6               3            6                0.916945
                2             8              19            1                0.941326
                3             6               4            6                1.038512
                3             6              18            6                0.933646
                3             6              20            1                0.939381
                4             6               5            6                1.022129
                4             6              21            1                0.980113
                4             6              22            1                0.975160
                5             6               6            6                0.964856
                5             6              23            1                0.971840
                5             6              24            1                0.955342
                6             6               7            6                1.469867
                6             6              18            6                1.417462
                7             6               8            6                1.396711
                7             6              25            1                1.006325
                8             6               9            6                0.974492
                8             6              15            6                1.481597
                9             6              10            6                0.994683
                9             6              14            6                0.996004
                9             6              26            1                0.959485
               10             6              11            6                1.033521
               10             6              27            1                0.968043
               10             6              28            1                0.972548
               11             6              12            6                1.027585
               11             6              29            1                0.976764
               11             6              30            1                0.970403
               12             6              13            6                1.027592
               12             6              31            1                0.970576
               12             6              32            1                0.977038
               13             6              14            6                1.034315
               13             6              33            1                0.976785
               13             6              34            1                0.970304
               14             6              35            1                0.972958
               14             6              36            1                0.967398
               15             6              16           17                0.948184
               15             6              17            6                1.408811
               17             6              18            6                1.446467
               17             6              37            1                1.004440
# -----------------------------------------------------------
$ Calculation_Info
   description: Details of the calculation
   geom. index: 1
   prop. index: 1
     Multiplicity:                          1
     Charge:                                0
     number of atoms:                       38
     number of electrons:                   0
     number of frozen core electrons:       1
     number of correlated electrons:        0
     number of basis functions:             365
     number of aux C basis functions:       0
     number of aux J basis functions:       0
     number of aux JK basis functions:      0
     number of aux CABS basis functions:    0
     Total Energy                           -1225.505169
# -----------------------------------------------------------
$ SCF_Electric_Properties
   description: The SCF Calculated Electric Properties
   geom. index: 1
   prop. index: 1
       Filename                          : ./ZINC000000000163/ZINC000000000163.scfp 
       Do Dipole Moment Calculation      : true 
       Do Quadrupole Moment Calculation  : false 
       Do Polarizability Calculation     : false 
** Dipole moment part of electric properties **
        Magnitude of dipole moment (Debye) :        3.0703927791
        Electronic Contribution:
                  0    
      0      21.041065
      1      -5.689218
      2      16.186382
        Nuclear Contribution:
                  0    
      0     -20.811977
      1       6.611302
      2     -16.932338
        Total Dipole moment:
                  0    
      0       0.229088
      1       0.922084
      2      -0.745956
# -------------------------------------------------------------
----------------------- !GEOMETRIES! ------------------------
# -------------------------------------------------------------
------------------------ !GEOMETRY! -------------------------
    Number of atoms:    38 
    Geometry Index:     1 
    Coordinates:
               0 O      4.432165203325   -1.665281152168    0.319465928275
               1 C      4.725559313359   -0.483642445146    0.249126876646
               2 O      5.989097837440   -0.129217915386   -0.071769338944
               3 C      3.846529014033    0.714763507424    0.538275906090
               4 C      3.727939218504    1.653856356996   -0.680829681784
               5 C      2.472854345622    1.221657706321   -1.455120374002
               6 C      1.626124994794    0.668665110484   -0.353473694307
               7 C      0.265050998048    0.407504801927   -0.376429506965
               8 C     -0.360405434459   -0.152655960227    0.758275483269
               9 C     -1.859623309049   -0.430801167207    0.719587245210
              10 C     -2.212923415140   -1.494547453029   -0.336736993940
              11 C     -3.714663310994   -1.775252348435   -0.365895499382
              12 C     -4.523034850766   -0.497638108995   -0.572741010883
              13 C     -4.178246497761    0.563122770763    0.468649021623
              14 C     -2.678725366197    0.855554825433    0.499875041414
              15 C      0.441006583232   -0.445889750625    1.889739848957
              16 Cl    -0.212991622448   -1.140975903341    3.334175045161
              17 C      1.819539505906   -0.187824628399    1.894356964449
              18 C      2.399221862216    0.369906524946    0.767692656630
              19 H      6.444515794429   -0.988469408689   -0.200645639296
              20 H      4.255425715620    1.247672477216    1.403918820908
              21 H      4.611791878887    1.664336681406   -1.326669841618
              22 H      3.582692959129    2.682480585166   -0.320827776322
              23 H      2.003192749076    2.071505870169   -1.958205112509
              24 H      2.706055525487    0.436620581520   -2.181808208334
              25 H     -0.305665077309    0.635123336516   -1.272933557725
              26 H     -2.184388596128   -0.834895739764    1.684239094999
              27 H     -1.896313194910   -1.170456813053   -1.336009358174
              28 H     -1.674223185930   -2.426615338692   -0.125305837990
              29 H     -3.940167539355   -2.487655371008   -1.167476424871
              30 H     -4.015578384267   -2.249504494612    0.576380200472
              31 H     -4.326618098680   -0.100566494750   -1.576300744755
              32 H     -5.593411056018   -0.727239981177   -0.524017823293
              33 H     -4.728428773332    1.485525346241    0.251002832348
              34 H     -4.504749077807    0.222963146854    1.459104059180
              35 H     -2.466211441087    1.576212057590    1.299311221079
              36 H     -2.397400951223    1.341889064152   -0.442319892997
              37 H      2.425005683755   -0.430230276423    2.762747250927
