-------------------------------------------------------------
----------------------- !PROPERTIES! ------------------------
-------------------------------------------------------------
# -----------------------------------------------------------
$ PAL_Flags
   description: The PAL Flags
   geom. index: 1
   prop. index: 1
        Diskflag:     2
# -----------------------------------------------------------
$ SCF_Energy
   description: The SCF energy
   geom. index: 1
   prop. index: 1
        SCF Energy:     -976.5291131919
# -----------------------------------------------------------
$ Mayer_Pop
   description: The Mayer population analysis
   geom. index: 1
   prop. index: 1
     Number of atoms                     : 50
     Threshold for printing              : 0.1000000
     Number of bond orders printed       : 53
  NA   - Mulliken gross atomic population
  ZA   - Total nuclear charge
  QA   - Mulliken gross atomic charge
  VA   - Mayer's total valence
  BVA  - Mayer's bonded valence
  FA   - Mayer's free valence
  ATOM       NA         ZA         QA         VA         BVA        FA
  0   0     8.4158     8.0000    -0.4158     2.0457     2.0457     0.0000
  1   0     5.3278     6.0000     0.6722     3.8288     3.8288    -0.0000
  2   0     8.5675     8.0000    -0.5675     1.8921     1.8921    -0.0000
  3   0     5.6901     6.0000     0.3099     3.7959     3.7959    -0.0000
  4   0     5.8738     6.0000     0.1262     3.8929     3.8929     0.0000
  5   0     7.6773     7.0000    -0.6773     2.7831     2.7831    -0.0000
  6   0     5.8132     6.0000     0.1868     3.8677     3.8677     0.0000
  7   0     6.0725     6.0000    -0.0725     3.9970     3.9970     0.0000
  8   0     6.0567     6.0000    -0.0567     3.9923     3.9923    -0.0000
  9   0     5.8149     6.0000     0.1851     3.8752     3.8752     0.0000
 10   0     6.4213     6.0000    -0.4213     3.5867     3.5867     0.0000
 11   0     6.0659     6.0000    -0.0659     3.7979     3.7979     0.0000
 12   0     6.0122     6.0000    -0.0122     3.9218     3.9218    -0.0000
 13   0     6.0372     6.0000    -0.0372     3.8847     3.8847     0.0000
 14   0     6.0318     6.0000    -0.0318     3.8583     3.8583    -0.0000
 15   0     6.0324     6.0000    -0.0324     3.8832     3.8832    -0.0000
 16   0     6.0118     6.0000    -0.0118     3.8952     3.8952     0.0000
 17   0     5.7757     6.0000     0.2243     3.7271     3.7271     0.0000
 18   0     6.2995     6.0000    -0.2995     3.8515     3.8515     0.0000
 19   0     5.9543     6.0000     0.0457     3.8621     3.8621     0.0000
 20   0     5.9111     6.0000     0.0889     3.8565     3.8565    -0.0000
 21   0     6.1866     6.0000    -0.1866     3.7671     3.7671     0.0000
 22   0     5.9235     6.0000     0.0765     3.7357     3.7357    -0.0000
 23   0     0.9629     1.0000     0.0371     0.9914     0.9914     0.0000
 24   0     0.9391     1.0000     0.0609     0.9971     0.9971     0.0000
 25   0     0.9898     1.0000     0.0102     0.9821     0.9821    -0.0000
 26   0     0.9525     1.0000     0.0475     0.9993     0.9993    -0.0000
 27   0     0.9646     1.0000     0.0354     0.9751     0.9751     0.0000
 28   0     0.9955     1.0000     0.0045     0.9754     0.9754     0.0000
 29   0     0.9673     1.0000     0.0327     0.9715     0.9715    -0.0000
 30   0     0.9612     1.0000     0.0388     0.9703     0.9703    -0.0000
 31   0     0.9599     1.0000     0.0401     0.9705     0.9705     0.0000
 32   0     0.9680     1.0000     0.0320     0.9722     0.9722    -0.0000
 33   0     0.9967     1.0000     0.0033     0.9742     0.9742    -0.0000
 34   0     0.9621     1.0000     0.0379     0.9794     0.9794    -0.0000
 35   0     0.9569     1.0000     0.0431     0.9932     0.9932    -0.0000
 36   0     0.9619     1.0000     0.0381     0.9860     0.9860    -0.0000
 37   0     0.9601     1.0000     0.0399     0.9854     0.9854    -0.0000
 38   0     0.9600     1.0000     0.0400     0.9860     0.9860    -0.0000
 39   0     0.9521     1.0000     0.0479     0.9927     0.9927     0.0000
 40   0     0.9653     1.0000     0.0347     0.9891     0.9891    -0.0000
 41   0     0.9508     1.0000     0.0492     0.9925     0.9925    -0.0000
 42   0     0.9735     1.0000     0.0265     0.9809     0.9809     0.0000
 43   0     0.9728     1.0000     0.0272     0.9791     0.9791     0.0000
 44   0     0.9699     1.0000     0.0301     0.9720     0.9720    -0.0000
 45   0     0.9660     1.0000     0.0340     0.9730     0.9730    -0.0000
 46   0     0.9540     1.0000     0.0460     0.9849     0.9849     0.0000
 47   0     0.9465     1.0000     0.0535     0.9941     0.9941     0.0000
 48   0     0.9563     1.0000     0.0437     0.9946     0.9946     0.0000
 49   0     0.9611     1.0000     0.0389     0.9805     0.9805    -0.0000
      Bond orders larger than 0.1000000
           Atom A     A.N. of A          Atom B    A.N. of B              Bond order
                0             8               1            6                1.955484
                1             6               2            8                1.073482
                1             6              10            6                0.880809
                2             8               3            6                0.797560
                3             6               4            6                1.046046
                3             6              23            1                0.980747
                3             6              24            1                0.970349
                4             6               5            7                0.939887
                4             6              25            1                0.964852
                4             6              26            1                0.974336
                5             7               6            6                0.917878
                5             7               9            6                0.920831
                6             6               7            6                1.063838
                6             6              27            1                0.974361
                6             6              28            1                0.964500
                7             6               8            6                1.036231
                7             6              29            1                0.974178
                7             6              30            1                0.970164
                8             6               9            6                1.062680
                8             6              31            1                0.967686
                8             6              32            1                0.976556
                9             6              33            1                0.964186
                9             6              34            1                0.976102
               10             6              11            6                0.946795
               10             6              17            6                0.962701
               10             6              21            6                0.959416
               11             6              12            6                1.437385
               11             6              16            6                1.417926
               12             6              13            6                1.424289
               12             6              35            1                0.996531
               13             6              14            6                1.415595
               13             6              36            1                0.998099
               14             6              15            6                1.407496
               14             6              37            1                0.999701
               15             6              16            6                1.432434
               15             6              38            1                0.999379
               16             6              39            1                0.998479
               17             6              18            6                0.996935
               17             6              40            1                0.960964
               17             6              41            1                0.968757
               18             6              19            6                0.990109
               18             6              22            6                0.958811
               18             6              42            1                0.981869
               19             6              20            6                1.031264
               19             6              43            1                0.968322
               19             6              44            1                0.971860
               20             6              21            6                1.007780
               20             6              45            1                0.972631
               20             6              46            1                0.961282
               21             6              22            6                0.974552
               21             6              47            1                0.965284
               22             6              48            1                0.983140
               22             6              49            1                0.983592
# -----------------------------------------------------------
$ Calculation_Info
   description: Details of the calculation
   geom. index: 1
   prop. index: 1
     Multiplicity:                          1
     Charge:                                0
     number of atoms:                       50
     number of electrons:                   0
     number of frozen core electrons:       1
     number of correlated electrons:        0
     number of basis functions:             457
     number of aux C basis functions:       0
     number of aux J basis functions:       0
     number of aux JK basis functions:      0
     number of aux CABS basis functions:    0
     Total Energy                           -976.529113
# -----------------------------------------------------------
$ SCF_Electric_Properties
   description: The SCF Calculated Electric Properties
   geom. index: 1
   prop. index: 1
       Filename                          : ./ZINC000000000086/ZINC000000000086.scfp 
       Do Dipole Moment Calculation      : true 
       Do Quadrupole Moment Calculation  : false 
       Do Polarizability Calculation     : false 
** Dipole moment part of electric properties **
        Magnitude of dipole moment (Debye) :        2.2812458016
        Electronic Contribution:
                  0    
      0     -12.968614
      1      -8.447926
      2      -3.284412
        Nuclear Contribution:
                  0    
      0      12.983920
      1       8.667089
      2       4.154600
        Total Dipole moment:
                  0    
      0       0.015306
      1       0.219163
      2       0.870188
# -------------------------------------------------------------
----------------------- !GEOMETRIES! ------------------------
# -------------------------------------------------------------
------------------------ !GEOMETRY! -------------------------
    Number of atoms:    50 
    Geometry Index:     1 
    Coordinates:
               0 O      0.158433985030   -0.262765406360   -1.830929948210
               1 C     -0.355761125542   -0.207850566847   -0.720421428419
               2 O      0.277322749547   -0.552705607842    0.439697595141
               3 C      1.627512816531   -1.032839045836    0.302303404943
               4 C      2.610939236757    0.144804894615    0.227945729111
               5 N      4.017985118917   -0.268831337403    0.206073470302
               6 C      4.481143643741   -0.843095619866    1.470874232385
               7 C      5.998553336360   -0.776096007453    1.359037562036
               8 C      6.278462020725    0.298106088069    0.314683219232
               9 C      4.913814571708    0.863209152792   -0.042093949300
              10 C     -1.814945735792    0.230026650225   -0.443949066542
              11 C     -2.613398160452   -1.036292222684   -0.113982822486
              12 C     -2.823307001552   -1.459164791305    1.209220126566
              13 C     -3.524181688343   -2.635913297314    1.488950642690
              14 C     -4.011166301008   -3.424513302827    0.451506108291
              15 C     -3.785618847055   -3.044347899433   -0.867061880057
              16 C     -3.085269441233   -1.868438097662   -1.146829669632
              17 C     -1.834461758878    1.369675442379    0.634261716684
              18 C     -2.313523249984    2.617730027235   -0.135977907443
              19 C     -3.814198000294    2.474824052891   -0.424924941580
              20 C     -3.846103311768    1.403269333898   -1.519752566076
              21 C     -2.356762211301    1.027344333893   -1.689692064807
              22 C     -1.702088394901    2.404432624629   -1.512958186287
              23 H      1.820622823567   -1.641425345245    1.191562296821
              24 H      1.720632505143   -1.695980887409   -0.566361157368
              25 H      2.412259253145    0.837457970134    1.056972166309
              26 H      2.390196909284    0.711445347111   -0.685568583078
              27 H      4.142891794848   -1.874546414177    1.609259151303
              28 H      4.148931429598   -0.248174511132    2.331194693605
              29 H      6.456113657477   -0.529279133090    2.322672684095
              30 H      6.411302163277   -1.735594501240    1.026756647218
              31 H      6.750533188523   -0.155707427768   -0.564913934419
              32 H      6.952139361662    1.072273000936    0.695214581986
              33 H      4.680476834370    1.715027347592    0.609693267572
              34 H      4.877766121927    1.198500833785   -1.083439552923
              35 H     -2.427797455457   -0.894532067333    2.049677829650
              36 H     -3.679518401868   -2.941107144799    2.520647308419
              37 H     -4.552675978444   -4.340786871948    0.670040155062
              38 H     -4.147126168095   -3.666309380757   -1.681956765598
              39 H     -2.907167113515   -1.614896699211   -2.190219051552
              40 H     -2.502592067992    1.182175775662    1.479305829319
              41 H     -0.835400103149    1.566821741992    1.039938871861
              42 H     -2.053593103846    3.557384362901    0.355677836339
              43 H     -4.387487626833    2.178579222122    0.459193107599
              44 H     -4.232321103037    3.414154932520   -0.803808880026
              45 H     -4.235812530080    1.834686252932   -2.449669476888
              46 H     -4.494591025841    0.565715866647   -1.252671064601
              47 H     -2.144465641873    0.562939369243   -2.656420659763
              48 H     -0.608231148719    2.381969196256   -1.501941844596
              49 H     -2.038468825291    3.138639766467   -2.253190909352
