-------------------------------------------------------------
----------------------- !PROPERTIES! ------------------------
-------------------------------------------------------------
# -----------------------------------------------------------
$ PAL_Flags
   description: The PAL Flags
   geom. index: 1
   prop. index: 1
        Diskflag:     2
# -----------------------------------------------------------
$ SCF_Energy
   description: The SCF energy
   geom. index: 1
   prop. index: 1
        SCF Energy:     -916.5394851811
# -----------------------------------------------------------
$ Mayer_Pop
   description: The Mayer population analysis
   geom. index: 1
   prop. index: 1
     Number of atoms                     : 46
     Threshold for printing              : 0.1000000
     Number of bond orders printed       : 47
  NA   - Mulliken gross atomic population
  ZA   - Total nuclear charge
  QA   - Mulliken gross atomic charge
  VA   - Mayer's total valence
  BVA  - Mayer's bonded valence
  FA   - Mayer's free valence
  ATOM       NA         ZA         QA         VA         BVA        FA
  0   0     5.9831     6.0000     0.0169     3.8835     3.8835    -0.0000
  1   0     5.9715     6.0000     0.0285     3.8977     3.8977    -0.0000
  2   0     5.8686     6.0000     0.1314     3.7688     3.7688     0.0000
  3   0     6.2782     6.0000    -0.2782     3.6039     3.6039    -0.0000
  4   0     5.5148     6.0000     0.4852     4.0043     4.0043     0.0000
  5   0     7.2925     7.0000    -0.2925     3.0636     3.0636     0.0000
  6   0     8.4241     8.0000    -0.4241     2.0539     2.0539     0.0000
  7   0     6.0923     6.0000    -0.0923     3.7841     3.7841    -0.0000
  8   0     6.0188     6.0000    -0.0188     3.8983     3.8983     0.0000
  9   0     6.0344     6.0000    -0.0344     3.8873     3.8873     0.0000
 10   0     6.0336     6.0000    -0.0336     3.8537     3.8537     0.0000
 11   0     6.0257     6.0000    -0.0257     3.8773     3.8773    -0.0000
 12   0     6.0317     6.0000    -0.0317     3.9188     3.9188    -0.0000
 13   0     6.0987     6.0000    -0.0987     3.7758     3.7758     0.0000
 14   0     6.0541     6.0000    -0.0541     3.8904     3.8904     0.0000
 15   0     6.0278     6.0000    -0.0278     3.8789     3.8789     0.0000
 16   0     6.0313     6.0000    -0.0313     3.8543     3.8543    -0.0000
 17   0     6.0303     6.0000    -0.0303     3.8896     3.8896     0.0000
 18   0     6.0319     6.0000    -0.0319     3.9152     3.9152     0.0000
 19   0     7.6317     7.0000    -0.6317     2.8273     2.8273     0.0000
 20   0     5.8355     6.0000     0.1645     3.8787     3.8787     0.0000
 21   0     5.8359     6.0000     0.1641     3.8714     3.8714     0.0000
 22   0     0.9754     1.0000     0.0246     0.9842     0.9842     0.0000
 23   0     0.9461     1.0000     0.0539     0.9744     0.9744    -0.0000
 24   0     0.9865     1.0000     0.0135     0.9871     0.9871    -0.0000
 25   0     0.9462     1.0000     0.0538     1.0031     1.0031    -0.0000
 26   0     0.9737     1.0000     0.0263     0.9871     0.9871    -0.0000
 27   0     0.9371     1.0000     0.0629     1.0095     1.0095     0.0000
 28   0     0.8375     1.0000     0.1625     0.9986     0.9986    -0.0000
 29   0     0.8360     1.0000     0.1640     0.9921     0.9921     0.0000
 30   0     0.9521     1.0000     0.0479     0.9939     0.9939    -0.0000
 31   0     0.9587     1.0000     0.0413     0.9858     0.9858     0.0000
 32   0     0.9589     1.0000     0.0411     0.9854     0.9854    -0.0000
 33   0     0.9589     1.0000     0.0411     0.9865     0.9865    -0.0000
 34   0     0.9409     1.0000     0.0591     1.0015     1.0015    -0.0000
 35   0     0.9356     1.0000     0.0644     0.9910     0.9910    -0.0000
 36   0     0.9573     1.0000     0.0427     0.9860     0.9860     0.0000
 37   0     0.9571     1.0000     0.0429     0.9854     0.9854     0.0000
 38   0     0.9560     1.0000     0.0440     0.9859     0.9859     0.0000
 39   0     0.9487     1.0000     0.0513     0.9959     0.9959     0.0000
 40   0     0.9771     1.0000     0.0229     0.9848     0.9848     0.0000
 41   0     1.0069     1.0000    -0.0069     0.9766     0.9766    -0.0000
 42   0     0.9591     1.0000     0.0409     0.9866     0.9866     0.0000
 43   0     0.9972     1.0000     0.0028     0.9781     0.9781     0.0000
 44   0     0.9720     1.0000     0.0280     0.9841     0.9841    -0.0000
 45   0     0.9787     1.0000     0.0213     0.9878     0.9878    -0.0000
      Bond orders larger than 0.1000000
           Atom A     A.N. of A          Atom B    A.N. of B              Bond order
                0             6               1            6                1.014163
                0             6              22            1                0.983838
                0             6              23            1                0.979257
                0             6              24            1                0.973369
                1             6               2            6                0.995244
                1             6              19            7                0.948152
                1             6              25            1                0.966916
                2             6               3            6                1.028302
                2             6              26            1                0.962190
                2             6              27            1                0.952363
                3             6               4            6                0.877566
                3             6               7            6                0.929670
                3             6              13            6                0.946308
                4             6               5            7                1.172988
                4             6               6            8                1.985955
                5             7              28            1                0.951455
                5             7              29            1                0.943219
                7             6               8            6                1.410317
                7             6              12            6                1.465943
                8             6               9            6                1.450005
                8             6              30            1                1.001824
                9             6              10            6                1.392409
                9             6              31            1                1.000590
               10             6              11            6                1.426104
               10             6              32            1                1.000087
               11             6              12            6                1.409602
               11             6              33            1                0.997279
               12             6              34            1                0.986337
               13             6              14            6                1.427715
               13             6              18            6                1.423444
               14             6              15            6                1.426267
               14             6              35            1                0.995677
               15             6              16            6                1.409037
               15             6              36            1                1.000021
               16             6              17            6                1.412198
               16             6              37            1                0.999911
               17             6              18            6                1.432257
               17             6              38            1                0.998182
               18             6              39            1                1.000151
               19             7              20            6                0.952559
               19             7              21            6                0.943924
               20             6              40            1                0.991125
               20             6              41            1                0.974759
               20             6              42            1                0.991367
               21             6              43            1                0.974296
               21             6              44            1                0.990749
               21             6              45            1                0.991737
# -----------------------------------------------------------
$ Calculation_Info
   description: Details of the calculation
   geom. index: 1
   prop. index: 1
     Multiplicity:                          1
     Charge:                                0
     number of atoms:                       46
     number of electrons:                   0
     number of frozen core electrons:       1
     number of correlated electrons:        0
     number of basis functions:             428
     number of aux C basis functions:       0
     number of aux J basis functions:       0
     number of aux JK basis functions:      0
     number of aux CABS basis functions:    0
     Total Energy                           -916.539485
# -----------------------------------------------------------
$ SCF_Electric_Properties
   description: The SCF Calculated Electric Properties
   geom. index: 1
   prop. index: 1
       Filename                          : ./ZINC000000000030/ZINC000000000030.scfp 
       Do Dipole Moment Calculation      : true 
       Do Quadrupole Moment Calculation  : false 
       Do Polarizability Calculation     : false 
** Dipole moment part of electric properties **
        Magnitude of dipole moment (Debye) :        3.6972533607
        Electronic Contribution:
                  0    
      0     -17.430335
      1      -3.256962
      2       6.578872
        Nuclear Contribution:
                  0    
      0      16.076245
      1       3.521189
      2      -7.039777
        Total Dipole moment:
                  0    
      0      -1.354090
      1       0.264228
      2      -0.460904
# -------------------------------------------------------------
----------------------- !GEOMETRIES! ------------------------
# -------------------------------------------------------------
------------------------ !GEOMETRY! -------------------------
    Number of atoms:    46 
    Geometry Index:     1 
    Coordinates:
               0 C      2.118553975317    1.590500268341   -0.591128204129
               1 C      2.062852988726    0.203796482783    0.069066314310
               2 C      0.795664578237   -0.625120761229   -0.313152130668
               3 C     -0.552558812032   -0.393468747224    0.479534261554
               4 C     -0.350927423562   -0.902396127289    1.957055733722
               5 N     -1.465010753398   -0.985889331703    2.754687656033
               6 O      0.731864422127   -1.195873322846    2.459333986034
               7 C     -0.914805851672    1.114899915999    0.407665766461
               8 C     -1.246027274527    1.699028044215   -0.836136848805
               9 C     -1.584076189726    3.050132975888   -0.937451681548
              10 C     -1.589117972032    3.852080755430    0.198741318667
              11 C     -1.251439479809    3.304700098870    1.433233835083
              12 C     -0.913725240000    1.951610187149    1.538054915621
              13 C     -1.694630546949   -1.290168023975   -0.139094503610
              14 C     -3.039114645188   -0.857868336974   -0.170511092345
              15 C     -4.057070557586   -1.669281809862   -0.679776300742
              16 C     -3.762990151248   -2.942194183490   -1.153371881724
              17 C     -2.453471146544   -3.406947992084   -1.107690447561
              18 C     -1.433497900400   -2.595725618166   -0.599313377324
              19 N      3.257341673741   -0.621936961142   -0.261743923904
              20 C      4.425826196756   -0.251218510682    0.534721574308
              21 C      3.592366301604   -0.685600883081   -1.681728386905
              22 H      3.111946456485    2.042688591246   -0.502646367408
              23 H      1.441011896455    2.292198141559   -0.103090836016
              24 H      1.862528641727    1.548009106848   -1.654877697440
              25 H      2.054532119887    0.358387921737    1.153028062839
              26 H      0.609654994153   -0.514146113386   -1.390674552030
              27 H      1.073953422487   -1.677790565291   -0.168683379593
              28 H     -1.318840205148   -1.430131843187    3.651987188027
              29 H     -2.381351335347   -1.091096466102    2.339825964769
              30 H     -1.248062072747    1.095410047481   -1.742912647279
              31 H     -1.839976191795    3.474364679913   -1.904865140597
              32 H     -1.848548940945    4.904588105079    0.122241043531
              33 H     -1.243418029692    3.933018689215    2.320660311609
              34 H     -0.639328173777    1.578082538436    2.522203710008
              35 H     -3.322809676797    0.123386855198    0.206909629738
              36 H     -5.080838296174   -1.304025981234   -0.702625922441
              37 H     -4.553063134024   -3.574546247794   -1.549246916186
              38 H     -2.220355594192   -4.408210595144   -1.462257003058
              39 H     -0.434561534826   -3.023037611077   -0.561236742878
              40 H      5.243870762745   -0.960742116857    0.365652258467
              41 H      4.795180605857    0.752447251556    0.300666498629
              42 H      4.197392148048   -0.295664310918    1.605358139390
              43 H      3.956856997478    0.270097031999   -2.073498449893
              44 H      4.374730248530   -1.434464099521   -1.850823918827
              45 H      2.733488699777   -1.001881128683   -2.282089815887
