-------------------------------------------------------------
----------------------- !PROPERTIES! ------------------------
-------------------------------------------------------------
# -----------------------------------------------------------
$ PAL_Flags
   description: The PAL Flags
   geom. index: 1
   prop. index: 1
        Diskflag:     2
# -----------------------------------------------------------
$ SCF_Energy
   description: The SCF energy
   geom. index: 1
   prop. index: 1
        SCF Energy:     -897.5984264359
# -----------------------------------------------------------
$ Mayer_Pop
   description: The Mayer population analysis
   geom. index: 1
   prop. index: 1
     Number of atoms                     : 43
     Threshold for printing              : 0.1000000
     Number of bond orders printed       : 43
  NA   - Mulliken gross atomic population
  ZA   - Total nuclear charge
  QA   - Mulliken gross atomic charge
  VA   - Mayer's total valence
  BVA  - Mayer's bonded valence
  FA   - Mayer's free valence
  ATOM       NA         ZA         QA         VA         BVA        FA
  0   0     6.0824     6.0000    -0.0824     3.9597     3.9597    -0.0000
  1   0     6.1121     6.0000    -0.1121     3.9377     3.9377     0.0000
  2   0     5.8888     6.0000     0.1112     3.8719     3.8719     0.0000
  3   0     6.1611     6.0000    -0.1611     3.8252     3.8252     0.0000
  4   0     6.0174     6.0000    -0.0174     3.9000     3.9000     0.0000
  5   0     6.1243     6.0000    -0.1243     3.8573     3.8573     0.0000
  6   0     5.7116     6.0000     0.2884     3.7956     3.7956    -0.0000
  7   0     8.5255     8.0000    -0.5255     1.9193     1.9193     0.0000
  8   0     5.7581     6.0000     0.2419     3.7993     3.7993    -0.0000
  9   0     5.5289     6.0000     0.4711     3.9658     3.9658     0.0000
 10   0     8.4353     8.0000    -0.4353     2.0478     2.0478    -0.0000
 11   0     7.6810     7.0000    -0.6810     2.8055     2.8055     0.0000
 12   0     5.8552     6.0000     0.1448     3.8852     3.8852    -0.0000
 13   0     6.0352     6.0000    -0.0352     3.9592     3.9592    -0.0000
 14   0     5.8765     6.0000     0.1235     3.9093     3.9093    -0.0000
 15   0     6.0179     6.0000    -0.0179     3.9361     3.9361    -0.0000
 16   0     5.6873     6.0000     0.3127     3.8338     3.8338    -0.0000
 17   0     8.5395     8.0000    -0.5395     1.9179     1.9179     0.0000
 18   0     5.7710     6.0000     0.2290     3.8437     3.8437     0.0000
 19   0     6.1036     6.0000    -0.1036     3.8661     3.8661    -0.0000
 20   0     0.9556     1.0000     0.0444     0.9853     0.9853     0.0000
 21   0     0.9455     1.0000     0.0545     0.9772     0.9772     0.0000
 22   0     0.9536     1.0000     0.0464     0.9879     0.9879     0.0000
 23   0     0.9602     1.0000     0.0398     0.9852     0.9852    -0.0000
 24   0     0.9562     1.0000     0.0438     0.9794     0.9794    -0.0000
 25   0     0.9752     1.0000     0.0248     0.9943     0.9943    -0.0000
 26   0     0.9695     1.0000     0.0305     0.9941     0.9941     0.0000
 27   0     0.9411     1.0000     0.0589     0.9788     0.9788    -0.0000
 28   0     0.9497     1.0000     0.0503     0.9873     0.9873     0.0000
 29   0     0.9737     1.0000     0.0263     0.9767     0.9767     0.0000
 30   0     0.9324     1.0000     0.0676     0.9955     0.9955     0.0000
 31   0     0.9445     1.0000     0.0555     0.9908     0.9908     0.0000
 32   0     0.9851     1.0000     0.0149     0.9827     0.9827     0.0000
 33   0     0.9695     1.0000     0.0305     0.9811     0.9811    -0.0000
 34   0     0.9645     1.0000     0.0355     0.9834     0.9834    -0.0000
 35   0     0.9554     1.0000     0.0446     0.9777     0.9777    -0.0000
 36   0     0.9680     1.0000     0.0320     0.9922     0.9922    -0.0000
 37   0     0.9660     1.0000     0.0340     0.9801     0.9801    -0.0000
 38   0     0.9621     1.0000     0.0379     0.9874     0.9874    -0.0000
 39   0     0.9723     1.0000     0.0277     0.9791     0.9791    -0.0000
 40   0     0.9448     1.0000     0.0552     0.9864     0.9864     0.0000
 41   0     0.9697     1.0000     0.0303     0.9791     0.9791     0.0000
 42   0     0.9727     1.0000     0.0273     1.0111     1.0111     0.0000
      Bond orders larger than 0.1000000
           Atom A     A.N. of A          Atom B    A.N. of B              Bond order
                0             6               1            6                2.000685
                0             6              20            1                0.980350
                0             6              21            1                0.976460
                1             6               2            6                0.998060
                1             6              22            1                0.974862
                2             6               3            6                1.000439
                2             6              23            1                0.978191
                2             6              24            1                0.969545
                3             6               4            6                1.468754
                3             6              19            6                1.345682
                4             6               5            6                1.361818
                4             6              25            1                1.002069
                5             6               6            6                1.404593
                5             6              26            1                1.010323
                6             6               7            8                1.001683
                6             6              16            6                1.368803
                7             8               8            6                0.906366
                8             6               9            6                0.964885
                8             6              27            1                0.959891
                8             6              28            1                0.964337
                9             6              10            8                1.952787
                9             6              11            7                1.077154
               11             7              12            6                0.865692
               11             7              14            6                0.888099
               12             6              13            6                1.051778
               12             6              29            1                0.981090
               12             6              30            1                0.970654
               13             6              31            1                0.982682
               13             6              32            1                0.981014
               13             6              33            1                0.986340
               14             6              15            6                1.046796
               14             6              34            1                0.976134
               14             6              35            1                0.975276
               15             6              36            1                0.979287
               15             6              37            1                0.983603
               15             6              38            1                0.980343
               16             6              17            8                1.021733
               16             6              19            6                1.417591
               17             8              18            6                0.873993
               18             6              39            1                0.983875
               18             6              40            1                0.992112
               18             6              41            1                0.984034
               19             6              42            1                1.009837
# -----------------------------------------------------------
$ Calculation_Info
   description: Details of the calculation
   geom. index: 1
   prop. index: 1
     Multiplicity:                          1
     Charge:                                0
     number of atoms:                       43
     number of electrons:                   0
     number of frozen core electrons:       1
     number of correlated electrons:        0
     number of basis functions:             395
     number of aux C basis functions:       0
     number of aux J basis functions:       0
     number of aux JK basis functions:      0
     number of aux CABS basis functions:    0
     Total Energy                           -897.598426
# -----------------------------------------------------------
$ SCF_Electric_Properties
   description: The SCF Calculated Electric Properties
   geom. index: 1
   prop. index: 1
       Filename                          : ./ZINC000000000007/ZINC000000000007.scfp 
       Do Dipole Moment Calculation      : true 
       Do Quadrupole Moment Calculation  : false 
       Do Polarizability Calculation     : false 
** Dipole moment part of electric properties **
        Magnitude of dipole moment (Debye) :        4.4340275007
        Electronic Contribution:
                  0    
      0      -8.497743
      1      -5.631769
      2       3.485156
        Nuclear Contribution:
                  0    
      0       8.437401
      1       7.140005
      2      -4.359612
        Total Dipole moment:
                  0    
      0      -0.060342
      1       1.508236
      2      -0.874456
# -------------------------------------------------------------
----------------------- !GEOMETRIES! ------------------------
# -------------------------------------------------------------
------------------------ !GEOMETRY! -------------------------
    Number of atoms:    43 
    Geometry Index:     1 
    Coordinates:
               0 C     -6.189026801146    2.059280679153    2.181500124822
               1 C     -5.219839337234    2.252984637861    1.277172239098
               2 C     -4.973761787943    1.361297894683    0.093086925400
               3 C     -3.581229425297    0.775429390490    0.096512476167
               4 C     -2.572819077773    1.327241673483   -0.699619732697
               5 C     -1.283027993951    0.789144486257   -0.686738988684
               6 C     -0.979323137138   -0.306366868615    0.128655286765
               7 O      0.256353224383   -0.901702260678    0.203440321780
               8 C      1.315814721546   -0.326325358470   -0.546529294988
               9 C      2.640525309799   -1.080130926435   -0.344807658550
              10 O      2.697461936575   -2.142019372319    0.278599060465
              11 N      3.786571268511   -0.510390753148   -0.913600249585
              12 C      5.061973635441   -1.204084573537   -0.728824847655
              13 C      5.309255256754   -2.229935887466   -1.823941499538
              14 C      3.804590228013    0.722482967885   -1.702150038405
              15 C      4.148088247471    1.934938231694   -0.850680395607
              16 C     -1.985757228480   -0.865594221058    0.940918332612
              17 O     -1.609086966158   -1.934420343579    1.715546945370
              18 C     -2.587112180121   -2.513414825122    2.565721637000
              19 C     -3.275381784578   -0.320030698507    0.919498769346
              20 H     -6.875096715637    1.220740297907    2.114793386777
              21 H     -6.312646365208    2.742915237064    3.016094075350
              22 H     -4.559007529707    3.110331157341    1.389734372123
              23 H     -5.703938431448    0.542883703736    0.051707327529
              24 H     -5.128509452889    1.944699945932   -0.823152541119
              25 H     -2.784265410473    2.181894119306   -1.338736769122
              26 H     -0.540357815945    1.250374067357   -1.327862572030
              27 H      1.075747493181   -0.381993717239   -1.614539736571
              28 H      1.464469063721    0.709115742855   -0.222959047415
              29 H      5.870740546323   -0.465572712255   -0.710768966131
              30 H      5.067449793287   -1.707223759895    0.244608695865
              31 H      4.520369411196   -2.988945471156   -1.839876911337
              32 H      5.334927073168   -1.755608008182   -2.810256555424
              33 H      6.266580320220   -2.734829883097   -1.662481897696
              34 H      2.833295089739    0.878851589612   -2.178584988280
              35 H      4.535982824054    0.608798314529   -2.510100209815
              36 H      3.430433313075    2.064547287409   -0.034673869721
              37 H      4.139300182004    2.842488821741   -1.462101466776
              38 H      5.142563593152    1.836041089693   -0.404008477829
              39 H     -3.416668544517   -2.931671742205    1.986250519163
              40 H     -2.113443583944   -3.337199974846    3.108406276247
              41 H     -2.945310969329   -1.790881731940    3.306414538385
              42 H     -4.066881992696   -0.728138246267    1.540140692344
