-------------------------------------------------------------
----------------------- !PROPERTIES! ------------------------
-------------------------------------------------------------
# -----------------------------------------------------------
$ PAL_Flags
   description: The PAL Flags
   geom. index: 1
   prop. index: 1
        Diskflag:     2
# -----------------------------------------------------------
$ SCF_Energy
   description: The SCF energy
   geom. index: 1
   prop. index: 1
        SCF Energy:     -955.5339092344
# -----------------------------------------------------------
$ Mayer_Pop
   description: The Mayer population analysis
   geom. index: 1
   prop. index: 1
     Number of atoms                     : 49
     Threshold for printing              : 0.1000000
     Number of bond orders printed       : 51
  NA   - Mulliken gross atomic population
  ZA   - Total nuclear charge
  QA   - Mulliken gross atomic charge
  VA   - Mayer's total valence
  BVA  - Mayer's bonded valence
  FA   - Mayer's free valence
  ATOM       NA         ZA         QA         VA         BVA        FA
  0   0     5.7715     6.0000     0.2285     3.8418     3.8418    -0.0000
  1   0     8.5512     8.0000    -0.5512     1.9008     1.9008     0.0000
  2   0     5.6602     6.0000     0.3398     3.7671     3.7671    -0.0000
  3   0     6.1532     6.0000    -0.1532     3.8598     3.8598    -0.0000
  4   0     6.0041     6.0000    -0.0041     3.9500     3.9500    -0.0000
  5   0     6.1779     6.0000    -0.1779     3.8938     3.8938     0.0000
  6   0     6.1181     6.0000    -0.1181     3.9135     3.9135     0.0000
  7   0     6.0811     6.0000    -0.0811     3.9438     3.9438     0.0000
  8   0     5.8921     6.0000     0.1079     3.8598     3.8598    -0.0000
  9   0     5.9741     6.0000     0.0259     3.9138     3.9138    -0.0000
 10   0     5.9617     6.0000     0.0383     3.9131     3.9131    -0.0000
 11   0     7.6518     7.0000    -0.6518     2.7147     2.7147    -0.0000
 12   0     5.8226     6.0000     0.1774     3.8449     3.8449     0.0000
 13   0     5.8750     6.0000     0.1250     3.8962     3.8962    -0.0000
 14   0     6.2308     6.0000    -0.2308     3.8508     3.8508     0.0000
 15   0     5.9846     6.0000     0.0154     3.9268     3.9268     0.0000
 16   0     6.0871     6.0000    -0.0871     3.8736     3.8736    -0.0000
 17   0     5.8757     6.0000     0.1243     3.9005     3.9005    -0.0000
 18   0     7.2674     7.0000    -0.2674     3.0338     3.0338    -0.0000
 19   0     6.0849     6.0000    -0.0849     3.8844     3.8844    -0.0000
 20   0     5.9957     6.0000     0.0043     3.9083     3.9083    -0.0000
 21   0     5.8238     6.0000     0.1762     3.8946     3.8946    -0.0000
 22   0     5.9353     6.0000     0.0647     3.8802     3.8802    -0.0000
 23   0     0.9686     1.0000     0.0314     0.9800     0.9800    -0.0000
 24   0     0.9521     1.0000     0.0479     0.9866     0.9866    -0.0000
 25   0     0.9688     1.0000     0.0312     0.9798     0.9798    -0.0000
 26   0     0.9726     1.0000     0.0274     0.9966     0.9966     0.0000
 27   0     0.9736     1.0000     0.0264     0.9939     0.9939    -0.0000
 28   0     0.9703     1.0000     0.0297     1.0079     1.0079     0.0000
 29   0     0.9440     1.0000     0.0560     0.9790     0.9790    -0.0000
 30   0     0.9652     1.0000     0.0348     0.9926     0.9926    -0.0000
 31   0     0.9793     1.0000     0.0207     0.9657     0.9657    -0.0000
 32   0     0.9716     1.0000     0.0284     0.9918     0.9918    -0.0000
 33   0     0.9734     1.0000     0.0266     0.9857     0.9857    -0.0000
 34   0     0.9778     1.0000     0.0222     0.9814     0.9814    -0.0000
 35   0     0.9851     1.0000     0.0149     0.9881     0.9881     0.0000
 36   0     0.9766     1.0000     0.0234     0.9810     0.9810    -0.0000
 37   0     0.9822     1.0000     0.0178     0.9766     0.9766    -0.0000
 38   0     0.9741     1.0000     0.0259     0.9911     0.9911     0.0000
 39   0     0.9655     1.0000     0.0345     0.9990     0.9990    -0.0000
 40   0     0.9828     1.0000     0.0172     0.9946     0.9946     0.0000
 41   0     0.8675     1.0000     0.1325     0.9877     0.9877    -0.0000
 42   0     0.8680     1.0000     0.1320     0.9878     0.9878     0.0000
 43   0     0.9834     1.0000     0.0166     0.9944     0.9944     0.0000
 44   0     0.9747     1.0000     0.0253     0.9928     0.9928    -0.0000
 45   0     0.9726     1.0000     0.0274     0.9782     0.9782    -0.0000
 46   0     0.9448     1.0000     0.0552     0.9779     0.9779     0.0000
 47   0     0.9580     1.0000     0.0420     0.9804     0.9804    -0.0000
 48   0     0.9678     1.0000     0.0322     0.9793     0.9793    -0.0000
      Bond orders larger than 0.1000000
           Atom A     A.N. of A          Atom B    A.N. of B              Bond order
                0             6               1            8                0.874032
                0             6              23            1                0.984589
                0             6              24            1                0.993292
                0             6              25            1                0.984599
                1             8               2            6                0.994343
                2             6               3            6                1.349658
                2             6               7            6                1.407092
                3             6               4            6                1.412257
                3             6              26            1                1.006627
                4             6               5            6                1.462996
                4             6              27            1                0.998992
                5             6               6            6                1.422665
                5             6              22            6                0.968024
                6             6               7            6                1.448740
                6             6               8            6                0.988608
                7             6              28            1                1.007132
                8             6               9            6                1.024190
                8             6              29            1                0.942883
                8             6              30            1                0.973417
                9             6              10            6                1.046225
                9             6              11            7                0.908676
                9             6              31            1                0.962930
               10             6              32            1                0.976048
               10             6              33            1                0.984599
               10             6              34            1                0.983314
               11             7              12            6                0.904954
               11             7              21            6                0.940359
               12             6              13            6                1.034060
               12             6              35            1                0.967708
               12             6              36            1                0.975409
               13             6              14            6                0.999910
               13             6              37            1                0.973642
               13             6              38            1                0.968858
               14             6              15            6                1.425626
               14             6              20            6                1.410738
               15             6              16            6                1.436054
               15             6              39            1                1.000006
               16             6              17            6                1.365741
               16             6              40            1                1.004217
               17             6              18            7                1.101006
               17             6              19            6                1.366079
               18             7              41            1                0.961964
               18             7              42            1                0.961978
               19             6              20            6                1.443209
               19             6              43            1                1.003443
               20             6              44            1                1.000020
               21             6              22            6                1.040892
               21             6              45            1                0.974821
               21             6              46            1                0.979748
               22             6              47            1                0.956524
               22             6              48            1                0.970718
# -----------------------------------------------------------
$ Calculation_Info
   description: Details of the calculation
   geom. index: 1
   prop. index: 1
     Multiplicity:                          1
     Charge:                                0
     number of atoms:                       49
     number of electrons:                   0
     number of frozen core electrons:       1
     number of correlated electrons:        0
     number of basis functions:             452
     number of aux C basis functions:       0
     number of aux J basis functions:       0
     number of aux JK basis functions:      0
     number of aux CABS basis functions:    0
     Total Energy                           -955.533909
# -----------------------------------------------------------
$ SCF_Electric_Properties
   description: The SCF Calculated Electric Properties
   geom. index: 1
   prop. index: 1
       Filename                          : ./ZINC000000000042/ZINC000000000042.scfp 
       Do Dipole Moment Calculation      : true 
       Do Quadrupole Moment Calculation  : false 
       Do Polarizability Calculation     : false 
** Dipole moment part of electric properties **
        Magnitude of dipole moment (Debye) :        2.8592397646
        Electronic Contribution:
                  0    
      0      -0.041462
      1       3.572709
      2       4.883494
        Nuclear Contribution:
                  0    
      0      -0.377953
      1      -3.630982
      2      -3.841347
        Total Dipole moment:
                  0    
      0      -0.419414
      1      -0.058273
      2       1.042147
# -------------------------------------------------------------
----------------------- !GEOMETRIES! ------------------------
# -------------------------------------------------------------
------------------------ !GEOMETRY! -------------------------
    Number of atoms:    49 
    Geometry Index:     1 
    Coordinates:
               0 C     -7.009322433193    1.774177710675    0.932697896005
               1 O     -5.984999236137    1.759416248372   -0.053158930056
               2 C     -4.788842189231    1.204236694778    0.308612555235
               3 C     -4.481997742741    0.648899235429    1.543370386212
               4 C     -3.206430940448    0.125770790045    1.772387526329
               5 C     -2.207702723476    0.147503759173    0.778838593135
               6 C     -2.525189746960    0.671758946740   -0.485062425373
               7 C     -3.812019722825    1.213445900015   -0.689712526021
               8 C     -1.552683989864    0.732904785363   -1.646231164350
               9 C     -0.632476642110   -0.503826490100   -1.808448916424
              10 C     -0.185590966325   -0.574219525515   -3.280828517505
              11 N      0.574380121283   -0.470645454371   -0.954038636126
              12 C      1.257745247054   -1.780133959096   -0.871466715036
              13 C      2.731668631980   -1.688598902873   -1.306741033375
              14 C      3.633589264798   -1.004336785290   -0.308807815054
              15 C      3.939024731341    0.354562520160   -0.442015354927
              16 C      4.765285907563    0.990669514686    0.489090695201
              17 C      5.264332241461    0.296294150024    1.592628149238
              18 N      6.183348094506    0.906466828605    2.454816162697
              19 C      5.004934120540   -1.071930004430    1.693705572239
              20 C      4.179002187005   -1.714930320559    0.766259039414
              21 C      0.350315133411    0.107701795630    0.381452283227
              22 C     -0.862599796022   -0.440219225662    1.145182393930
              23 H     -6.711919299328    2.368172041959    1.803221966871
              24 H     -7.890807055810    2.249022798134    0.491412884183
              25 H     -7.291028999809    0.757025757033    1.224849818502
              26 H     -5.203686502474    0.608551419886    2.351518845925
              27 H     -2.989303767821   -0.300154276442    2.750904857166
              28 H     -4.068676974222    1.650463266921   -1.653664742601
              29 H     -0.965721484863    1.657852188575   -1.576989660274
              30 H     -2.145738167765    0.831925871700   -2.565938955867
              31 H     -1.225097063658   -1.403186630385   -1.589969567020
              32 H      0.402024935380    0.308252242922   -3.558797691345
              33 H      0.420107075863   -1.461794947162   -3.488750116004
              34 H     -1.054275823634   -0.623065899982   -3.946918688671
              35 H      1.186699921786   -2.215496435112    0.133776638529
              36 H      0.772695700250   -2.513975312570   -1.527500064724
              37 H      3.112317731158   -2.705422714468   -1.471920870984
              38 H      2.809423992137   -1.191944684703   -2.282770104348
              39 H      3.534638182130    0.925978391101   -1.274832655015
              40 H      5.010834317304    2.038862496831    0.344169806593
              41 H      6.076218423509    1.913802382529    2.516457047960
              42 H      6.240427047978    0.466931602024    3.367544380341
              43 H      5.444686592685   -1.653179253069    2.499365624725
              44 H      3.978333209301   -2.776992555393    0.882414669003
              45 H      0.283019232087    1.199963772227    0.298538459651
              46 H      1.242984551360   -0.057216987502    0.997821621866
              47 H     -0.920732354497   -1.531882102349    1.055865235446
              48 H     -0.681192970654   -0.227460644502    2.207662041479
