-------------------------------------------------------------
----------------------- !PROPERTIES! ------------------------
-------------------------------------------------------------
# -----------------------------------------------------------
$ PAL_Flags
   description: The PAL Flags
   geom. index: 1
   prop. index: 1
        Diskflag:     2
# -----------------------------------------------------------
$ SCF_Energy
   description: The SCF energy
   geom. index: 1
   prop. index: 1
        SCF Energy:    -1036.5622268684
# -----------------------------------------------------------
$ Mayer_Pop
   description: The Mayer population analysis
   geom. index: 1
   prop. index: 1
     Number of atoms                     : 48
     Threshold for printing              : 0.1000000
     Number of bond orders printed       : 48
  NA   - Mulliken gross atomic population
  ZA   - Total nuclear charge
  QA   - Mulliken gross atomic charge
  VA   - Mayer's total valence
  BVA  - Mayer's bonded valence
  FA   - Mayer's free valence
  ATOM       NA         ZA         QA         VA         BVA        FA
  0   0     6.0117     6.0000    -0.0117     3.9508     3.9508     0.0000
  1   0     6.1333     6.0000    -0.1333     3.9848     3.9848    -0.0000
  2   0     6.0578     6.0000    -0.0578     3.8104     3.8104     0.0000
  3   0     5.6138     6.0000     0.3862     3.8428     3.8428    -0.0000
  4   0     8.4302     8.0000    -0.4302     2.0126     2.0126     0.0000
  5   0     6.2026     6.0000    -0.2026     3.7365     3.7365     0.0000
  6   0     6.0617     6.0000    -0.0617     3.8997     3.8997    -0.0000
  7   0     5.6210     6.0000     0.3790     3.7829     3.7829     0.0000
  8   0     9.3323     9.0000    -0.3323     0.9498     0.9498    -0.0000
  9   0     6.0675     6.0000    -0.0675     3.8415     3.8415    -0.0000
 10   0     6.0712     6.0000    -0.0712     3.8506     3.8506    -0.0000
 11   0     5.6803     6.0000     0.3197     3.9456     3.9456    -0.0000
 12   0     8.5751     8.0000    -0.5751     1.8545     1.8545    -0.0000
 13   0     5.7101     6.0000     0.2899     3.7585     3.7585    -0.0000
 14   0     5.8346     6.0000     0.1654     3.9775     3.9775    -0.0000
 15   0     8.4981     8.0000    -0.4981     1.9037     1.9037     0.0000
 16   0     5.7786     6.0000     0.2214     3.8358     3.8358     0.0000
 17   0     7.4632     7.0000    -0.4632     2.7952     2.7952     0.0000
 18   0     6.2480     6.0000    -0.2480     3.9953     3.9953    -0.0000
 19   0     5.9401     6.0000     0.0599     3.8239     3.8239    -0.0000
 20   0     5.9323     6.0000     0.0677     3.8592     3.8592    -0.0000
 21   0     5.9603     6.0000     0.0397     3.8562     3.8562    -0.0000
 22   0     0.9573     1.0000     0.0427     0.9793     0.9793    -0.0000
 23   0     0.9725     1.0000     0.0275     0.9788     0.9788     0.0000
 24   0     0.9662     1.0000     0.0338     0.9805     0.9805     0.0000
 25   0     0.9323     1.0000     0.0677     0.9749     0.9749    -0.0000
 26   0     0.9651     1.0000     0.0349     0.9699     0.9699    -0.0000
 27   0     0.9472     1.0000     0.0528     0.9807     0.9807     0.0000
 28   0     0.9266     1.0000     0.0734     0.9880     0.9880     0.0000
 29   0     0.9381     1.0000     0.0619     1.0025     1.0025    -0.0000
 30   0     0.9332     1.0000     0.0668     0.9931     0.9931    -0.0000
 31   0     0.9444     1.0000     0.0556     0.9927     0.9927    -0.0000
 32   0     0.9521     1.0000     0.0479     0.9944     0.9944    -0.0000
 33   0     0.9789     1.0000     0.0211     0.9830     0.9830    -0.0000
 34   0     0.9822     1.0000     0.0178     0.9814     0.9814    -0.0000
 35   0     0.7514     1.0000     0.2486     1.0051     1.0051     0.0000
 36   0     1.0058     1.0000    -0.0058     0.9671     0.9671    -0.0000
 37   0     0.9747     1.0000     0.0253     0.9839     0.9839     0.0000
 38   0     0.8724     1.0000     0.1276     0.9800     0.9800     0.0000
 39   0     0.9792     1.0000     0.0208     0.9870     0.9870    -0.0000
 40   0     0.9825     1.0000     0.0175     0.9920     0.9920    -0.0000
 41   0     0.9808     1.0000     0.0192     0.9861     0.9861    -0.0000
 42   0     0.9601     1.0000     0.0399     0.9927     0.9927     0.0000
 43   0     0.9846     1.0000     0.0154     0.9839     0.9839    -0.0000
 44   0     0.9833     1.0000     0.0167     0.9892     0.9892     0.0000
 45   0     0.9723     1.0000     0.0277     0.9858     0.9858     0.0000
 46   0     0.9564     1.0000     0.0436     0.9875     0.9875    -0.0000
 47   0     0.9766     1.0000     0.0234     0.9852     0.9852    -0.0000
      Bond orders larger than 0.1000000
           Atom A     A.N. of A          Atom B    A.N. of B              Bond order
                0             6               1            6                1.046731
                0             6              22            1                0.988509
                0             6              23            1                0.983364
                0             6              24            1                0.984799
                1             6               2            6                1.003324
                1             6              25            1                0.971566
                1             6              26            1                0.976888
                2             6               3            6                0.983078
                2             6              27            1                0.980191
                2             6              28            1                0.950372
                3             6               4            8                1.927002
                3             6               5            6                0.928818
                5             6               6            6                1.366802
                5             6              11            6                1.446921
                6             6               7            6                1.435510
                6             6              29            1                0.997485
                7             6               8            9                0.899902
                7             6               9            6                1.399169
                9             6              10            6                1.377046
                9             6              30            1                0.996057
               10             6              11            6                1.400231
               10             6              31            1                1.002535
               11             6              12            8                1.010027
               12             8              13            6                0.827070
               13             6              14            6                1.028282
               13             6              32            1                0.955165
               13             6              33            1                0.971727
               14             6              15            8                0.959521
               14             6              16            6                1.024330
               14             6              34            1                0.959356
               15             8              35            1                0.923513
               16             6              17            7                0.960091
               16             6              36            1                0.961746
               16             6              37            1                0.954581
               17             7              18            6                0.928640
               17             7              38            1                0.953171
               18             6              19            6                0.992290
               18             6              20            6                1.018461
               18             6              21            6                1.006322
               19             6              39            1                0.981803
               19             6              40            1                0.981234
               19             6              41            1                0.979423
               20             6              42            1                0.983281
               20             6              43            1                0.983476
               20             6              44            1                0.981067
               21             6              45            1                0.983072
               21             6              46            1                0.981588
               21             6              47            1                0.980690
# -----------------------------------------------------------
$ Calculation_Info
   description: Details of the calculation
   geom. index: 1
   prop. index: 1
     Multiplicity:                          1
     Charge:                                0
     number of atoms:                       48
     number of electrons:                   0
     number of frozen core electrons:       1
     number of correlated electrons:        0
     number of basis functions:             438
     number of aux C basis functions:       0
     number of aux J basis functions:       0
     number of aux JK basis functions:      0
     number of aux CABS basis functions:    0
     Total Energy                           -1036.562227
# -----------------------------------------------------------
$ SCF_Electric_Properties
   description: The SCF Calculated Electric Properties
   geom. index: 1
   prop. index: 1
       Filename                          : ./ZINC000000000112/ZINC000000000112.scfp 
       Do Dipole Moment Calculation      : true 
       Do Quadrupole Moment Calculation  : false 
       Do Polarizability Calculation     : false 
** Dipole moment part of electric properties **
        Magnitude of dipole moment (Debye) :        3.9785270922
        Electronic Contribution:
                  0    
      0      35.115543
      1     -13.983045
      2      15.944713
        Nuclear Contribution:
                  0    
      0     -34.288727
      1      12.657968
      2     -16.047306
        Total Dipole moment:
                  0    
      0       0.826816
      1      -1.325077
      2      -0.102594
# -------------------------------------------------------------
----------------------- !GEOMETRIES! ------------------------
# -------------------------------------------------------------
------------------------ !GEOMETRY! -------------------------
    Number of atoms:    48 
    Geometry Index:     1 
    Coordinates:
               0 C      6.087398155616    1.935417492553   -2.106366386607
               1 C      4.864428179043    1.777624499462   -1.218318698549
               2 C      4.226887510575    0.402763551685   -1.384319333387
               3 C      3.013347090152    0.262926234531   -0.486731506673
               4 O      2.012501261860    0.961831556703   -0.635686167826
               5 C      3.050462048512   -0.750089143925    0.599332278949
               6 C      4.189769236044   -0.870023043781    1.401574886445
               7 C      4.203375547137   -1.808760501614    2.427039287640
               8 F      5.294670933341   -1.925551068042    3.194083519609
               9 C      3.108277552908   -2.631309561530    2.668509905464
              10 C      1.967855937888   -2.511239568698    1.874465173286
              11 C      1.929911712887   -1.557151051251    0.851426128836
              12 O      0.845568375593   -1.464882628710    0.022012318820
              13 C     -0.388720057321   -1.220883522116    0.718735408054
              14 C     -1.207913903640   -0.211081356231   -0.099183366059
              15 O     -0.630016090338    1.091639222811    0.047256345460
              16 C     -2.675422371331   -0.191850709693    0.388326792393
              17 N     -3.508410260476    0.738313971778   -0.380665336826
              18 C     -4.963543443135    0.577942537498   -0.273394761684
              19 C     -5.438547362039   -0.668497946964   -1.038776879405
              20 C     -5.584895750890    1.822495484102   -0.934441993561
              21 C     -5.439734148713    0.512207251572    1.186735455089
              22 H      6.526701313744    2.929049134391   -1.973707833665
              23 H      6.850700302451    1.190891486212   -1.858559446085
              24 H      5.823013023123    1.818923522075   -3.162231219508
              25 H      4.136750731795    2.560667094970   -1.462820046319
              26 H      5.152558551693    1.933890243980   -0.172105482600
              27 H      4.954522068855   -0.390024744537   -1.181284689857
              28 H      3.888476202018    0.254113098043   -2.416787759095
              29 H      5.061290223785   -0.239870572802    1.259160296063
              30 H      3.152535115061   -3.363390562006    3.469344769128
              31 H      1.123230050196   -3.172238779013    2.047878286395
              32 H     -0.213865594780   -0.817524521888    1.725175606896
              33 H     -0.916659064882   -2.177687952983    0.795515314217
              34 H     -1.168161702029   -0.467202301517   -1.164824556086
              35 H      0.299553311936    1.037414950453   -0.273218875461
              36 H     -3.067085031658   -1.211693936896    0.316925996209
              37 H     -2.694656391437    0.113767347152    1.440818845531
              38 H     -3.206171870622    0.776550405864   -1.352694788975
              39 H     -5.074797403018   -1.595021696969   -0.582591908259
              40 H     -5.097331090202   -0.651672888598   -2.080489966037
              41 H     -6.533382569094   -0.723993548729   -1.053658694661
              42 H     -5.273754160949    2.742752362897   -0.425572401877
              43 H     -6.679944506314    1.782338332266   -0.901456292072
              44 H     -5.291789076737    1.908015930792   -1.987767326779
              45 H     -6.534665251260    0.507412002647    1.241534541599
              46 H     -5.086074274957    1.377049065851    1.760007827680
              47 H     -5.088243060394   -0.394355171793    1.691537090765
