-------------------------------------------------------------
----------------------- !PROPERTIES! ------------------------
-------------------------------------------------------------
# -----------------------------------------------------------
$ PAL_Flags
   description: The PAL Flags
   geom. index: 1
   prop. index: 1
        Diskflag:     2
# -----------------------------------------------------------
$ SCF_Energy
   description: The SCF energy
   geom. index: 1
   prop. index: 1
        SCF Energy:     -743.9401485009
# -----------------------------------------------------------
$ Mayer_Pop
   description: The Mayer population analysis
   geom. index: 1
   prop. index: 1
     Number of atoms                     : 35
     Threshold for printing              : 0.1000000
     Number of bond orders printed       : 35
  NA   - Mulliken gross atomic population
  ZA   - Total nuclear charge
  QA   - Mulliken gross atomic charge
  VA   - Mayer's total valence
  BVA  - Mayer's bonded valence
  FA   - Mayer's free valence
  ATOM       NA         ZA         QA         VA         BVA        FA
  0   0     5.9614     6.0000     0.0386     3.8543     3.8543    -0.0000
  1   0     6.2529     6.0000    -0.2529     3.9898     3.9898    -0.0000
  2   0     5.9309     6.0000     0.0691     3.8580     3.8580     0.0000
  3   0     5.9441     6.0000     0.0559     3.8266     3.8266     0.0000
  4   0     7.4817     7.0000    -0.4817     2.7899     2.7899     0.0000
  5   0     5.7621     6.0000     0.2379     3.8505     3.8505     0.0000
  6   0     5.6878     6.0000     0.3122     3.8674     3.8674     0.0000
  7   0     8.4687     8.0000    -0.4687     1.9092     1.9092     0.0000
  8   0     6.2197     6.0000    -0.2197     3.7855     3.7855     0.0000
  9   0     6.0043     6.0000    -0.0043     3.8570     3.8570     0.0000
 10   0     6.0475     6.0000    -0.0475     3.8816     3.8816    -0.0000
 11   0     5.8189     6.0000     0.1811     3.7870     3.7870     0.0000
 12   0     8.3975     8.0000    -0.3975     2.0207     2.0207     0.0000
 13   0     5.8042     6.0000     0.1958     3.8162     3.8162    -0.0000
 14   0     8.3928     8.0000    -0.3928     2.0274     2.0274     0.0000
 15   0     6.0350     6.0000    -0.0350     3.8949     3.8949     0.0000
 16   0     0.9720     1.0000     0.0280     0.9848     0.9848    -0.0000
 17   0     0.9714     1.0000     0.0286     0.9864     0.9864    -0.0000
 18   0     0.9621     1.0000     0.0379     0.9879     0.9879    -0.0000
 19   0     0.9809     1.0000     0.0191     0.9899     0.9899     0.0000
 20   0     0.9828     1.0000     0.0172     0.9843     0.9843     0.0000
 21   0     0.9660     1.0000     0.0340     0.9929     0.9929     0.0000
 22   0     0.9753     1.0000     0.0247     0.9917     0.9917    -0.0000
 23   0     0.9742     1.0000     0.0258     0.9867     0.9867    -0.0000
 24   0     0.9791     1.0000     0.0209     0.9861     0.9861    -0.0000
 25   0     0.8576     1.0000     0.1424     0.9846     0.9846     0.0000
 26   0     0.9688     1.0000     0.0312     0.9821     0.9821     0.0000
 27   0     0.9959     1.0000     0.0041     0.9860     0.9860     0.0000
 28   0     0.9754     1.0000     0.0246     0.9952     0.9952     0.0000
 29   0     0.7992     1.0000     0.2008     0.9963     0.9963    -0.0000
 30   0     0.9490     1.0000     0.0510     1.0026     1.0026     0.0000
 31   0     0.9517     1.0000     0.0483     0.9966     0.9966    -0.0000
 32   0     0.7853     1.0000     0.2147     0.9882     0.9882     0.0000
 33   0     0.7858     1.0000     0.2142     0.9905     0.9905     0.0000
 34   0     0.9580     1.0000     0.0420     1.0062     1.0062     0.0000
      Bond orders larger than 0.1000000
           Atom A     A.N. of A          Atom B    A.N. of B              Bond order
                0             6               1            6                1.004672
                0             6              16            1                0.981906
                0             6              17            1                0.983300
                0             6              18            1                0.981426
                1             6               2            6                1.017808
                1             6               3            6                0.993886
                1             6               4            7                0.927986
                2             6              19            1                0.981747
                2             6              20            1                0.983711
                2             6              21            1                0.983154
                3             6              22            1                0.980879
                3             6              23            1                0.981376
                3             6              24            1                0.979743
                4             7               5            6                0.963740
                4             7              25            1                0.944389
                5             6               6            6                1.032698
                5             6              26            1                0.966077
                5             6              27            1                0.955566
                6             6               7            8                0.904861
                6             6               8            6                0.998379
                6             6              28            1                0.970865
                7             8              29            1                0.966086
                8             6               9            6                1.392073
                8             6              15            6                1.404450
                9             6              10            6                1.413965
                9             6              30            1                1.002878
               10             6              11            6                1.390672
               10             6              31            1                1.008293
               11             6              12            8                1.030181
               11             6              13            6                1.322624
               12             8              32            1                0.957403
               13             6              14            8                1.042198
               13             6              15            6                1.394382
               14             8              33            1                0.955763
               15             6              34            1                1.009602
# -----------------------------------------------------------
$ Calculation_Info
   description: Details of the calculation
   geom. index: 1
   prop. index: 1
     Multiplicity:                          1
     Charge:                                0
     number of atoms:                       35
     number of electrons:                   0
     number of frozen core electrons:       1
     number of correlated electrons:        0
     number of basis functions:             319
     number of aux C basis functions:       0
     number of aux J basis functions:       0
     number of aux JK basis functions:      0
     number of aux CABS basis functions:    0
     Total Energy                           -743.940149
# -----------------------------------------------------------
$ SCF_Electric_Properties
   description: The SCF Calculated Electric Properties
   geom. index: 1
   prop. index: 1
       Filename                          : ./ZINC000000000184/ZINC000000000184.scfp 
       Do Dipole Moment Calculation      : true 
       Do Quadrupole Moment Calculation  : false 
       Do Polarizability Calculation     : false 
** Dipole moment part of electric properties **
        Magnitude of dipole moment (Debye) :        1.9008599093
        Electronic Contribution:
                  0    
      0      29.437736
      1       3.543502
      2      -3.413320
        Nuclear Contribution:
                  0    
      0     -28.732728
      1      -3.791682
      2       3.438567
        Total Dipole moment:
                  0    
      0       0.705007
      1      -0.248179
      2       0.025247
# -------------------------------------------------------------
----------------------- !GEOMETRIES! ------------------------
# -------------------------------------------------------------
------------------------ !GEOMETRY! -------------------------
    Number of atoms:    35 
    Geometry Index:     1 
    Coordinates:
               0 C     -2.793252453694   -0.995541003008    1.627665905009
               1 C     -3.031041391315   -0.193964326693    0.337866820148
               2 C     -4.266474823442    0.703355895818    0.542450483046
               3 C     -3.315506606233   -1.152200862620   -0.831275121894
               4 N     -1.914642661242    0.716460138232    0.034415699215
               5 C     -0.578168327953    0.103336905258   -0.042988428364
               6 C      0.448347174486    1.120904804258   -0.599193984627
               7 O      0.055097961985    1.519408697736   -1.921022346445
               8 C      1.852936945038    0.554645647752   -0.638613043473
               9 C      2.219400614492   -0.410020041581   -1.596953296741
              10 C      3.510637652793   -0.942943923720   -1.618671310651
              11 C      4.435821359618   -0.514889420854   -0.679267746851
              12 O      5.674743052861   -1.086640762155   -0.663443073937
              13 C      4.096012048626    0.459681430357    0.253346097982
              14 O      5.029508079281    0.939066720995    1.126187935461
              15 C      2.810271748498    0.983875043870    0.293958387063
              16 H     -1.975767470691   -1.716255662955    1.516530678232
              17 H     -3.688084727722   -1.564861610249    1.905333548119
              18 H     -2.550561587818   -0.335023572748    2.468165333004
              19 H     -4.492794986187    1.287982515852   -0.357399743540
              20 H     -5.155025473245    0.105512645779    0.776805785825
              21 H     -4.116722767937    1.407748568694    1.369551199963
              22 H     -3.458014181514   -0.605230115619   -1.770524078745
              23 H     -2.503737653649   -1.871466417529   -0.981033431830
              24 H     -4.228213681666   -1.731355976683   -0.647995333263
              25 H     -2.083055192110    1.186720802290   -0.860577775144
              26 H     -0.255160253750   -0.226012763920    0.950692681450
              27 H     -0.602869874799   -0.767566217183   -0.706355662907
              28 H      0.434041238085    2.029049695326    0.016227851890
              29 H      0.825764084519    1.964144295318   -2.314469720408
              30 H      1.491076019565   -0.754848540240   -2.329774364936
              31 H      3.781542811583   -1.697746471002   -2.350906635825
              32 H      5.905821560168   -1.198187375692    0.277230475342
              33 H      5.873762507966    0.948803195862    0.638446926276
              34 H      2.564309255402    1.734058061056    1.041480772063
