-------------------------------------------------------------
----------------------- !PROPERTIES! ------------------------
-------------------------------------------------------------
# -----------------------------------------------------------
$ PAL_Flags
   description: The PAL Flags
   geom. index: 1
   prop. index: 1
        Diskflag:     2
# -----------------------------------------------------------
$ SCF_Energy
   description: The SCF energy
   geom. index: 1
   prop. index: 1
        SCF Energy:     -762.5656375029
# -----------------------------------------------------------
$ Mayer_Pop
   description: The Mayer population analysis
   geom. index: 1
   prop. index: 1
     Number of atoms                     : 37
     Threshold for printing              : 0.1000000
     Number of bond orders printed       : 39
  NA   - Mulliken gross atomic population
  ZA   - Total nuclear charge
  QA   - Mulliken gross atomic charge
  VA   - Mayer's total valence
  BVA  - Mayer's bonded valence
  FA   - Mayer's free valence
  ATOM       NA         ZA         QA         VA         BVA        FA
  0   0     5.9604     6.0000     0.0396     3.8776     3.8776    -0.0000
  1   0     5.7768     6.0000     0.2232     3.9859     3.9859     0.0000
  2   0     7.4039     7.0000    -0.4039     2.9544     2.9544    -0.0000
  3   0     5.8318     6.0000     0.1682     3.9050     3.9050    -0.0000
  4   0     6.0376     6.0000    -0.0376     3.9171     3.9171    -0.0000
  5   0     6.0219     6.0000    -0.0219     3.8336     3.8336    -0.0000
  6   0     6.0448     6.0000    -0.0448     3.8609     3.8609    -0.0000
  7   0     6.0263     6.0000    -0.0263     3.9168     3.9168     0.0000
  8   0     6.2127     6.0000    -0.2127     3.9011     3.9011    -0.0000
  9   0     5.8576     6.0000     0.1424     3.8851     3.8851    -0.0000
 10   0     5.7525     6.0000     0.2475     3.8099     3.8099    -0.0000
 11   0     6.1483     6.0000    -0.1483     3.7652     3.7652    -0.0000
 12   0     6.0211     6.0000    -0.0211     3.8875     3.8875    -0.0000
 13   0     6.0301     6.0000    -0.0301     3.8885     3.8885     0.0000
 14   0     6.0410     6.0000    -0.0410     3.8624     3.8624     0.0000
 15   0     6.0309     6.0000    -0.0309     3.8823     3.8823     0.0000
 16   0     6.0246     6.0000    -0.0246     3.9038     3.9038     0.0000
 17   0     7.6840     7.0000    -0.6840     2.7994     2.7994     0.0000
 18   0     5.7981     6.0000     0.2019     3.8331     3.8331     0.0000
 19   0     0.9333     1.0000     0.0667     1.0064     1.0064    -0.0000
 20   0     0.9499     1.0000     0.0501     0.9886     0.9886     0.0000
 21   0     0.9670     1.0000     0.0330     0.9842     0.9842    -0.0000
 22   0     0.9736     1.0000     0.0264     1.0023     1.0023    -0.0000
 23   0     0.9647     1.0000     0.0353     0.9854     0.9854     0.0000
 24   0     0.9689     1.0000     0.0311     0.9857     0.9857     0.0000
 25   0     0.9783     1.0000     0.0217     0.9934     0.9934    -0.0000
 26   0     0.9639     1.0000     0.0361     0.9924     0.9924     0.0000
 27   0     0.9457     1.0000     0.0543     0.9892     0.9892    -0.0000
 28   0     0.9704     1.0000     0.0296     0.9889     0.9889    -0.0000
 29   0     0.9583     1.0000     0.0417     0.9930     0.9930    -0.0000
 30   0     0.9582     1.0000     0.0418     0.9856     0.9856     0.0000
 31   0     0.9577     1.0000     0.0423     0.9855     0.9855     0.0000
 32   0     0.9588     1.0000     0.0412     0.9854     0.9854    -0.0000
 33   0     0.9680     1.0000     0.0320     0.9938     0.9938    -0.0000
 34   0     0.9543     1.0000     0.0457     0.9944     0.9944    -0.0000
 35   0     0.9587     1.0000     0.0413     0.9847     0.9847    -0.0000
 36   0     0.9661     1.0000     0.0339     0.9808     0.9808    -0.0000
      Bond orders larger than 0.1000000
           Atom A     A.N. of A          Atom B    A.N. of B              Bond order
                0             6               1            6                1.004975
                0             6              19            1                0.977243
                0             6              20            1                0.969218
                0             6              21            1                0.979420
                1             6               2            7                1.886726
                1             6              17            7                1.040001
                2             7               3            6                1.044848
                3             6               4            6                1.421429
                3             6               8            6                1.383866
                4             6               5            6                1.414572
                4             6              22            1                1.006160
                5             6               6            6                1.399326
                5             6              23            1                1.000134
                6             6               7            6                1.423675
                6             6              24            1                1.001394
                7             6               8            6                1.425629
                7             6              25            1                1.003874
                8             6               9            6                1.010350
                9             6              10            6                1.045995
                9             6              26            1                0.961714
                9             6              27            1                0.949818
               10             6              11            6                0.978011
               10             6              17            7                0.877252
               10             6              28            1                0.970601
               11             6              12            6                1.386669
               11             6              16            6                1.431416
               12             6              13            6                1.439491
               12             6              29            1                1.000440
               13             6              14            6                1.401699
               13             6              30            1                1.000894
               14             6              15            6                1.423843
               14             6              31            1                0.999892
               15             6              16            6                1.413481
               15             6              32            1                0.999419
               16             6              33            1                1.001684
               17             7              18            6                0.896102
               18             6              34            1                0.987184
               18             6              35            1                0.990866
               18             6              36            1                0.982552
# -----------------------------------------------------------
$ Calculation_Info
   description: Details of the calculation
   geom. index: 1
   prop. index: 1
     Multiplicity:                          1
     Charge:                                0
     number of atoms:                       37
     number of electrons:                   0
     number of frozen core electrons:       1
     number of correlated electrons:        0
     number of basis functions:             356
     number of aux C basis functions:       0
     number of aux J basis functions:       0
     number of aux JK basis functions:      0
     number of aux CABS basis functions:    0
     Total Energy                           -762.565638
# -----------------------------------------------------------
$ SCF_Electric_Properties
   description: The SCF Calculated Electric Properties
   geom. index: 1
   prop. index: 1
       Filename                          : ./ZINC000000000202/ZINC000000000202.scfp 
       Do Dipole Moment Calculation      : true 
       Do Quadrupole Moment Calculation  : false 
       Do Polarizability Calculation     : false 
** Dipole moment part of electric properties **
        Magnitude of dipole moment (Debye) :        3.4618890852
        Electronic Contribution:
                  0    
      0      -3.820192
      1      -5.170989
      2       0.130827
        Nuclear Contribution:
                  0    
      0       5.080863
      1       5.532277
      2       0.236844
        Total Dipole moment:
                  0    
      0       1.260670
      1       0.361288
      2       0.367672
# -------------------------------------------------------------
----------------------- !GEOMETRIES! ------------------------
# -------------------------------------------------------------
------------------------ !GEOMETRY! -------------------------
    Number of atoms:    37 
    Geometry Index:     1 
    Coordinates:
               0 C     -1.055905108510    2.728687324413   -1.411520409546
               1 C     -1.168728319262    1.460923090701   -0.574743797761
               2 N     -2.287730532542    0.825740570766   -0.727808047402
               3 C     -2.626242648306   -0.294941691580    0.041374093727
               4 C     -3.924625304105   -0.361203877003    0.557072664280
               5 C     -4.351574595279   -1.467197285900    1.294091411041
               6 C     -3.480815847954   -2.530455622326    1.513371837337
               7 C     -2.187177356441   -2.486197609934    0.995288963838
               8 C     -1.757516230099   -1.372061645630    0.256944447426
               9 C     -0.361759003319   -1.303815690046   -0.295182040037
              10 C      0.451747128779   -0.201066717350    0.406832435444
              11 C      1.893723688205   -0.250396402067   -0.099390866167
              12 C      2.214494353291    0.103896350046   -1.420836885277
              13 C      3.533992456104    0.050123823745   -1.871654932041
              14 C      4.549114343122   -0.359160438458   -1.009839953209
              15 C      4.246821043578   -0.714844635880    0.303098073541
              16 C      2.927588411748   -0.661891979083    0.757040595904
              17 N     -0.101583043075    1.161559913365    0.261317178568
              18 C      0.647113205941    2.228214077221    0.919502736088
              19 H     -1.734768761611    2.682838314072   -2.268508991083
              20 H     -1.323345958791    3.593021191232   -0.797314662083
              21 H     -0.034946201922    2.847332330467   -1.784578372990
              22 H     -4.608748988600    0.463262582240    0.374086845855
              23 H     -5.363729303626   -1.497586171173    1.687416940814
              24 H     -3.810919593676   -3.395438764763    2.082438167202
              25 H     -1.517876363901   -3.325342244258    1.168155100103
              26 H      0.137203437961   -2.273102046995   -0.160717925198
              27 H     -0.415020754048   -1.149170148573   -1.381227640050
              28 H      0.454070581548   -0.425376542209    1.483074669495
              29 H      1.432854794068    0.429358976999   -2.104823923581
              30 H      3.768812889801    0.327803236686   -2.896039286044
              31 H      5.576501005810   -0.401525068782   -1.362155334293
              32 H      5.039969146358   -1.034989238833    0.974085160393
              33 H      2.713382735159   -0.944697145461    1.785487579137
              34 H      1.156904490245    1.863118746848    1.817769680831
              35 H     -0.026447516247    3.028941243573    1.243579002973
              36 H      1.395167719597    2.655639193930    0.244315482768
