-------------------------------------------------------------
----------------------- !PROPERTIES! ------------------------
-------------------------------------------------------------
# -----------------------------------------------------------
$ PAL_Flags
   description: The PAL Flags
   geom. index: 1
   prop. index: 1
        Diskflag:     2
# -----------------------------------------------------------
$ SCF_Energy
   description: The SCF energy
   geom. index: 1
   prop. index: 1
        SCF Energy:     -779.6717273140
# -----------------------------------------------------------
$ Mayer_Pop
   description: The Mayer population analysis
   geom. index: 1
   prop. index: 1
     Number of atoms                     : 38
     Threshold for printing              : 0.1000000
     Number of bond orders printed       : 41
  NA   - Mulliken gross atomic population
  ZA   - Total nuclear charge
  QA   - Mulliken gross atomic charge
  VA   - Mayer's total valence
  BVA  - Mayer's bonded valence
  FA   - Mayer's free valence
  ATOM       NA         ZA         QA         VA         BVA        FA
  0   0     5.8478     6.0000     0.1522     3.8877     3.8877    -0.0000
  1   0     7.6601     7.0000    -0.6601     2.8040     2.8040    -0.0000
  2   0     5.7979     6.0000     0.2021     3.9215     3.9215    -0.0000
  3   0     5.8070     6.0000     0.1930     3.8891     3.8891     0.0000
  4   0     7.7420     7.0000    -0.7420     2.7915     2.7915    -0.0000
  5   0     5.6559     6.0000     0.3441     3.8082     3.8082    -0.0000
  6   0     6.1396     6.0000    -0.1396     3.9311     3.9311     0.0000
  7   0     5.9871     6.0000     0.0129     3.8623     3.8623     0.0000
  8   0     6.0658     6.0000    -0.0658     3.8712     3.8712    -0.0000
  9   0     6.0089     6.0000    -0.0089     3.9501     3.9501    -0.0000
 10   0     6.2671     6.0000    -0.2671     3.9189     3.9189    -0.0000
 11   0     5.6242     6.0000     0.3758     3.8066     3.8066    -0.0000
 12   0     7.5211     7.0000    -0.5211     3.1939     3.1939    -0.0000
 13   0     5.8682     6.0000     0.1318     3.7760     3.7760    -0.0000
 14   0     6.0899     6.0000    -0.0899     3.8713     3.8713     0.0000
 15   0     6.1308     6.0000    -0.1308     3.9610     3.9610     0.0000
 16   0     5.8979     6.0000     0.1021     3.7467     3.7467     0.0000
 17   0     5.7579     6.0000     0.2421     3.8416     3.8416     0.0000
 18   0     5.7655     6.0000     0.2345     3.8827     3.8827     0.0000
 19   0     0.9949     1.0000     0.0051     0.9792     0.9792    -0.0000
 20   0     0.9633     1.0000     0.0367     0.9829     0.9829    -0.0000
 21   0     0.9687     1.0000     0.0313     0.9849     0.9849    -0.0000
 22   0     0.9906     1.0000     0.0094     0.9738     0.9738    -0.0000
 23   0     0.9636     1.0000     0.0364     0.9801     0.9801    -0.0000
 24   0     0.9522     1.0000     0.0478     0.9802     0.9802     0.0000
 25   0     0.9611     1.0000     0.0389     0.9649     0.9649    -0.0000
 26   0     0.9676     1.0000     0.0324     0.9901     0.9901    -0.0000
 27   0     0.9629     1.0000     0.0371     0.9855     0.9855     0.0000
 28   0     0.9691     1.0000     0.0309     0.9862     0.9862    -0.0000
 29   0     0.9743     1.0000     0.0257     0.9929     0.9929     0.0000
 30   0     0.9498     1.0000     0.0502     0.9790     0.9790     0.0000
 31   0     0.9636     1.0000     0.0364     0.9978     0.9978    -0.0000
 32   0     0.9573     1.0000     0.0427     0.9994     0.9994    -0.0000
 33   0     0.9681     1.0000     0.0319     0.9948     0.9948     0.0000
 34   0     0.9752     1.0000     0.0248     0.9994     0.9994    -0.0000
 35   0     0.9693     1.0000     0.0307     0.9635     0.9635     0.0000
 36   0     0.9560     1.0000     0.0440     0.9940     0.9940     0.0000
 37   0     0.9573     1.0000     0.0427     0.9782     0.9782     0.0000
      Bond orders larger than 0.1000000
           Atom A     A.N. of A          Atom B    A.N. of B              Bond order
                0             6               1            7                0.939733
                0             6              19            1                0.976891
                0             6              20            1                0.992129
                0             6              21            1                0.989401
                1             7               2            6                0.926089
                1             7              18            6                0.928866
                2             6               3            6                1.087004
                2             6              22            1                0.959876
                2             6              23            1                0.968148
                3             6               4            7                0.884167
                3             6              24            1                0.969188
                3             6              25            1                0.960844
                4             7               5            6                1.008006
                4             7              17            6                0.831667
                5             6               6            6                1.381905
                5             6              10            6                1.386973
                6             6               7            6                1.426012
                6             6              26            1                1.000287
                7             6               8            6                1.404522
                7             6              27            1                0.999444
                8             6               9            6                1.422154
                8             6              28            1                1.001712
                9             6              10            6                1.451566
                9             6              29            1                1.000603
               10             6              11            6                0.986640
               11             6              12            7                0.884077
               11             6              30            1                0.972947
               11             6              31            1                0.973839
               12             7              13            6                1.143555
               12             7              16            6                1.123742
               13             6              14            6                1.577851
               13             6              32            1                0.995588
               14             6              15            6                1.294242
               14             6              33            1                1.005151
               15             6              16            6                1.616429
               15             6              34            1                1.014179
               16             6              17            6                0.986930
               17             6              18            6                1.064697
               17             6              35            1                0.945147
               18             6              36            1                0.973374
               18             6              37            1                0.959772
# -----------------------------------------------------------
$ Calculation_Info
   description: Details of the calculation
   geom. index: 1
   prop. index: 1
     Multiplicity:                          1
     Charge:                                0
     number of atoms:                       38
     number of electrons:                   0
     number of frozen core electrons:       1
     number of correlated electrons:        0
     number of basis functions:             361
     number of aux C basis functions:       0
     number of aux J basis functions:       0
     number of aux JK basis functions:      0
     number of aux CABS basis functions:    0
     Total Energy                           -779.671727
# -----------------------------------------------------------
$ SCF_Electric_Properties
   description: The SCF Calculated Electric Properties
   geom. index: 1
   prop. index: 1
       Filename                          : ./ZINC000000000050/ZINC000000000050.scfp 
       Do Dipole Moment Calculation      : true 
       Do Quadrupole Moment Calculation  : false 
       Do Polarizability Calculation     : false 
** Dipole moment part of electric properties **
        Magnitude of dipole moment (Debye) :        2.1661469765
        Electronic Contribution:
                  0    
      0     -10.450233
      1       3.307131
      2      -2.742068
        Nuclear Contribution:
                  0    
      0      10.442524
      1      -3.740937
      2       3.475564
        Total Dipole moment:
                  0    
      0      -0.007709
      1      -0.433806
      2       0.733496
# -------------------------------------------------------------
----------------------- !GEOMETRIES! ------------------------
# -------------------------------------------------------------
------------------------ !GEOMETRY! -------------------------
    Number of atoms:    38 
    Geometry Index:     1 
    Coordinates:
               0 C      4.054129893213   -0.392854668213    1.230191280627
               1 N      3.170369122731   -0.704696999199    0.110218173251
               2 C      2.339543904136   -1.883679241398    0.417550746845
               3 C      1.055253170221   -1.973681878312   -0.434324306752
               4 N      0.158491241940   -0.814687420822   -0.207631837209
               5 C     -1.213392415570   -0.989757078521   -0.375839939493
               6 C     -1.689311989875   -2.004635148679   -1.238853700027
               7 C     -3.049361195273   -2.260094090318   -1.445836889636
               8 C     -3.999663588553   -1.495517235569   -0.794625317139
               9 C     -3.581703577094   -0.473589416751    0.048114702282
              10 C     -2.207100718533   -0.206179012932    0.259053808643
              11 C     -1.877358214170    0.939232774178    1.181716573678
              12 N     -1.120310820220    1.948160316398    0.461267053100
              13 C     -1.551364826365    3.201004807697    0.121758866614
              14 C     -0.561985537688    3.792712505523   -0.630510225025
              15 C      0.501583970404    2.863082812078   -0.736726057031
              16 C      0.142943610467    1.727177485646   -0.031978036059
              17 C      0.839262897114    0.423775963412    0.267852054219
              18 C      2.319992371706    0.454204005865   -0.258955185212
              19 H      3.498311343959   -0.095720224100    2.126784810059
              20 H      4.738500466933    0.420152555334    0.963716564274
              21 H      4.678136313291   -1.258087920451    1.480409256448
              22 H      2.041109780641   -1.881236496840    1.475208101815
              23 H      2.939641423775   -2.786604008940    0.254975714976
              24 H      0.559302232311   -2.910797392983   -0.151515547564
              25 H      1.316758608985   -2.031820827871   -1.498241712997
              26 H     -0.991472683978   -2.614681873380   -1.806990659470
              27 H     -3.353995117127   -3.050960553981   -2.125583623948
              28 H     -5.058065385868   -1.681807759616   -0.951334686333
              29 H     -4.340121552407    0.132078871927    0.540692711256
              30 H     -1.289624313549    0.601566892070    2.042097961061
              31 H     -2.778012143163    1.422447968125    1.577878903652
              32 H     -2.526700176097    3.563224283686    0.418164370906
              33 H     -0.604807186019    4.782775925927   -1.065221050718
              34 H      1.430601941078    3.018594370847   -1.269897234336
              35 H      0.907369839188    0.352047751160    1.363500163383
              36 H      2.812492094680    1.388934100160    0.040366838886
              37 H      2.290557214753    0.479915858850   -1.357452647024
