-------------------------------------------------------------
----------------------- !PROPERTIES! ------------------------
-------------------------------------------------------------
# -----------------------------------------------------------
$ PAL_Flags
   description: The PAL Flags
   geom. index: 1
   prop. index: 1
        Diskflag:     2
# -----------------------------------------------------------
$ SCF_Energy
   description: The SCF energy
   geom. index: 1
   prop. index: 1
        SCF Energy:     -986.9428613662
# -----------------------------------------------------------
$ Mayer_Pop
   description: The Mayer population analysis
   geom. index: 1
   prop. index: 1
     Number of atoms                     : 40
     Threshold for printing              : 0.1000000
     Number of bond orders printed       : 42
  NA   - Mulliken gross atomic population
  ZA   - Total nuclear charge
  QA   - Mulliken gross atomic charge
  VA   - Mayer's total valence
  BVA  - Mayer's bonded valence
  FA   - Mayer's free valence
  ATOM       NA         ZA         QA         VA         BVA        FA
  0   0     8.4936     8.0000    -0.4936     1.9053     1.9053     0.0000
  1   0     5.6948     6.0000     0.3052     3.8332     3.8332    -0.0000
  2   0     5.8984     6.0000     0.1016     3.9170     3.9170    -0.0000
  3   0     8.5208     8.0000    -0.5208     1.8907     1.8907     0.0000
  4   0     5.7116     6.0000     0.2884     3.7221     3.7221    -0.0000
  5   0     8.5600     8.0000    -0.5600     1.9048     1.9048    -0.0000
  6   0     5.4642     6.0000     0.5358     3.8535     3.8535     0.0000
  7   0     7.3101     7.0000    -0.3101     2.8123     2.8123    -0.0000
  8   0     7.4605     7.0000    -0.4605     3.0998     3.0998    -0.0000
  9   0     5.6548     6.0000     0.3452     3.8001     3.8001     0.0000
 10   0     6.1659     6.0000    -0.1659     3.8324     3.8324    -0.0000
 11   0     6.0302     6.0000    -0.0302     3.9138     3.9138    -0.0000
 12   0     6.0340     6.0000    -0.0340     3.8939     3.8939    -0.0000
 13   0     6.0370     6.0000    -0.0370     3.8661     3.8661    -0.0000
 14   0     6.0336     6.0000    -0.0336     3.8867     3.8867    -0.0000
 15   0     6.0212     6.0000    -0.0212     3.9117     3.9117    -0.0000
 16   0     5.6433     6.0000     0.3567     3.6937     3.6937     0.0000
 17   0     6.1263     6.0000    -0.1263     3.9209     3.9209     0.0000
 18   0     5.9842     6.0000     0.0158     3.8637     3.8637     0.0000
 19   0     6.0778     6.0000    -0.0778     3.8592     3.8592    -0.0000
 20   0     5.9362     6.0000     0.0638     3.8861     3.8861     0.0000
 21   0     6.2878     6.0000    -0.2878     3.9053     3.9053     0.0000
 22   0     0.7902     1.0000     0.2098     1.0032     1.0032    -0.0000
 23   0     0.9745     1.0000     0.0255     0.9803     0.9803    -0.0000
 24   0     0.9704     1.0000     0.0296     0.9852     0.9852    -0.0000
 25   0     0.9654     1.0000     0.0346     0.9785     0.9785    -0.0000
 26   0     0.7479     1.0000     0.2521     1.0077     1.0077    -0.0000
 27   0     0.9407     1.0000     0.0593     1.0101     1.0101    -0.0000
 28   0     0.9597     1.0000     0.0403     0.9949     0.9949    -0.0000
 29   0     0.9381     1.0000     0.0619     0.9934     0.9934    -0.0000
 30   0     0.9563     1.0000     0.0437     0.9920     0.9920     0.0000
 31   0     0.9721     1.0000     0.0279     0.9949     0.9949    -0.0000
 32   0     0.9586     1.0000     0.0414     0.9856     0.9856    -0.0000
 33   0     0.9559     1.0000     0.0441     0.9855     0.9855    -0.0000
 34   0     0.9540     1.0000     0.0460     0.9856     0.9856     0.0000
 35   0     0.9501     1.0000     0.0499     1.0056     1.0056     0.0000
 36   0     0.9689     1.0000     0.0311     0.9975     0.9975     0.0000
 37   0     0.9482     1.0000     0.0518     0.9856     0.9856    -0.0000
 38   0     0.9536     1.0000     0.0464     0.9873     0.9873     0.0000
 39   0     0.9490     1.0000     0.0510     0.9939     0.9939    -0.0000
      Bond orders larger than 0.1000000
           Atom A     A.N. of A          Atom B    A.N. of B              Bond order
                0             8               1            6                0.905245
                0             8              22            1                0.958597
                1             6               2            6                1.025360
                1             6              23            1                0.971317
                1             6              24            1                0.981495
                2             6               3            8                0.934936
                2             6               4            6                0.986744
                2             6              25            1                0.960528
                3             8              26            1                0.915027
                4             6               5            8                0.817387
                4             6              27            1                0.966504
                4             6              28            1                0.978385
                5             8               6            6                1.081995
                6             6               7            7                1.559335
                6             6              21            6                1.215557
                7             7               8            7                1.073993
                8             7               9            6                0.873934
                8             7              16            6                1.066374
                9             6              10            6                0.995733
                9             6              29            1                0.978465
                9             6              30            1                0.983686
               10             6              11            6                1.419047
               10             6              15            6                1.413227
               11             6              12            6                1.426894
               11             6              31            1                1.001532
               12             6              13            6                1.418681
               12             6              32            1                0.999271
               13             6              14            6                1.409196
               13             6              33            1                0.999754
               14             6              15            6                1.431937
               14             6              34            1                0.999852
               15             6              35            1                0.998710
               16             6              17            6                1.276112
               16             6              21            6                1.335577
               17             6              18            6                1.513152
               17             6              36            1                1.016259
               18             6              19            6                1.310616
               18             6              37            1                0.994947
               19             6              20            6                1.520276
               19             6              38            1                1.000315
               20             6              21            6                1.265773
               20             6              39            1                1.007656
# -----------------------------------------------------------
$ Calculation_Info
   description: Details of the calculation
   geom. index: 1
   prop. index: 1
     Multiplicity:                          1
     Charge:                                0
     number of atoms:                       40
     number of electrons:                   0
     number of frozen core electrons:       1
     number of correlated electrons:        0
     number of basis functions:             398
     number of aux C basis functions:       0
     number of aux J basis functions:       0
     number of aux JK basis functions:      0
     number of aux CABS basis functions:    0
     Total Energy                           -986.942861
# -----------------------------------------------------------
$ SCF_Electric_Properties
   description: The SCF Calculated Electric Properties
   geom. index: 1
   prop. index: 1
       Filename                          : ./ZINC000000000073/ZINC000000000073.scfp 
       Do Dipole Moment Calculation      : true 
       Do Quadrupole Moment Calculation  : false 
       Do Polarizability Calculation     : false 
** Dipole moment part of electric properties **
        Magnitude of dipole moment (Debye) :        4.3807602099
        Electronic Contribution:
                  0    
      0      -3.386738
      1      -5.674384
      2       1.565963
        Nuclear Contribution:
                  0    
      0       1.903095
      1       4.860683
      2      -1.238688
        Total Dipole moment:
                  0    
      0      -1.483643
      1      -0.813700
      2       0.327275
# -------------------------------------------------------------
----------------------- !GEOMETRIES! ------------------------
# -------------------------------------------------------------
------------------------ !GEOMETRY! -------------------------
    Number of atoms:    40 
    Geometry Index:     1 
    Coordinates:
               0 O      4.173079128897    1.930648620127   -1.609285756707
               1 C      4.778758661808    0.800745476667   -0.983278948577
               2 C      3.710863155306   -0.047548364539   -0.290029365233
               3 O      3.072504541722    0.808284097567    0.675355058211
               4 C      2.681980653109   -0.589066012807   -1.299403164046
               5 O      2.037094555645   -1.771709796349   -0.798086932240
               6 C      0.857765510089   -1.547803813698   -0.181569986749
               7 N      0.716429793380   -0.489886595681    0.616726155262
               8 N     -0.565141763770   -0.606133077585    1.050554781558
               9 C     -1.111927386112    0.413919651964    1.935978832760
              10 C     -1.718630477130    1.553824200757    1.157214739450
              11 C     -3.099145264507    1.604419439207    0.912532810027
              12 C     -3.648078888366    2.655416281891    0.175858333600
              13 C     -2.826038509935    3.663923416185   -0.326727363045
              14 C     -1.453390961520    3.622184616399   -0.093185432558
              15 C     -0.901421141128    2.572378594328    0.641902522163
              16 C     -1.193893880064   -1.756171551437    0.622460820810
              17 C     -2.469065455278   -2.288813620776    0.863524502727
              18 C     -2.787036469571   -3.507107743033    0.254201383484
              19 C     -1.870951166711   -4.165849401337   -0.564439505019
              20 C     -0.603533186776   -3.622228111154   -0.799600146898
              21 C     -0.265412094821   -2.398587872827   -0.194117607023
              22 H      3.614188573867    2.325860524539   -0.910578757570
              23 H      5.317400307635    0.227160444587   -1.742610833027
              24 H      5.501907562616    1.182209777103   -0.256033049591
              25 H      4.181817301473   -0.870659468039    0.258368722228
              26 H      2.223727633246    0.359674060351    0.898990455172
              27 H      1.950770375273    0.173605055994   -1.601345035192
              28 H      3.202556764108   -0.912111270732   -2.208325635527
              29 H     -0.298743601876    0.771798364467    2.578261705314
              30 H     -1.849859253530   -0.057511559274    2.593656472132
              31 H     -3.759189487139    0.826909501561    1.290041711289
              32 H     -4.718011177268    2.686815500403   -0.012478137012
              33 H     -3.253904260492    4.479971930650   -0.903849944260
              34 H     -0.809504700737    4.403955796360   -0.489253345223
              35 H      0.176161474612    2.548627342706    0.803894842229
              36 H     -3.192470698325   -1.786894068653    1.496898356661
              37 H     -3.767452761787   -3.947233072846    0.421415690819
              38 H     -2.142874323558   -5.111549139516   -1.027989740608
              39 H      0.108670917617   -4.135468153530   -1.439421027068
