-------------------------------------------------------------
----------------------- !PROPERTIES! ------------------------
-------------------------------------------------------------
# -----------------------------------------------------------
$ PAL_Flags
   description: The PAL Flags
   geom. index: 1
   prop. index: 1
        Diskflag:     2
# -----------------------------------------------------------
$ SCF_Energy
   description: The SCF energy
   geom. index: 1
   prop. index: 1
        SCF Energy:    -1131.1083720400
# -----------------------------------------------------------
$ Mayer_Pop
   description: The Mayer population analysis
   geom. index: 1
   prop. index: 1
     Number of atoms                     : 39
     Threshold for printing              : 0.1000000
     Number of bond orders printed       : 39
  NA   - Mulliken gross atomic population
  ZA   - Total nuclear charge
  QA   - Mulliken gross atomic charge
  VA   - Mayer's total valence
  BVA  - Mayer's bonded valence
  FA   - Mayer's free valence
  ATOM       NA         ZA         QA         VA         BVA        FA
  0   0     5.9414     6.0000     0.0586     3.8819     3.8819    -0.0000
  1   0     6.1846     6.0000    -0.1846     3.8233     3.8233     0.0000
  2   0     5.7902     6.0000     0.2098     3.8213     3.8213     0.0000
  3   0     7.6270     7.0000    -0.6270     2.8479     2.8479    -0.0000
  4   0     5.8457     6.0000     0.1543     3.8797     3.8797    -0.0000
  5   0     5.8513     6.0000     0.1487     3.8677     3.8677     0.0000
  6   0     6.0234     6.0000    -0.0234     3.8575     3.8575     0.0000
  7   0     5.9421     6.0000     0.0579     3.8751     3.8751    -0.0000
  8   0     8.4596     8.0000    -0.4596     1.8726     1.8726     0.0000
  9   0     5.8397     6.0000     0.1603     3.8128     3.8128    -0.0000
 10   0     6.1728     6.0000    -0.1728     3.8046     3.8046     0.0000
 11   0     6.0260     6.0000    -0.0260     3.9052     3.9052     0.0000
 12   0     6.0072     6.0000    -0.0072     3.9408     3.9408    -0.0000
 13   0     5.9694     6.0000     0.0306     3.7922     3.7922     0.0000
 14   0    17.1405    17.0000    -0.1405     1.0258     1.0258    -0.0000
 15   0     6.0049     6.0000    -0.0049     3.9377     3.9377     0.0000
 16   0     6.0189     6.0000    -0.0189     3.9029     3.9029     0.0000
 17   0     0.9578     1.0000     0.0422     0.9933     0.9933    -0.0000
 18   0     0.9724     1.0000     0.0276     1.0007     1.0007    -0.0000
 19   0     0.9843     1.0000     0.0157     0.9869     0.9869     0.0000
 20   0     0.9530     1.0000     0.0470     0.9720     0.9720     0.0000
 21   0     1.0016     1.0000    -0.0016     0.9961     0.9961     0.0000
 22   0     0.9856     1.0000     0.0144     0.9858     0.9858     0.0000
 23   0     1.0001     1.0000    -0.0001     0.9815     0.9815    -0.0000
 24   0     0.9694     1.0000     0.0306     0.9849     0.9849    -0.0000
 25   0     0.9661     1.0000     0.0339     0.9854     0.9854     0.0000
 26   0     0.9621     1.0000     0.0379     0.9834     0.9834    -0.0000
 27   0     0.9671     1.0000     0.0329     0.9862     0.9862     0.0000
 28   0     0.9973     1.0000     0.0027     0.9828     0.9828     0.0000
 29   0     0.9776     1.0000     0.0224     0.9933     0.9933     0.0000
 30   0     0.9665     1.0000     0.0335     0.9911     0.9911    -0.0000
 31   0     0.9588     1.0000     0.0412     0.9876     0.9876    -0.0000
 32   0     0.8046     1.0000     0.1954     0.9985     0.9985    -0.0000
 33   0     0.9554     1.0000     0.0446     0.9900     0.9900    -0.0000
 34   0     0.9529     1.0000     0.0471     0.9937     0.9937    -0.0000
 35   0     0.9551     1.0000     0.0449     0.9955     0.9955     0.0000
 36   0     0.9545     1.0000     0.0455     1.0002     1.0002     0.0000
 37   0     0.9544     1.0000     0.0456     1.0002     1.0002     0.0000
 38   0     0.9588     1.0000     0.0412     0.9959     0.9959     0.0000
      Bond orders larger than 0.1000000
           Atom A     A.N. of A          Atom B    A.N. of B              Bond order
                0             6               1            6                1.010422
                0             6              17            1                0.983712
                0             6              18            1                0.976791
                0             6              19            1                0.987909
                1             6               2            6                1.011198
                1             6               6            6                0.954584
                1             6              20            1                0.946457
                2             6               3            7                0.955843
                2             6              21            1                0.967505
                2             6              22            1                0.971994
                3             7               4            6                0.950357
                3             7               5            6                0.938096
                4             6              23            1                0.975728
                4             6              24            1                0.991109
                4             6              25            1                0.992089
                5             6              26            1                0.990584
                5             6              27            1                0.991156
                5             6              28            1                0.975647
                6             6               7            6                1.020938
                6             6               8            8                0.874454
                6             6               9            6                1.025929
                7             6              29            1                0.972832
                7             6              30            1                0.980679
                7             6              31            1                0.973781
                8             8              32            1                0.969407
                9             6              10            6                0.969278
                9             6              33            1                0.969014
                9             6              34            1                0.973127
               10             6              11            6                1.414061
               10             6              16            6                1.413768
               11             6              12            6                1.429111
               11             6              35            1                1.001017
               12             6              13            6                1.406263
               12             6              36            1                1.002580
               13             6              14           17                0.946065
               13             6              15            6                1.405887
               15             6              16            6                1.427927
               15             6              37            1                1.002208
               16             6              38            1                0.999775
# -----------------------------------------------------------
$ Calculation_Info
   description: Details of the calculation
   geom. index: 1
   prop. index: 1
     Multiplicity:                          1
     Charge:                                0
     number of atoms:                       39
     number of electrons:                   0
     number of frozen core electrons:       1
     number of correlated electrons:        0
     number of basis functions:             352
     number of aux C basis functions:       0
     number of aux J basis functions:       0
     number of aux JK basis functions:      0
     number of aux CABS basis functions:    0
     Total Energy                           -1131.108372
# -----------------------------------------------------------
$ SCF_Electric_Properties
   description: The SCF Calculated Electric Properties
   geom. index: 1
   prop. index: 1
       Filename                          : ./ZINC000000000166/ZINC000000000166.scfp 
       Do Dipole Moment Calculation      : true 
       Do Quadrupole Moment Calculation  : false 
       Do Polarizability Calculation     : false 
** Dipole moment part of electric properties **
        Magnitude of dipole moment (Debye) :        2.4552204872
        Electronic Contribution:
                  0    
      0     -35.923785
      1      12.504039
      2       9.303188
        Nuclear Contribution:
                  0    
      0      36.644596
      1     -13.016439
      2      -8.914712
        Total Dipole moment:
                  0    
      0       0.720812
      1      -0.512400
      2       0.388476
# -------------------------------------------------------------
----------------------- !GEOMETRIES! ------------------------
# -------------------------------------------------------------
------------------------ !GEOMETRY! -------------------------
    Number of atoms:    39 
    Geometry Index:     1 
    Coordinates:
               0 C      1.143470722111    0.826216484124   -1.728555482838
               1 C      0.757930153114   -0.059817408571   -0.528957391282
               2 C      2.048605401686   -0.608790856185    0.146926968604
               3 N      3.031152286545    0.419692068898    0.543373835500
               4 C      4.292424024208   -0.212340059076    0.940796459800
               5 C      2.537583682583    1.262259749636    1.635465327053
               6 C     -0.247498448176   -1.194237255633   -0.943897892727
               7 C     -0.460740163747   -2.232383159665    0.170930571740
               8 O      0.285466725089   -1.913997569490   -2.072971836203
               9 C     -1.626254277662   -0.645113548098   -1.424863819859
              10 C     -2.445371814421    0.136251996273   -0.421580447264
              11 C     -2.345571871873    1.533308910092   -0.349831947030
              12 C     -3.099441243604    2.253961986634    0.579577444573
              13 C     -3.964564986235    1.582078781375    1.438905830506
              14 Cl    -4.891917944332    2.468714025603    2.585149946902
              15 C     -4.085667175128    0.196586877798    1.373396752866
              16 C     -3.330944054141   -0.522981830435    0.443886599294
              17 H      1.746597358730    1.682868879443   -1.410330924848
              18 H      1.725792498888    0.265292864794   -2.467216721302
              19 H      0.266792233080    1.238253153772   -2.233488425911
              20 H      0.250966741214    0.569678737663    0.210176830756
              21 H      2.532043915131   -1.291432573922   -0.563234822013
              22 H      1.787521043369   -1.203057037427    1.030574571715
              23 H      4.168230623440   -0.874640746756    1.805265585933
              24 H      4.708127941840   -0.797848759508    0.113137401047
              25 H      5.042316003643    0.546488127603    1.191133590667
              26 H      1.663625023370    1.843482190481    1.326190659109
              27 H      3.297623514149    1.996207589217    1.927501137185
              28 H      2.270701659809    0.675560914125    2.521818000375
              29 H      0.435086597868   -2.842506581440    0.330633365290
              30 H     -1.246554228307   -2.944927373147   -0.106385377562
              31 H     -0.735903349408   -1.762783156192    1.120101610483
              32 H      1.119377181685   -2.337943236258   -1.810973745889
              33 H     -2.235994263465   -1.487907978026   -1.783789637304
              34 H     -1.496498669437   -0.040673467571   -2.331950925125
              35 H     -1.680231973489    2.073659261552   -1.019791151780
              36 H     -3.008534505858    3.335842672742    0.624023278196
              37 H     -4.766206724860   -0.328758759772    2.037849732778
              38 H     -3.443539637408   -1.604263914652    0.397112233914
