-------------------------------------------------------------
----------------------- !PROPERTIES! ------------------------
-------------------------------------------------------------
# -----------------------------------------------------------
$ PAL_Flags
   description: The PAL Flags
   geom. index: 1
   prop. index: 1
        Diskflag:     2
# -----------------------------------------------------------
$ SCF_Energy
   description: The SCF energy
   geom. index: 1
   prop. index: 1
        SCF Energy:     -936.6479921237
# -----------------------------------------------------------
$ Mayer_Pop
   description: The Mayer population analysis
   geom. index: 1
   prop. index: 1
     Number of atoms                     : 46
     Threshold for printing              : 0.1000000
     Number of bond orders printed       : 47
  NA   - Mulliken gross atomic population
  ZA   - Total nuclear charge
  QA   - Mulliken gross atomic charge
  VA   - Mayer's total valence
  BVA  - Mayer's bonded valence
  FA   - Mayer's free valence
  ATOM       NA         ZA         QA         VA         BVA        FA
  0   0     5.8561     6.0000     0.1439     3.8665     3.8665    -0.0000
  1   0     7.6339     7.0000    -0.6339     2.8259     2.8259    -0.0000
  2   0     5.8449     6.0000     0.1551     3.8765     3.8765    -0.0000
  3   0     5.8766     6.0000     0.1234     3.8708     3.8708    -0.0000
  4   0     5.7035     6.0000     0.2965     3.7880     3.7880     0.0000
  5   0     8.5558     8.0000    -0.5558     1.9025     1.9025    -0.0000
  6   0     5.4396     6.0000     0.5604     3.9283     3.9283    -0.0000
  7   0     8.4452     8.0000    -0.4452     2.0080     2.0080    -0.0000
  8   0     5.9744     6.0000     0.0256     3.6868     3.6868     0.0000
  9   0     6.1072     6.0000    -0.1072     3.8212     3.8212    -0.0000
 10   0     6.0298     6.0000    -0.0298     3.8969     3.8969     0.0000
 11   0     6.0322     6.0000    -0.0322     3.9010     3.9010     0.0000
 12   0     6.0353     6.0000    -0.0353     3.8623     3.8623    -0.0000
 13   0     6.0372     6.0000    -0.0372     3.8862     3.8862    -0.0000
 14   0     6.0204     6.0000    -0.0204     3.9264     3.9264    -0.0000
 15   0     6.0746     6.0000    -0.0746     3.8166     3.8166     0.0000
 16   0     8.4851     8.0000    -0.4851     1.8688     1.8688    -0.0000
 17   0     5.9794     6.0000     0.0206     3.8351     3.8351     0.0000
 18   0     5.9987     6.0000     0.0013     3.9116     3.9116     0.0000
 19   0     6.0850     6.0000    -0.0850     4.0141     4.0141     0.0000
 20   0     5.8863     6.0000     0.1137     3.8074     3.8074    -0.0000
 21   0     0.9639     1.0000     0.0361     0.9870     0.9870    -0.0000
 22   0     0.9950     1.0000     0.0050     0.9831     0.9831     0.0000
 23   0     0.9650     1.0000     0.0350     0.9867     0.9867     0.0000
 24   0     0.9661     1.0000     0.0339     0.9854     0.9854     0.0000
 25   0     0.9665     1.0000     0.0335     0.9862     0.9862    -0.0000
 26   0     0.9965     1.0000     0.0035     0.9819     0.9819     0.0000
 27   0     0.9856     1.0000     0.0144     0.9795     0.9795    -0.0000
 28   0     0.9591     1.0000     0.0409     0.9890     0.9890    -0.0000
 29   0     0.9622     1.0000     0.0378     0.9901     0.9901     0.0000
 30   0     0.9393     1.0000     0.0607     0.9961     0.9961     0.0000
 31   0     0.9218     1.0000     0.0782     0.9943     0.9943     0.0000
 32   0     0.9534     1.0000     0.0466     0.9931     0.9931     0.0000
 33   0     0.9598     1.0000     0.0402     0.9865     0.9865     0.0000
 34   0     0.9579     1.0000     0.0421     0.9856     0.9856    -0.0000
 35   0     0.9561     1.0000     0.0439     0.9854     0.9854    -0.0000
 36   0     0.9636     1.0000     0.0364     0.9947     0.9947    -0.0000
 37   0     0.7769     1.0000     0.2231     1.0007     1.0007     0.0000
 38   0     0.9652     1.0000     0.0348     0.9787     0.9787    -0.0000
 39   0     0.9513     1.0000     0.0487     0.9953     0.9953    -0.0000
 40   0     0.9734     1.0000     0.0266     0.9730     0.9730     0.0000
 41   0     0.9608     1.0000     0.0392     0.9828     0.9828     0.0000
 42   0     0.9751     1.0000     0.0249     0.9669     0.9669     0.0000
 43   0     0.9681     1.0000     0.0319     0.9721     0.9721     0.0000
 44   0     0.9524     1.0000     0.0476     0.9901     0.9901    -0.0000
 45   0     0.9639     1.0000     0.0361     0.9842     0.9842    -0.0000
      Bond orders larger than 0.1000000
           Atom A     A.N. of A          Atom B    A.N. of B              Bond order
                0             6               1            7                0.935768
                0             6              21            1                0.992557
                0             6              22            1                0.975439
                0             6              23            1                0.991496
                1             7               2            6                0.945169
                1             7               3            6                0.943475
                2             6              24            1                0.992263
                2             6              25            1                0.991612
                2             6              26            1                0.977297
                3             6               4            6                1.036443
                3             6              27            1                0.964791
                3             6              28            1                0.975601
                4             6               5            8                0.803614
                4             6              29            1                0.981230
                4             6              30            1                0.976804
                5             8               6            6                1.087720
                6             6               7            8                1.892785
                6             6               8            6                0.961688
                8             6               9            6                0.970425
                8             6              15            6                0.977493
                8             6              31            1                0.939905
                9             6              10            6                1.400341
                9             6              14            6                1.433414
               10             6              11            6                1.435776
               10             6              32            1                0.995019
               11             6              12            6                1.411771
               11             6              33            1                1.000497
               12             6              13            6                1.413611
               12             6              34            1                1.000543
               13             6              14            6                1.426555
               13             6              35            1                0.999211
               14             6              36            1                1.000423
               15             6              16            8                0.878831
               15             6              17            6                0.998853
               15             6              20            6                0.982896
               16             8              37            1                0.950955
               17             6              18            6                1.014641
               17             6              38            1                0.963181
               17             6              39            1                0.967152
               18             6              19            6                1.038824
               18             6              40            1                0.981859
               18             6              41            1                0.967928
               19             6              20            6                1.051054
               19             6              42            1                0.972025
               19             6              43            1                0.972488
               20             6              44            1                0.950891
               20             6              45            1                0.974848
# -----------------------------------------------------------
$ Calculation_Info
   description: Details of the calculation
   geom. index: 1
   prop. index: 1
     Multiplicity:                          1
     Charge:                                0
     number of atoms:                       46
     number of electrons:                   0
     number of frozen core electrons:       1
     number of correlated electrons:        0
     number of basis functions:             419
     number of aux C basis functions:       0
     number of aux J basis functions:       0
     number of aux JK basis functions:      0
     number of aux CABS basis functions:    0
     Total Energy                           -936.647992
# -----------------------------------------------------------
$ SCF_Electric_Properties
   description: The SCF Calculated Electric Properties
   geom. index: 1
   prop. index: 1
       Filename                          : ./ZINC000000000196/ZINC000000000196.scfp 
       Do Dipole Moment Calculation      : true 
       Do Quadrupole Moment Calculation  : false 
       Do Polarizability Calculation     : false 
** Dipole moment part of electric properties **
        Magnitude of dipole moment (Debye) :        3.6109933616
        Electronic Contribution:
                  0    
      0      -8.845800
      1       0.435884
      2      -1.087538
        Nuclear Contribution:
                  0    
      0       9.508555
      1       0.442211
      2       1.986391
        Total Dipole moment:
                  0    
      0       0.662755
      1       0.878095
      2       0.898853
# -------------------------------------------------------------
----------------------- !GEOMETRIES! ------------------------
# -------------------------------------------------------------
------------------------ !GEOMETRY! -------------------------
    Number of atoms:    46 
    Geometry Index:     1 
    Coordinates:
               0 C      5.479397294431    0.517256499044   -1.292395862233
               1 N      4.800425187093    0.424953501720    0.001270796662
               2 C      5.530530240284    1.212926435968    0.994631351697
               3 C      3.404501565210    0.885757286692   -0.078713539445
               4 C      2.485942394426   -0.027457486794   -0.906293217325
               5 O      1.137300984886    0.447746081981   -0.757181081792
               6 C      0.165179700768   -0.449288341301   -1.086739507471
               7 O      0.380247638442   -1.548035708444   -1.585312296916
               8 C     -1.227036390070    0.116064872022   -0.793851917953
               9 C     -1.320897092706    0.701902869107    0.616236106015
              10 C     -0.866147873270   -0.003981028085    1.740118990642
              11 C     -0.974848108633    0.543265301736    3.020008600152
              12 C     -1.528015309339    1.807910451263    3.193954840702
              13 C     -1.968091052746    2.530215946460    2.088303203902
              14 C     -1.863194622924    1.983841823365    0.807555347498
              15 C     -2.342583322194   -0.915111755414   -1.161447844374
              16 O     -2.190698453727   -1.268730615112   -2.557496896913
              17 C     -2.381895524515   -2.220746438374   -0.348198828668
              18 C     -3.787984994679   -2.753048583200   -0.600253492600
              19 C     -4.650207100203   -1.505397742385   -0.512941555766
              20 C     -3.785781672645   -0.360229759957   -1.045710092050
              21 H      5.013348947391   -0.139584069414   -2.031571882400
              22 H      5.483415525843    1.539438090933   -1.686076389357
              23 H      6.517269171122    0.182389063347   -1.207953880740
              24 H      6.555681441270    0.845105708465    1.097189298202
              25 H      5.064550658409    1.121189888630    1.979302355324
              26 H      5.572554912248    2.273464206993    0.728074601895
              27 H      3.346854294620    1.909779248708   -0.468830532724
              28 H      2.982066794821    0.933026221708    0.933518783197
              29 H      2.746017179824    0.013096321861   -1.968065743364
              30 H      2.567874751150   -1.061839953365   -0.544927382268
              31 H     -1.321340764738    0.942391534370   -1.518053432617
              32 H     -0.417324445279   -0.991497370645    1.636672794296
              33 H     -0.625216179421   -0.016840295747    3.878431702542
              34 H     -1.613738197179    2.229852567074    4.190093403024
              35 H     -2.398773882720    3.521987114314    2.223050436003
              36 H     -2.216453872935    2.563066417548   -0.039649188016
              37 H     -1.375044385633   -1.807653509142   -2.630100280741
              38 H     -2.270226140411   -2.051061553580    0.725417350287
              39 H     -1.633927356502   -2.954946599936   -0.663521012309
              40 H     -4.073455507564   -3.507555778850    0.135792166593
              41 H     -3.861823328281   -3.202087307097   -1.597058157940
              42 H     -4.902580478659   -1.307431935895    0.532239792784
              43 H     -5.592000016286   -1.607886649823   -1.060849714349
              44 H     -4.168815297493   -0.029154801834   -2.018834288464
              45 H     -3.875057311483    0.482939831087   -0.359833902625
