-------------------------------------------------------------
----------------------- !PROPERTIES! ------------------------
-------------------------------------------------------------
# -------------------------------------------------------------
----------------------- !GEOMETRIES! ------------------------
# -------------------------------------------------------------
------------------------ !GEOMETRY! -------------------------
    Number of atoms:    48 
    Geometry Index:     1 
    Coordinates:
               0  C      2.604199370460   -1.540393456626   -1.008090403290
               1  N      3.065284616003   -1.248153741937    0.414007424914
               2  C      4.502456071297   -1.707008254534    0.582273029988
               3  C      2.139631930123   -1.955143755256    1.422142548039
               4  C      1.804408277083   -0.897674890687    2.457640564494
               5  C      1.706615433706    0.379134848206    1.639789615339
               6  O      0.524474086928    0.386941057717    0.818929101995
               7  C     -0.651499329419    0.650760207264    1.470381890534
               8  O     -0.695704241543    0.958913650589    2.657968922830
               9  C     -1.897408888769    0.522593378927    0.541980271112
              10  O     -2.944043994918    0.016396735280    1.400434547780
              11  C     -2.394522049923    1.879297006999    0.022594033252
              12  C     -3.681544213223    1.966535983141   -0.547819672758
              13  C     -4.170804085717    3.174331030321   -1.046834343951
              14  C     -3.383933494288    4.319837145320   -0.987838565873
              15  C     -2.108942208906    4.257755710193   -0.431638369404
              16  C     -1.614835712187    3.048774192020    0.067558765194
              17  C     -1.654493791265   -0.523197558830   -0.562345063139
              18  C     -1.219070460884   -0.156694959655   -1.850794149969
              19  C     -0.976048842583   -1.123688265852   -2.830418659639
              20  C     -1.148962731426   -2.474105539597   -2.538424319501
              21  C     -1.567590377154   -2.860626281102   -1.268358643403
              22  C     -1.815812975974   -1.895540656053   -0.289409138087
              23  C      2.930462681401    0.267176839385    0.729245325402
              24  H      1.589476850858   -1.158658667894   -1.131434082369
              25  H      3.286052173723   -1.037686777944   -1.700095665071
              26  H      2.630611173640   -2.622962235267   -1.161295448806
              27  H      5.129778553970   -1.128518937148   -0.101781737523
              28  H      4.803025290917   -1.534266712193    1.619907622930
              29  H      4.554187617267   -2.773154990330    0.343514266036
              30  H      2.653076781237   -2.824840944123    1.844046666395
              31  H      1.241276656780   -2.287007718675    0.889921450318
              32  H      2.613315071489   -0.819480420107    3.193555936123
              33  H      0.881946806962   -1.156556594944    2.984732195313
              34  H      1.752207637735    1.291824734395    2.243479687221
              35  H     -3.144340645029    0.729519638588    2.035711748211
              36  H     -4.314857031562    1.080692627866   -0.606939693862
              37  H     -5.167518890656    3.220018155698   -1.480076573730
              38  H     -3.766776449700    5.262222608173   -1.372243239564
              39  H     -1.500260548912    5.158005101620   -0.383286266858
              40  H     -0.614850218927    3.055153438403    0.492427454625
              41  H     -1.086828534748    0.890134032376   -2.119549189056
              42  H     -0.676536251731   -0.818874415313   -3.830797268374
              43  H     -0.987619648426   -3.223986849700   -3.309797816444
              44  H     -1.733439404642   -3.912884732642   -1.046569322793
              45  H     -2.169943316979   -2.222715014948    0.688043697546
              46  H      3.839204876389    0.573190798080    1.258681253650
              47  H      2.836496381524    0.814613450799   -0.213130385777
