-------------------------------------------------------------
----------------------- !PROPERTIES! ------------------------
-------------------------------------------------------------
# -----------------------------------------------------------
$ PAL_Flags
   description: The PAL Flags
   geom. index: 1
   prop. index: 1
        Diskflag:     2
# -----------------------------------------------------------
$ SCF_Energy
   description: The SCF energy
   geom. index: 1
   prop. index: 1
        SCF Energy:    -3356.2078164097
# -----------------------------------------------------------
$ Mayer_Pop
   description: The Mayer population analysis
   geom. index: 1
   prop. index: 1
     Number of atoms                     : 40
     Threshold for printing              : 0.1000000
     Number of bond orders printed       : 41
  NA   - Mulliken gross atomic population
  ZA   - Total nuclear charge
  QA   - Mulliken gross atomic charge
  VA   - Mayer's total valence
  BVA  - Mayer's bonded valence
  FA   - Mayer's free valence
  ATOM       NA         ZA         QA         VA         BVA        FA
  0   0     5.8470     6.0000     0.1530     3.8768     3.8768    -0.0000
  1   0     7.6362     7.0000    -0.6362     2.8208     2.8208     0.0000
  2   0     5.8542     6.0000     0.1458     3.8678     3.8678    -0.0000
  3   0     5.8704     6.0000     0.1296     3.8798     3.8798    -0.0000
  4   0     5.6880     6.0000     0.3120     3.8265     3.8265     0.0000
  5   0     8.6286     8.0000    -0.6286     1.7829     1.7829     0.0000
  6   0     5.5325     6.0000     0.4675     3.7945     3.7945     0.0000
  7   0     6.1652     6.0000    -0.1652     3.7870     3.7870     0.0000
  8   0     5.9953     6.0000     0.0047     3.9003     3.9003     0.0000
  9   0     6.0340     6.0000    -0.0340     3.8771     3.8771     0.0000
 10   0     6.0363     6.0000    -0.0363     3.8628     3.8628    -0.0000
 11   0     6.0334     6.0000    -0.0334     3.8854     3.8854    -0.0000
 12   0     6.0297     6.0000    -0.0297     3.9006     3.9006    -0.0000
 13   0     6.1526     6.0000    -0.1526     3.8283     3.8283    -0.0000
 14   0     6.0159     6.0000    -0.0159     3.9193     3.9193     0.0000
 15   0     5.9917     6.0000     0.0083     3.9440     3.9440    -0.0000
 16   0     6.0984     6.0000    -0.0984     3.8525     3.8525    -0.0000
 17   0    35.0506    35.0000    -0.0506     1.0229     1.0229     0.0000
 18   0     5.9894     6.0000     0.0106     3.9139     3.9139    -0.0000
 19   0     6.0041     6.0000    -0.0041     3.9221     3.9221    -0.0000
 20   0     0.9674     1.0000     0.0326     0.9851     0.9851     0.0000
 21   0     0.9971     1.0000     0.0029     0.9814     0.9814    -0.0000
 22   0     0.9663     1.0000     0.0337     0.9859     0.9859     0.0000
 23   0     0.9949     1.0000     0.0051     0.9831     0.9831    -0.0000
 24   0     0.9673     1.0000     0.0327     0.9862     0.9862     0.0000
 25   0     0.9653     1.0000     0.0347     0.9862     0.9862    -0.0000
 26   0     0.9635     1.0000     0.0365     0.9876     0.9876     0.0000
 27   0     0.9871     1.0000     0.0129     0.9835     0.9835     0.0000
 28   0     0.9768     1.0000     0.0232     0.9804     0.9804     0.0000
 29   0     0.9785     1.0000     0.0215     0.9881     0.9881     0.0000
 30   0     0.9758     1.0000     0.0242     0.9951     0.9951     0.0000
 31   0     0.9557     1.0000     0.0443     1.0009     1.0009     0.0000
 32   0     0.9572     1.0000     0.0428     0.9858     0.9858     0.0000
 33   0     0.9576     1.0000     0.0424     0.9855     0.9855    -0.0000
 34   0     0.9591     1.0000     0.0409     0.9856     0.9856     0.0000
 35   0     0.9714     1.0000     0.0286     0.9944     0.9944    -0.0000
 36   0     0.9640     1.0000     0.0360     0.9965     0.9965     0.0000
 37   0     0.9511     1.0000     0.0489     0.9996     0.9996    -0.0000
 38   0     0.9509     1.0000     0.0491     0.9999     0.9999     0.0000
 39   0     0.9395     1.0000     0.0605     1.0033     1.0033     0.0000
      Bond orders larger than 0.1000000
           Atom A     A.N. of A          Atom B    A.N. of B              Bond order
                0             6               1            7                0.945903
                0             6              20            1                0.992300
                0             6              21            1                0.976572
                0             6              22            1                0.991848
                1             7               2            6                0.936494
                1             7               3            6                0.937441
                2             6              23            1                0.975583
                2             6              24            1                0.991330
                2             6              25            1                0.992598
                3             6               4            6                1.043647
                3             6              26            1                0.974241
                3             6              27            1                0.968536
                4             6               5            8                0.869937
                4             6              28            1                0.965161
                4             6              29            1                0.971946
                5             8               6            6                0.891075
                6             6               7            6                0.989105
                6             6              13            6                0.998348
                6             6              30            1                0.977626
                7             6               8            6                1.398428
                7             6              12            6                1.419556
                8             6               9            6                1.435199
                8             6              31            1                1.000211
                9             6              10            6                1.399466
                9             6              32            1                1.001047
               10             6              11            6                1.425668
               10             6              33            1                0.999655
               11             6              12            6                1.413259
               11             6              34            1                0.999249
               12             6              35            1                1.002932
               13             6              14            6                1.408200
               13             6              19            6                1.424465
               14             6              15            6                1.448113
               14             6              36            1                0.999227
               15             6              16            6                1.412913
               15             6              37            1                0.998741
               16             6              17           35                0.986733
               16             6              18            6                1.413789
               18             6              19            6                1.425956
               18             6              38            1                1.000611
               19             6              39            1                0.997613
# -----------------------------------------------------------
$ Calculation_Info
   description: Details of the calculation
   geom. index: 1
   prop. index: 1
     Multiplicity:                          1
     Charge:                                0
     number of atoms:                       40
     number of electrons:                   0
     number of frozen core electrons:       1
     number of correlated electrons:        0
     number of basis functions:             398
     number of aux C basis functions:       0
     number of aux J basis functions:       0
     number of aux JK basis functions:      0
     number of aux CABS basis functions:    0
     Total Energy                           -3356.207816
# -----------------------------------------------------------
$ SCF_Electric_Properties
   description: The SCF Calculated Electric Properties
   geom. index: 1
   prop. index: 1
       Filename                          : ./ZINC000000000095/ZINC000000000095.scfp 
       Do Dipole Moment Calculation      : true 
       Do Quadrupole Moment Calculation  : false 
       Do Polarizability Calculation     : false 
** Dipole moment part of electric properties **
        Magnitude of dipole moment (Debye) :        3.2937986502
        Electronic Contribution:
                  0    
      0     -77.625649
      1      57.400027
      2      -6.505765
        Nuclear Contribution:
                  0    
      0      78.350081
      1     -58.453758
      2       6.715736
        Total Dipole moment:
                  0    
      0       0.724432
      1      -1.053730
      2       0.209971
# -------------------------------------------------------------
----------------------- !GEOMETRIES! ------------------------
# -------------------------------------------------------------
------------------------ !GEOMETRY! -------------------------
    Number of atoms:    40 
    Geometry Index:     1 
    Coordinates:
               0 C      5.154857827934    0.702480207324   -0.375039621653
               1 N      4.058890484084    0.108831293655    0.396477116209
               2 C      4.228691823755   -1.345023006816    0.451974155742
               3 C      2.765040060573    0.484727097034   -0.205047844786
               4 C      1.546488857820    0.143870758665    0.665696377830
               5 O      0.371576288972    0.647030417106    0.020372394293
               6 C     -0.830207370628    0.347043439832    0.748924911916
               7 C     -1.305046126611   -1.059418718545    0.415263145958
               8 C     -1.387391100951   -1.499685240835   -0.915795120691
               9 C     -1.829914328541   -2.789323711092   -1.213273351580
              10 C     -2.197445400645   -3.654692138351   -0.185185526791
              11 C     -2.123759699145   -3.231923012809    1.140576395348
              12 C     -1.681484704563   -1.941982326983    1.440519921278
              13 C     -1.893045135782    1.399559089852    0.446484344387
              14 C     -2.956197849732    1.594882176356    1.346231956730
              15 C     -3.950540592716    2.541166949027    1.084942918861
              16 C     -3.892891848860    3.299501420066   -0.081546881771
              17 Br    -5.237963121090    4.579552397173   -0.436288363526
              18 C     -2.852713747800    3.119619519496   -0.989267586836
              19 C     -1.859702833888    2.172358318102   -0.726638492841
              20 H      6.121633918718    0.463904903857    0.082458741723
              21 H      5.167592861718    0.351496659275   -1.413392317544
              22 H      5.075294849436    1.795354810610   -0.380058784863
              23 H      4.149346005919   -1.809276303003   -0.537672424736
              24 H      5.208140103952   -1.601152986101    0.872320551062
              25 H      3.488081007021   -1.805409457571    1.113133559357
              26 H      2.743104960223    1.570781252501   -0.370060081282
              27 H      2.642855982672    0.034810798482   -1.199792072515
              28 H      1.648820734163    0.615801146895    1.649901489492
              29 H      1.453793939084   -0.939001638973    0.794185070506
              30 H     -0.603796747782    0.424115417915    1.821635634865
              31 H     -1.103255430908   -0.832505572549   -1.727160081083
              32 H     -1.889480314730   -3.116482752505   -2.247946755097
              33 H     -2.543788967319   -4.658208533917   -0.417859245251
              34 H     -2.413183952883   -3.907313102217    1.941554130873
              35 H     -1.633164212561   -1.630741444803    2.481470893455
              36 H     -3.018615740711    1.004120157901    2.257698990346
              37 H     -4.763260841670    2.674926115543    1.793658437467
              38 H     -2.803511443485    3.706665465676   -1.902213453384
              39 H     -1.053848193044    2.039540134725   -1.446047088519
