-------------------------------------------------------------
----------------------- !PROPERTIES! ------------------------
-------------------------------------------------------------
# -----------------------------------------------------------
$ PAL_Flags
   description: The PAL Flags
   geom. index: 1
   prop. index: 1
        Diskflag:     2
# -----------------------------------------------------------
$ SCF_Energy
   description: The SCF energy
   geom. index: 1
   prop. index: 1
        SCF Energy:     -972.4232553683
# -----------------------------------------------------------
$ Mayer_Pop
   description: The Mayer population analysis
   geom. index: 1
   prop. index: 1
     Number of atoms                     : 44
     Threshold for printing              : 0.1000000
     Number of bond orders printed       : 44
  NA   - Mulliken gross atomic population
  ZA   - Total nuclear charge
  QA   - Mulliken gross atomic charge
  VA   - Mayer's total valence
  BVA  - Mayer's bonded valence
  FA   - Mayer's free valence
  ATOM       NA         ZA         QA         VA         BVA        FA
  0   0     5.7664     6.0000     0.2336     3.8254     3.8254     0.0000
  1   0     8.5459     8.0000    -0.5459     1.9178     1.9178    -0.0000
  2   0     5.4422     6.0000     0.5578     4.0423     4.0423    -0.0000
  3   0     8.4205     8.0000    -0.4205     2.0415     2.0415    -0.0000
  4   0     6.1998     6.0000    -0.1998     3.8440     3.8440    -0.0000
  5   0     5.8679     6.0000     0.1321     3.7827     3.7827    -0.0000
  6   0     6.1820     6.0000    -0.1820     3.8554     3.8554     0.0000
  7   0     5.9867     6.0000     0.0133     3.9331     3.9331    -0.0000
  8   0     6.0626     6.0000    -0.0626     3.8763     3.8763     0.0000
  9   0     5.9915     6.0000     0.0085     3.8679     3.8679     0.0000
 10   0     6.1504     6.0000    -0.1504     3.8572     3.8572     0.0000
 11   0     5.6295     6.0000     0.3705     3.7998     3.7998     0.0000
 12   0     8.5916     8.0000    -0.5916     1.8754     1.8754    -0.0000
 13   0     5.7220     6.0000     0.2780     3.7621     3.7621     0.0000
 14   0     5.8608     6.0000     0.1392     3.8425     3.8425    -0.0000
 15   0     8.4619     8.0000    -0.4619     1.9074     1.9074    -0.0000
 16   0     5.8251     6.0000     0.1749     3.8875     3.8875    -0.0000
 17   0     7.4792     7.0000    -0.4792     2.8562     2.8562    -0.0000
 18   0     6.0155     6.0000    -0.0155     3.9438     3.9438    -0.0000
 19   0     6.0002     6.0000    -0.0002     3.9103     3.9103    -0.0000
 20   0     6.0088     6.0000    -0.0088     3.9086     3.9086     0.0000
 21   0     0.9535     1.0000     0.0465     0.9895     0.9895     0.0000
 22   0     0.9580     1.0000     0.0420     0.9848     0.9848    -0.0000
 23   0     0.9528     1.0000     0.0472     0.9896     0.9896     0.0000
 24   0     0.9332     1.0000     0.0668     1.0067     1.0067    -0.0000
 25   0     0.9122     1.0000     0.0878     1.0079     1.0079    -0.0000
 26   0     0.9492     1.0000     0.0508     0.9959     0.9959    -0.0000
 27   0     0.9557     1.0000     0.0443     0.9865     0.9865     0.0000
 28   0     0.9509     1.0000     0.0491     0.9856     0.9856    -0.0000
 29   0     0.9589     1.0000     0.0411     0.9910     0.9910     0.0000
 30   0     0.9513     1.0000     0.0487     1.0000     1.0000    -0.0000
 31   0     0.9592     1.0000     0.0408     0.9860     0.9860    -0.0000
 32   0     0.9698     1.0000     0.0302     0.9840     0.9840    -0.0000
 33   0     0.7894     1.0000     0.2106     0.9926     0.9926    -0.0000
 34   0     0.9480     1.0000     0.0520     0.9917     0.9917     0.0000
 35   0     0.9735     1.0000     0.0265     0.9821     0.9821    -0.0000
 36   0     0.8815     1.0000     0.1185     0.9854     0.9854     0.0000
 37   0     0.9654     1.0000     0.0346     0.9769     0.9769    -0.0000
 38   0     0.9728     1.0000     0.0272     0.9838     0.9838    -0.0000
 39   0     0.9676     1.0000     0.0324     0.9886     0.9886     0.0000
 40   0     0.9864     1.0000     0.0136     0.9830     0.9830     0.0000
 41   0     0.9558     1.0000     0.0442     0.9893     0.9893     0.0000
 42   0     0.9737     1.0000     0.0263     0.9851     0.9851     0.0000
 43   0     0.9709     1.0000     0.0291     0.9863     0.9863     0.0000
      Bond orders larger than 0.1000000
           Atom A     A.N. of A          Atom B    A.N. of B              Bond order
                0             6               1            8                0.828648
                0             6              21            1                0.990983
                0             6              22            1                0.992990
                0             6              23            1                0.991072
                1             8               2            6                1.079876
                2             6               3            8                1.944203
                2             6               4            6                1.040299
                4             6               5            6                1.836688
                4             6              24            1                0.985465
                5             6               6            6                1.000051
                5             6              25            1                0.966278
                6             6               7            6                1.435307
                6             6              11            6                1.398321
                7             6               8            6                1.413662
                7             6              26            1                1.001156
                8             6               9            6                1.423841
                8             6              27            1                1.001165
                9             6              10            6                1.391632
                9             6              28            1                0.997577
               10             6              11            6                1.373772
               10             6              29            1                1.004054
               11             6              12            8                0.992521
               12             8              13            6                0.826397
               13             6              14            6                0.994430
               13             6              30            1                0.964585
               13             6              31            1                0.978396
               14             6              15            8                0.909820
               14             6              16            6                0.992844
               14             6              32            1                0.967395
               15             8              33            1                0.959803
               16             6              17            7                1.001212
               16             6              34            1                0.977076
               16             6              35            1                0.980750
               17             7              18            6                0.930326
               17             7              36            1                0.959834
               18             6              19            6                1.031660
               18             6              20            6                1.028003
               18             6              37            1                0.961806
               19             6              38            1                0.986473
               19             6              39            1                0.978764
               19             6              40            1                0.985532
               20             6              41            1                0.982728
               20             6              42            1                0.985099
               20             6              43            1                0.977436
# -----------------------------------------------------------
$ Calculation_Info
   description: Details of the calculation
   geom. index: 1
   prop. index: 1
     Multiplicity:                          1
     Charge:                                0
     number of atoms:                       44
     number of electrons:                   0
     number of frozen core electrons:       1
     number of correlated electrons:        0
     number of basis functions:             409
     number of aux C basis functions:       0
     number of aux J basis functions:       0
     number of aux JK basis functions:      0
     number of aux CABS basis functions:    0
     Total Energy                           -972.423255
# -----------------------------------------------------------
$ SCF_Electric_Properties
   description: The SCF Calculated Electric Properties
   geom. index: 1
   prop. index: 1
       Filename                          : ./ZINC000000000150/ZINC000000000150.scfp 
       Do Dipole Moment Calculation      : true 
       Do Quadrupole Moment Calculation  : false 
       Do Polarizability Calculation     : false 
** Dipole moment part of electric properties **
        Magnitude of dipole moment (Debye) :        3.6491032987
        Electronic Contribution:
                  0    
      0      28.619910
      1      -7.981922
      2       4.952294
        Nuclear Contribution:
                  0    
      0     -29.159672
      1       7.733264
      2      -3.645433
        Total Dipole moment:
                  0    
      0      -0.539762
      1      -0.248658
      2       1.306861
# -------------------------------------------------------------
----------------------- !GEOMETRIES! ------------------------
# -------------------------------------------------------------
------------------------ !GEOMETRY! -------------------------
    Number of atoms:    44 
    Geometry Index:     1 
    Coordinates:
               0 C      4.873421182094    3.478323126884   -0.912867297866
               1 O      4.287798941539    2.276815766438   -0.411443932035
               2 C      4.876757690886    1.146234305397   -0.868980201739
               3 O      5.826126943113    1.089126571238   -1.636859844426
               4 C      4.237764958976   -0.070767175338   -0.327417757902
               5 C      3.197528011071   -0.068243252801    0.520842643164
               6 C      2.561833652565   -1.295407716044    1.037996409131
               7 C      3.354933650705   -2.365397790692    1.484401454196
               8 C      2.767760722248   -3.520709275242    1.998247784934
               9 C      1.382857091962   -3.615299161461    2.079495537032
              10 C      0.579252439570   -2.553806430502    1.655088691386
              11 C      1.155878824247   -1.386645903707    1.141126389160
              12 O      0.450775529886   -0.297212162900    0.695875624535
              13 C     -0.977128262820   -0.277113547857    0.814541833770
              14 C     -1.617271056977   -0.913207094686   -0.425634751541
              15 O     -1.247721416923   -0.174753202268   -1.597375856218
              16 C     -3.153499629156   -1.039995258277   -0.317078270850
              17 N     -3.931456407885    0.148224821999    0.063771960355
              18 C     -3.909850091353    1.252234414499   -0.905663818760
              19 C     -4.695277341943    2.420443890756   -0.299070756301
              20 C     -4.526293422543    0.873827944320   -2.253507921584
              21 H      5.921023421263    3.552355423049   -0.604471032769
              22 H      4.327071397229    4.324673848258   -0.487450939166
              23 H      4.785506506982    3.522397417863   -2.003009509524
              24 H      4.680270494065   -0.992186998211   -0.689920551281
              25 H      2.744750343641    0.863838974483    0.851883344626
              26 H      4.440378800608   -2.305469043754    1.447145436730
              27 H      3.392118369983   -4.343274318484    2.338133561568
              28 H      0.924400864191   -4.517176481186    2.478527189208
              29 H     -0.494073728109   -2.681167636338    1.738889068755
              30 H     -1.243420811553    0.785426714453    0.854042611108
              31 H     -1.321688232276   -0.718222053058    1.755776277459
              32 H     -1.209521511298   -1.919067078650   -0.576251162070
              33 H     -0.280639741042   -0.052184548626   -1.545602389342
              34 H     -3.549297667462   -1.452421064537   -1.251722105300
              35 H     -3.364519111759   -1.797328511228    0.448451901451
              36 H     -3.625508576019    0.493002578337    0.971393698801
              37 H     -2.884958971745    1.604466078058   -1.060546842107
              38 H     -4.687780992417    3.283596541402   -0.973746078993
              39 H     -5.740542161706    2.148973140012   -0.111891273780
              40 H     -4.252861917664    2.742725042574    0.650403161065
              41 H     -3.920662033096    0.131809047076   -2.782629552292
              42 H     -4.598015658338    1.751835483197   -2.905095720150
              43 H     -5.536221092743    0.466724575553   -2.131092882799
