-------------------------------------------------------------
----------------------- !PROPERTIES! ------------------------
-------------------------------------------------------------
# -----------------------------------------------------------
$ PAL_Flags
   description: The PAL Flags
   geom. index: 1
   prop. index: 1
        Diskflag:     2
# -----------------------------------------------------------
$ SCF_Energy
   description: The SCF energy
   geom. index: 1
   prop. index: 1
        SCF Energy:    -1111.2898700617
# -----------------------------------------------------------
$ Mayer_Pop
   description: The Mayer population analysis
   geom. index: 1
   prop. index: 1
     Number of atoms                     : 55
     Threshold for printing              : 0.1000000
     Number of bond orders printed       : 58
  NA   - Mulliken gross atomic population
  ZA   - Total nuclear charge
  QA   - Mulliken gross atomic charge
  VA   - Mayer's total valence
  BVA  - Mayer's bonded valence
  FA   - Mayer's free valence
  ATOM       NA         ZA         QA         VA         BVA        FA
  0   0     5.8783     6.0000     0.1217     3.8041     3.8041    -0.0000
  1   0     6.4193     6.0000    -0.4193     3.8420     3.8420     0.0000
  2   0     5.9909     6.0000     0.0091     3.8614     3.8614    -0.0000
  3   0     5.9632     6.0000     0.0368     3.8409     3.8409    -0.0000
  4   0     5.7786     6.0000     0.2214     3.9758     3.9758    -0.0000
  5   0     8.4009     8.0000    -0.4009     2.0527     2.0527     0.0000
  6   0     6.1203     6.0000    -0.1203     3.8231     3.8231    -0.0000
  7   0     6.0688     6.0000    -0.0688     3.6909     3.6909     0.0000
  8   0     5.8747     6.0000     0.1253     3.9027     3.9027     0.0000
  9   0     5.9831     6.0000     0.0169     3.9144     3.9144     0.0000
 10   0     6.0729     6.0000    -0.0729     3.8764     3.8764     0.0000
 11   0     6.0442     6.0000    -0.0442     3.7401     3.7401    -0.0000
 12   0     5.9465     6.0000     0.0535     3.9556     3.9556     0.0000
 13   0     5.9334     6.0000     0.0666     3.9330     3.9330     0.0000
 14   0     6.1456     6.0000    -0.1456     3.6200     3.6200    -0.0000
 15   0     5.7805     6.0000     0.2195     3.8299     3.8299    -0.0000
 16   0     8.4196     8.0000    -0.4196     2.0219     2.0219     0.0000
 17   0     5.6646     6.0000     0.3354     3.7877     3.7877    -0.0000
 18   0     8.4547     8.0000    -0.4547     1.9353     1.9353     0.0000
 19   0     6.5225     6.0000    -0.5225     3.8014     3.8014     0.0000
 20   0     5.9035     6.0000     0.0965     3.8462     3.8462    -0.0000
 21   0     5.8140     6.0000     0.1860     3.7764     3.7764     0.0000
 22   0     5.7838     6.0000     0.2162     3.9500     3.9500     0.0000
 23   0     8.4761     8.0000    -0.4761     1.9177     1.9177     0.0000
 24   0     6.0585     6.0000    -0.0585     3.6591     3.6591     0.0000
 25   0     0.9408     1.0000     0.0592     1.0019     1.0019     0.0000
 26   0     0.9714     1.0000     0.0286     0.9942     0.9942     0.0000
 27   0     0.9779     1.0000     0.0221     0.9900     0.9900     0.0000
 28   0     0.9524     1.0000     0.0476     0.9759     0.9759    -0.0000
 29   0     0.9664     1.0000     0.0336     0.9747     0.9747    -0.0000
 30   0     0.9348     1.0000     0.0652     0.9876     0.9876    -0.0000
 31   0     0.9439     1.0000     0.0561     0.9965     0.9965     0.0000
 32   0     0.9594     1.0000     0.0406     1.0104     1.0104    -0.0000
 33   0     0.9656     1.0000     0.0344     0.9834     0.9834     0.0000
 34   0     0.9562     1.0000     0.0438     0.9793     0.9793     0.0000
 35   0     0.9778     1.0000     0.0222     0.9769     0.9769     0.0000
 36   0     0.9655     1.0000     0.0345     0.9722     0.9722     0.0000
 37   0     0.9631     1.0000     0.0369     0.9713     0.9713     0.0000
 38   0     0.9474     1.0000     0.0526     1.0022     1.0022     0.0000
 39   0     0.9682     1.0000     0.0318     0.9738     0.9738     0.0000
 40   0     0.9671     1.0000     0.0329     0.9729     0.9729     0.0000
 41   0     0.9540     1.0000     0.0460     0.9744     0.9744     0.0000
 42   0     0.9710     1.0000     0.0290     0.9950     0.9950     0.0000
 43   0     0.9545     1.0000     0.0455     0.9847     0.9847     0.0000
 44   0     0.9489     1.0000     0.0511     0.9834     0.9834    -0.0000
 45   0     0.9543     1.0000     0.0457     0.9959     0.9959     0.0000
 46   0     0.7924     1.0000     0.2076     0.9840     0.9840    -0.0000
 47   0     0.9698     1.0000     0.0302     0.9825     0.9825    -0.0000
 48   0     0.9604     1.0000     0.0396     0.9907     0.9907    -0.0000
 49   0     0.9724     1.0000     0.0276     0.9887     0.9887    -0.0000
 50   0     0.9749     1.0000     0.0251     0.9856     0.9856     0.0000
 51   0     0.9699     1.0000     0.0301     1.0041     1.0041     0.0000
 52   0     0.9786     1.0000     0.0214     0.9815     0.9815    -0.0000
 53   0     0.7669     1.0000     0.2331     0.9988     0.9988    -0.0000
 54   0     0.9757     1.0000     0.0243     0.9775     0.9775     0.0000
      Bond orders larger than 0.1000000
           Atom A     A.N. of A          Atom B    A.N. of B              Bond order
                0             6               1            6                0.975986
                0             6              25            1                0.978777
                0             6              26            1                0.981789
                0             6              27            1                0.981960
                1             6               2            6                1.004780
                1             6               7            6                0.918271
                1             6              24            6                1.006690
                2             6               3            6                1.033515
                2             6              28            1                0.968340
                2             6              29            1                0.971692
                3             6               4            6                0.977075
                3             6              30            1                0.957388
                3             6              31            1                0.966287
                4             6               5            8                1.988020
                4             6               6            6                1.009736
                6             6               7            6                1.847206
                6             6              32            1                0.999173
                7             6               8            6                0.995292
                8             6               9            6                1.048832
                8             6              33            1                0.971887
                8             6              34            1                0.956989
                9             6              10            6                1.021148
                9             6              35            1                0.961299
                9             6              36            1                0.965677
               10             6              11            6                1.015372
               10             6              24            6                0.971356
               10             6              37            1                0.953929
               11             6              12            6                1.031887
               11             6              19            6                0.940998
               11             6              38            1                0.945586
               12             6              13            6                1.057652
               12             6              39            1                0.969465
               12             6              40            1                0.959900
               13             6              14            6                1.002096
               13             6              41            1                0.970968
               13             6              42            1                0.968282
               14             6              15            6                0.910511
               14             6              19            6                0.965513
               14             6              43            1                0.960838
               15             6              16            8                1.949152
               15             6              17            6                0.973414
               17             6              18            8                0.924673
               17             6              44            1                0.961747
               17             6              45            1                0.981938
               18             8              46            1                0.965265
               19             6              20            6                0.998901
               19             6              21            6                0.943879
               20             6              47            1                0.979023
               20             6              48            1                0.987442
               20             6              49            1                0.984903
               21             6              22            6                1.059591
               21             6              50            1                0.971456
               21             6              51            1                0.958042
               22             6              23            8                0.950702
               22             6              24            6                0.976211
               22             6              52            1                0.973281
               23             8              53            1                0.941892
               24             6              54            1                0.947360
# -----------------------------------------------------------
$ Calculation_Info
   description: Details of the calculation
   geom. index: 1
   prop. index: 1
     Multiplicity:                          1
     Charge:                                0
     number of atoms:                       55
     number of electrons:                   0
     number of frozen core electrons:       1
     number of correlated electrons:        0
     number of basis functions:             500
     number of aux C basis functions:       0
     number of aux J basis functions:       0
     number of aux JK basis functions:      0
     number of aux CABS basis functions:    0
     Total Energy                           -1111.289870
# -----------------------------------------------------------
$ SCF_Electric_Properties
   description: The SCF Calculated Electric Properties
   geom. index: 1
   prop. index: 1
       Filename                          : ./ZINC000000000185/ZINC000000000185.scfp 
       Do Dipole Moment Calculation      : true 
       Do Quadrupole Moment Calculation  : false 
       Do Polarizability Calculation     : false 
** Dipole moment part of electric properties **
        Magnitude of dipole moment (Debye) :        7.1972759398
        Electronic Contribution:
                  0    
      0      -3.159949
      1       2.915640
      2       3.922269
        Nuclear Contribution:
                  0    
      0       5.882795
      1      -2.891229
      2      -4.698991
        Total Dipole moment:
                  0    
      0       2.722846
      1       0.024411
      2      -0.776722
# -------------------------------------------------------------
----------------------- !GEOMETRIES! ------------------------
# -------------------------------------------------------------
------------------------ !GEOMETRY! -------------------------
    Number of atoms:    55 
    Geometry Index:     1 
    Coordinates:
               0 C     -2.649762682418    2.102926862325    0.394058104142
               1 C     -2.441997548775    0.604810989393    0.698027389642
               2 C     -2.880806888932    0.330199712503    2.167786399560
               3 C     -4.389013239989    0.347568989015    2.372672483004
               4 C     -5.060992055777   -0.615248334355    1.430830900793
               5 O     -6.108081594388   -1.191347262610    1.716209035670
               6 C     -4.469236317941   -0.805736290014    0.087011116598
               7 C     -3.307931391244   -0.227742065993   -0.269716485558
               8 C     -2.808816757573   -0.383824767264   -1.693757335607
               9 C     -1.328351613508   -0.768704376981   -1.786925344455
              10 C     -0.489113526898    0.200905207413   -0.956424222405
              11 C      1.036642522348    0.094766582057   -1.078496010268
              12 C      1.685274842722   -0.425822433222   -2.352655925162
              13 C      3.167551066948   -0.583833953525   -1.960929145356
              14 C      3.245276546528   -0.489517818328   -0.413516140096
              15 C      3.929841845536    0.826773948926   -0.014973604809
              16 O      3.305762455521    1.873557769058    0.176058428732
              17 C      5.447862288365    0.785346297757    0.136028475259
              18 O      6.110847963992    0.427018600119   -1.059868050563
              19 C      1.769529341960   -0.651492573577    0.055809089305
              20 C      1.463588691178   -2.177128212692    0.074989331744
              21 C      1.409672082395   -0.072072274004    1.452976566450
              22 C      0.110121558183    0.772740683019    1.459696568220
              23 O      0.372982983546    2.119215961305    1.075464276975
              24 C     -0.950718419145    0.136893282718    0.529601594716
              25 H     -2.126408212241    2.734431895683    1.119108058918
              26 H     -2.303012927637    2.385921212111   -0.603646716471
              27 H     -3.710290154118    2.376771023427    0.439224009986
              28 H     -2.431109739153    1.063569573741    2.847780615987
              29 H     -2.508849953563   -0.654683155646    2.483734583269
              30 H     -4.810363424800    1.345217614835    2.215890529467
              31 H     -4.613885210256    0.041012356521    3.400250020695
              32 H     -5.063808207719   -1.401274195643   -0.597375497244
              33 H     -3.396782878161   -1.132729820579   -2.238808229537
              34 H     -2.964797577993    0.568155301289   -2.217594689906
              35 H     -1.185668839229   -1.799750872254   -1.443466588371
              36 H     -1.028031415313   -0.734089228710   -2.840209504915
              37 H     -0.718942059967    1.200039068088   -1.350704731346
              38 H      1.361088125636    1.144731069272   -1.036949133416
              39 H      1.565620757516    0.271552294255   -3.188194992667
              40 H      1.272784719790   -1.390269064942   -2.665844151566
              41 H      3.539333435770   -1.554774638962   -2.307321398070
              42 H      3.768493650806    0.188439713674   -2.453312931525
              43 H      3.865452188659   -1.298766281110   -0.008447221120
              44 H      5.699515809615    0.059162372570    0.914776754103
              45 H      5.808056590872    1.766025780770    0.462923511204
              46 H      6.027251216913    1.182558848146   -1.669757858448
              47 H      2.055101220755   -2.672671411884    0.854450984716
              48 H      0.414146729410   -2.394293761365    0.282053631947
              49 H      1.713188127325   -2.674594679049   -0.866986530071
              50 H      1.264776374557   -0.901874379342    2.158026523861
              51 H      2.229419017320    0.511962263012    1.880674458935
              52 H     -0.246753888217    0.810876398903    2.492721151882
              53 H      1.327487643421    2.222604963234    0.882469071954
              54 H     -0.973143272629   -0.924761137731    0.814578771219
