-------------------------------------------------------------
----------------------- !PROPERTIES! ------------------------
-------------------------------------------------------------
# -----------------------------------------------------------
$ PAL_Flags
   description: The PAL Flags
   geom. index: 1
   prop. index: 1
        Diskflag:     2
# -----------------------------------------------------------
$ SCF_Energy
   description: The SCF energy
   geom. index: 1
   prop. index: 1
        SCF Energy:     -971.2343870752
# -----------------------------------------------------------
$ Mayer_Pop
   description: The Mayer population analysis
   geom. index: 1
   prop. index: 1
     Number of atoms                     : 42
     Threshold for printing              : 0.1000000
     Number of bond orders printed       : 43
  NA   - Mulliken gross atomic population
  ZA   - Total nuclear charge
  QA   - Mulliken gross atomic charge
  VA   - Mayer's total valence
  BVA  - Mayer's bonded valence
  FA   - Mayer's free valence
  ATOM       NA         ZA         QA         VA         BVA        FA
  0   0     6.0385     6.0000    -0.0385     3.8821     3.8821    -0.0000
  1   0     5.7984     6.0000     0.2016     4.0476     4.0476    -0.0000
  2   0     8.3517     8.0000    -0.3517     2.1042     2.1042    -0.0000
  3   0     5.8390     6.0000     0.1610     3.5559     3.5559    -0.0000
  4   0     6.0045     6.0000    -0.0045     3.8854     3.8854     0.0000
  5   0     6.0771     6.0000    -0.0771     3.8021     3.8021     0.0000
  6   0     6.0175     6.0000    -0.0175     3.8793     3.8793    -0.0000
  7   0     6.0190     6.0000    -0.0190     3.8705     3.8705     0.0000
  8   0     6.1218     6.0000    -0.1218     3.8570     3.8570    -0.0000
  9   0     5.7407     6.0000     0.2593     3.8493     3.8493    -0.0000
 10   0     8.5674     8.0000    -0.5674     1.8721     1.8721    -0.0000
 11   0     5.7167     6.0000     0.2833     3.7987     3.7987    -0.0000
 12   0     5.8653     6.0000     0.1347     3.9380     3.9380    -0.0000
 13   0     8.4568     8.0000    -0.4568     1.9120     1.9120     0.0000
 14   0     5.7895     6.0000     0.2105     3.8465     3.8465     0.0000
 15   0     7.4719     7.0000    -0.4719     2.8529     2.8529     0.0000
 16   0     6.0102     6.0000    -0.0102     3.9906     3.9906    -0.0000
 17   0     6.0217     6.0000    -0.0217     3.9152     3.9152    -0.0000
 18   0     6.0061     6.0000    -0.0061     3.8758     3.8758     0.0000
 19   0     5.7196     6.0000     0.2804     3.7764     3.7764     0.0000
 20   0     8.4482     8.0000    -0.4482     2.0951     2.0951    -0.0000
 21   0     0.9240     1.0000     0.0760     1.0018     1.0018    -0.0000
 22   0     0.9373     1.0000     0.0627     0.9834     0.9834     0.0000
 23   0     0.9369     1.0000     0.0631     0.9835     0.9835     0.0000
 24   0     0.9467     1.0000     0.0533     1.0029     1.0029     0.0000
 25   0     0.9630     1.0000     0.0370     0.9933     0.9933    -0.0000
 26   0     0.9511     1.0000     0.0489     0.9864     0.9864     0.0000
 27   0     0.9538     1.0000     0.0462     0.9927     0.9927    -0.0000
 28   0     0.9678     1.0000     0.0322     0.9832     0.9832     0.0000
 29   0     0.9431     1.0000     0.0569     0.9942     0.9942    -0.0000
 30   0     0.9766     1.0000     0.0234     0.9842     0.9842    -0.0000
 31   0     0.7874     1.0000     0.2126     0.9919     0.9919    -0.0000
 32   0     1.0022     1.0000    -0.0022     0.9680     0.9680     0.0000
 33   0     0.9630     1.0000     0.0370     0.9857     0.9857     0.0000
 34   0     0.8737     1.0000     0.1263     0.9801     0.9801    -0.0000
 35   0     0.9693     1.0000     0.0307     0.9660     0.9660    -0.0000
 36   0     0.9487     1.0000     0.0513     0.9828     0.9828    -0.0000
 37   0     0.9666     1.0000     0.0334     0.9818     0.9818    -0.0000
 38   0     0.9763     1.0000     0.0237     0.9830     0.9830    -0.0000
 39   0     0.9800     1.0000     0.0200     0.9848     0.9848     0.0000
 40   0     0.9770     1.0000     0.0230     0.9864     0.9864    -0.0000
 41   0     0.9741     1.0000     0.0259     0.9835     0.9835    -0.0000
      Bond orders larger than 0.1000000
           Atom A     A.N. of A          Atom B    A.N. of B              Bond order
                0             6               1            6                1.033217
                0             6              21            1                0.977924
                0             6              22            1                0.969507
                0             6              23            1                0.969525
                1             6               2            8                2.067055
                1             6               3            6                0.927834
                3             6               4            6                1.675643
                3             6              20            8                1.010498
                4             6               5            6                1.155542
                4             6              24            1                0.995386
                5             6               6            6                1.281684
                5             6              19            6                1.360662
                6             6               7            6                1.503194
                6             6              25            1                1.007456
                7             6               8            6                1.336076
                7             6              26            1                0.998624
                8             6               9            6                1.428439
                8             6              27            1                1.006662
                9             6              10            8                1.009410
                9             6              19            6                1.344894
               10             8              11            6                0.842978
               11             6              12            6                1.017794
               11             6              28            1                0.979085
               11             6              29            1                0.966167
               12             6              13            8                0.939844
               12             6              14            6                1.026321
               12             6              30            1                0.954908
               13             8              31            1                0.958955
               14             6              15            7                0.958498
               14             6              32            1                0.963824
               14             6              33            1                0.954888
               15             7              16            6                0.967895
               15             7              34            1                0.957548
               16             6              17            6                1.029078
               16             6              18            6                1.011185
               16             6              35            1                0.972418
               17             6              36            1                0.983076
               17             6              37            1                0.985595
               17             6              38            1                0.978140
               18             6              39            1                0.977550
               18             6              40            1                0.985111
               18             6              41            1                0.980958
               19             6              20            8                1.015115
# -----------------------------------------------------------
$ Calculation_Info
   description: Details of the calculation
   geom. index: 1
   prop. index: 1
     Multiplicity:                          1
     Charge:                                0
     number of atoms:                       42
     number of electrons:                   0
     number of frozen core electrons:       1
     number of correlated electrons:        0
     number of basis functions:             399
     number of aux C basis functions:       0
     number of aux J basis functions:       0
     number of aux JK basis functions:      0
     number of aux CABS basis functions:    0
     Total Energy                           -971.234387
# -----------------------------------------------------------
$ SCF_Electric_Properties
   description: The SCF Calculated Electric Properties
   geom. index: 1
   prop. index: 1
       Filename                          : ./ZINC000000000063/ZINC000000000063.scfp 
       Do Dipole Moment Calculation      : true 
       Do Quadrupole Moment Calculation  : false 
       Do Polarizability Calculation     : false 
** Dipole moment part of electric properties **
        Magnitude of dipole moment (Debye) :        6.9064740778
        Electronic Contribution:
                  0    
      0      33.737755
      1      -2.676405
      2      -3.639497
        Nuclear Contribution:
                  0    
      0     -33.546723
      1       5.218247
      2       4.580513
        Total Dipole moment:
                  0    
      0       0.191032
      1       2.541842
      2       0.941016
# -------------------------------------------------------------
----------------------- !GEOMETRIES! ------------------------
# -------------------------------------------------------------
------------------------ !GEOMETRY! -------------------------
    Number of atoms:    42 
    Geometry Index:     1 
    Coordinates:
               0 C      6.511324410916   -1.926700480176    1.274231612840
               1 C      5.260719519276   -1.979289409983    0.422466258369
               2 O      4.989875394776   -3.005709710356   -0.199427558892
               3 C      4.439852327325   -0.781389832900    0.402795303898
               4 C      4.565140735699    0.450710964991    1.021118785553
               5 C      3.441572396056    1.232386622589    0.629098050481
               6 C      2.980974035791    2.532042203714    0.903310978775
               7 C      1.787582748849    2.961446563765    0.303574997386
               8 C      1.060995013232    2.123074947514   -0.552456626180
               9 C      1.492650699853    0.818831399900   -0.833595992087
              10 O      0.866931146395   -0.063823603403   -1.666815863316
              11 C     -0.563226830479    0.004555024143   -1.758214372060
              12 C     -1.228125938908   -0.552079935098   -0.485436212976
              13 O     -0.845627134061   -1.925852727595   -0.323258399946
              14 C     -2.766559963260   -0.422966318636   -0.587303100954
              15 N     -3.449553942150   -0.860528706712    0.637981021962
              16 C     -4.864871048900   -0.492611362860    0.756319223229
              17 C     -5.702314659103   -0.891997728676   -0.461522462822
              18 C     -5.046969079116    0.992216950036    1.085462694968
              19 C      2.692778784407    0.427356223107   -0.220738620942
              20 O      3.294721503179   -0.792109666412   -0.350215172808
              21 H      7.048572807680   -2.882562517376    1.207660478867
              22 H      7.176808549726   -1.131463450394    0.917371798845
              23 H      6.241375340322   -1.763992559851    2.325135475813
              24 H      5.367217834844    0.756118811621    1.680403084222
              25 H      3.537257053396    3.194709117092    1.560519829867
              26 H      1.424452704547    3.970050766459    0.498695064324
              27 H      0.160056395610    2.528129137313   -1.006708897487
              28 H     -0.907789001870    1.013772435794   -2.012408821153
              29 H     -0.829714278760   -0.634383119118   -2.608547809033
              30 H     -0.871226666643   -0.016533095467    0.402065451507
              31 H      0.126780346177   -1.958058598049   -0.417394678758
              32 H     -3.007877874700    0.624419300814   -0.804462828521
              33 H     -3.113230756054   -1.040423684171   -1.424591540533
              34 H     -2.928506652998   -0.580794195042    1.466622603498
              35 H     -5.255882735671   -1.059446099612    1.612223707401
              36 H     -5.574261392889   -1.957498918323   -0.689827131732
              37 H     -6.768728536194   -0.721584833935   -0.264581208752
              38 H     -5.436114578478   -0.312618442921   -1.354687508669
              39 H     -4.734834651963    1.640527746767    0.255007547067
              40 H     -4.468324119112    1.273108994559    1.975065269125
              41 H     -6.103899906745    1.210961786900    1.294659090125
