-------------------------------------------------------------
----------------------- !PROPERTIES! ------------------------
-------------------------------------------------------------
# -----------------------------------------------------------
$ PAL_Flags
   description: The PAL Flags
   geom. index: 1
   prop. index: 1
        Diskflag:     2
# -----------------------------------------------------------
$ SCF_Energy
   description: The SCF energy
   geom. index: 1
   prop. index: 1
        SCF Energy:    -1259.4371419171
# -----------------------------------------------------------
$ Mayer_Pop
   description: The Mayer population analysis
   geom. index: 1
   prop. index: 1
     Number of atoms                     : 39
     Threshold for printing              : 0.1000000
     Number of bond orders printed       : 40
  NA   - Mulliken gross atomic population
  ZA   - Total nuclear charge
  QA   - Mulliken gross atomic charge
  VA   - Mayer's total valence
  BVA  - Mayer's bonded valence
  FA   - Mayer's free valence
  ATOM       NA         ZA         QA         VA         BVA        FA
  0   0     5.8344     6.0000     0.1656     3.8663     3.8663     0.0000
  1   0     7.6298     7.0000    -0.6298     2.8449     2.8449     0.0000
  2   0     5.8571     6.0000     0.1429     3.8796     3.8796    -0.0000
  3   0     5.8478     6.0000     0.1522     3.9028     3.9028     0.0000
  4   0     5.7484     6.0000     0.2516     3.7957     3.7957     0.0000
  5   0     8.6221     8.0000    -0.6221     1.7867     1.7867    -0.0000
  6   0     5.4954     6.0000     0.5046     3.7428     3.7428     0.0000
  7   0     6.2046     6.0000    -0.2046     3.8520     3.8520     0.0000
  8   0     6.0075     6.0000    -0.0075     3.8934     3.8934    -0.0000
  9   0     6.0091     6.0000    -0.0091     3.9470     3.9470     0.0000
 10   0     5.9652     6.0000     0.0348     3.7900     3.7900    -0.0000
 11   0    17.1407    17.0000    -0.1407     1.0266     1.0266    -0.0000
 12   0     6.0075     6.0000    -0.0075     3.9191     3.9191     0.0000
 13   0     6.0021     6.0000    -0.0021     3.9035     3.9035     0.0000
 14   0     6.0123     6.0000    -0.0123     3.8607     3.8607     0.0000
 15   0     6.0396     6.0000    -0.0396     3.8704     3.8704    -0.0000
 16   0     5.9593     6.0000     0.0407     3.8771     3.8771     0.0000
 17   0     6.1181     6.0000    -0.1181     3.8680     3.8680     0.0000
 18   0     5.8382     6.0000     0.1618     3.9239     3.9239     0.0000
 19   0     7.3755     7.0000    -0.3755     2.9872     2.9872    -0.0000
 20   0     0.9808     1.0000     0.0192     0.9805     0.9805     0.0000
 21   0     0.9744     1.0000     0.0256     0.9888     0.9888    -0.0000
 22   0     0.9870     1.0000     0.0130     0.9933     0.9933     0.0000
 23   0     0.9690     1.0000     0.0310     0.9855     0.9855    -0.0000
 24   0     0.9740     1.0000     0.0260     0.9856     0.9856     0.0000
 25   0     0.9886     1.0000     0.0114     0.9785     0.9785     0.0000
 26   0     0.9613     1.0000     0.0387     0.9884     0.9884     0.0000
 27   0     0.9673     1.0000     0.0327     0.9822     0.9822     0.0000
 28   0     0.9825     1.0000     0.0175     0.9778     0.9778     0.0000
 29   0     0.9693     1.0000     0.0307     0.9812     0.9812    -0.0000
 30   0     0.9591     1.0000     0.0409     1.0042     1.0042    -0.0000
 31   0     0.9485     1.0000     0.0515     0.9991     0.9991    -0.0000
 32   0     0.9528     1.0000     0.0472     1.0002     1.0002    -0.0000
 33   0     0.9539     1.0000     0.0461     1.0005     1.0005     0.0000
 34   0     0.9383     1.0000     0.0617     1.0044     1.0044    -0.0000
 35   0     0.9411     1.0000     0.0589     0.9984     0.9984    -0.0000
 36   0     0.9447     1.0000     0.0553     0.9860     0.9860     0.0000
 37   0     0.9471     1.0000     0.0529     0.9881     0.9881     0.0000
 38   0     0.9455     1.0000     0.0545     0.9901     0.9901     0.0000
      Bond orders larger than 0.1000000
           Atom A     A.N. of A          Atom B    A.N. of B              Bond order
                0             6               1            7                0.938314
                0             6              20            1                0.988590
                0             6              21            1                0.990492
                0             6              22            1                0.979414
                1             7               2            6                0.946137
                1             7               3            6                0.973360
                2             6              23            1                0.991181
                2             6              24            1                0.989856
                2             6              25            1                0.977815
                3             6               4            6                1.012792
                3             6              26            1                0.978825
                3             6              27            1                0.980761
                4             6               5            8                0.863610
                4             6              28            1                0.971714
                4             6              29            1                0.963904
                5             8               6            6                0.904433
                6             6               7            6                1.002542
                6             6              14            6                0.980358
                6             6              30            1                0.968750
                7             6               8            6                1.403357
                7             6              13            6                1.427757
                8             6               9            6                1.439796
                8             6              31            1                0.996678
                9             6              10            6                1.399251
                9             6              32            1                1.002781
               10             6              11           17                0.947156
               10             6              12            6                1.409746
               12             6              13            6                1.409723
               12             6              33            1                1.003973
               13             6              34            1                0.998571
               14             6              15            6                1.380765
               14             6              19            7                1.468304
               15             6              16            6                1.446446
               15             6              35            1                0.984066
               16             6              17            6                1.405437
               16             6              36            1                0.995391
               17             6              18            6                1.418179
               17             6              37            1                0.991032
               18             6              19            7                1.445166
               18             6              38            1                0.999758
# -----------------------------------------------------------
$ Calculation_Info
   description: Details of the calculation
   geom. index: 1
   prop. index: 1
     Multiplicity:                          1
     Charge:                                0
     number of atoms:                       39
     number of electrons:                   0
     number of frozen core electrons:       1
     number of correlated electrons:        0
     number of basis functions:             379
     number of aux C basis functions:       0
     number of aux J basis functions:       0
     number of aux JK basis functions:      0
     number of aux CABS basis functions:    0
     Total Energy                           -1259.437142
# -----------------------------------------------------------
$ SCF_Electric_Properties
   description: The SCF Calculated Electric Properties
   geom. index: 1
   prop. index: 1
       Filename                          : ./ZINC000000000122/ZINC000000000122.scfp 
       Do Dipole Moment Calculation      : true 
       Do Quadrupole Moment Calculation  : false 
       Do Polarizability Calculation     : false 
** Dipole moment part of electric properties **
        Magnitude of dipole moment (Debye) :        3.1396731614
        Electronic Contribution:
                  0    
      0     -34.235640
      1     -13.797825
      2       2.372255
        Nuclear Contribution:
                  0    
      0      34.542167
      1      14.951518
      2      -2.689736
        Total Dipole moment:
                  0    
      0       0.306528
      1       1.153694
      2      -0.317481
# -------------------------------------------------------------
----------------------- !GEOMETRIES! ------------------------
# -------------------------------------------------------------
------------------------ !GEOMETRY! -------------------------
    Number of atoms:    39 
    Geometry Index:     1 
    Coordinates:
               0 C      2.602498877231    0.025907552139    2.032530212002
               1 N      3.526436094490   -0.109278390153    0.910399142813
               2 C      3.800118993429    1.190299510388    0.304647846845
               3 C      3.083779011003   -1.117345560142   -0.071801665857
               4 C      1.817778560149   -0.834340002130   -0.904001969301
               5 O      0.647659685235   -0.915871394766   -0.086514541216
               6 C     -0.554859177288   -0.632259822593   -0.825188675387
               7 C     -1.752364455355   -1.311628188522   -0.161982780507
               8 C     -2.976008477621   -1.380975024833   -0.853431136196
               9 C     -4.092403214742   -1.987752108667   -0.272800455021
              10 C     -3.996800592579   -2.532009106043    1.005140309061
              11 Cl    -5.371285644082   -3.278836249191    1.721711930048
              12 C     -2.795594148981   -2.474417091264    1.707189110828
              13 C     -1.678921631547   -1.866585684608    1.126792259869
              14 C     -0.747641610757    0.875011978766   -0.971910140495
              15 C     -0.822628832147    1.697121078698    0.153575103294
              16 C     -0.988676335074    3.067819566879   -0.019963262078
              17 C     -1.074622280342    3.585223704356   -1.305994131699
              18 C     -0.989139245568    2.706383619495   -2.371899590787
              19 N     -0.826505826849    1.371637294562   -2.237001683190
              20 H      3.057490685920    0.635328688655    2.821723897700
              21 H      2.383791959000   -0.949369024030    2.481112549821
              22 H      1.658157110804    0.500766164639    1.750896699219
              23 H      4.277704333779    1.854807623414    1.033582871566
              24 H      4.500728255027    1.089397842616   -0.531527690141
              25 H      2.894287299413    1.687303683465   -0.058964906533
              26 H      2.951940413951   -2.071573036264    0.454607644496
              27 H      3.914170170972   -1.278919824840   -0.771142776237
              28 H      1.746860963771   -1.599904652731   -1.686171416322
              29 H      1.882799698278    0.141770889537   -1.394953706420
              30 H     -0.460130565951   -1.084179622992   -1.822774602284
              31 H     -3.064369687318   -0.953617028424   -1.851762711923
              32 H     -5.029326512437   -2.029855520034   -0.821512852100
              33 H     -2.718942559984   -2.899934798213    2.704094160658
              34 H     -0.747697365895   -1.831644111186    1.689427259150
              35 H     -0.750607068612    1.274582967282    1.151017281753
              36 H     -1.051058825837    3.724886977240    0.842765318964
              37 H     -1.205594847677    4.648201795080   -1.474004325019
              38 H     -1.051023205808    3.063845304413   -3.395908579373
