-------------------------------------------------------------
----------------------- !PROPERTIES! ------------------------
-------------------------------------------------------------
# -----------------------------------------------------------
$ PAL_Flags
   description: The PAL Flags
   geom. index: 1
   prop. index: 1
        Diskflag:     2
# -----------------------------------------------------------
$ SCF_Energy
   description: The SCF energy
   geom. index: 1
   prop. index: 1
        SCF Energy:    -1625.6637743128
# -----------------------------------------------------------
$ Mayer_Pop
   description: The Mayer population analysis
   geom. index: 1
   prop. index: 1
     Number of atoms                     : 37
     Threshold for printing              : 0.1000000
     Number of bond orders printed       : 37
  NA   - Mulliken gross atomic population
  ZA   - Total nuclear charge
  QA   - Mulliken gross atomic charge
  VA   - Mayer's total valence
  BVA  - Mayer's bonded valence
  FA   - Mayer's free valence
  ATOM       NA         ZA         QA         VA         BVA        FA
  0   0     5.9494     6.0000     0.0506     3.8120     3.8120     0.0000
  1   0     6.2462     6.0000    -0.2462     3.9801     3.9801    -0.0000
  2   0     5.9489     6.0000     0.0511     3.8592     3.8592    -0.0000
  3   0     5.9476     6.0000     0.0524     3.8469     3.8469    -0.0000
  4   0     7.4752     7.0000    -0.4752     2.8173     2.8173    -0.0000
  5   0     5.8288     6.0000     0.1712     3.8803     3.8803     0.0000
  6   0     5.7966     6.0000     0.2034     3.8783     3.8783     0.0000
  7   0     8.4610     8.0000    -0.4610     1.9112     1.9112    -0.0000
  8   0     5.7590     6.0000     0.2410     3.7566     3.7566     0.0000
  9   0     8.5560     8.0000    -0.5560     1.9056     1.9056     0.0000
 10   0     5.6536     6.0000     0.3464     3.8773     3.8773     0.0000
 11   0     6.1215     6.0000    -0.1215     3.8888     3.8888    -0.0000
 12   0     5.9335     6.0000     0.0665     3.8013     3.8013     0.0000
 13   0    17.1245    17.0000    -0.1245     1.0437     1.0437     0.0000
 14   0     6.0344     6.0000    -0.0344     3.9281     3.9281    -0.0000
 15   0     5.9794     6.0000     0.0206     3.9424     3.9424    -0.0000
 16   0     6.0161     6.0000    -0.0161     3.8789     3.8789    -0.0000
 17   0    17.0974    17.0000    -0.0974     1.0635     1.0635    -0.0000
 18   0     0.9746     1.0000     0.0254     0.9882     0.9882    -0.0000
 19   0     0.9817     1.0000     0.0183     0.9918     0.9918     0.0000
 20   0     0.9735     1.0000     0.0265     0.9866     0.9866    -0.0000
 21   0     0.9802     1.0000     0.0198     0.9880     0.9880     0.0000
 22   0     0.9754     1.0000     0.0246     0.9856     0.9856     0.0000
 23   0     0.9579     1.0000     0.0421     0.9915     0.9915     0.0000
 24   0     0.9719     1.0000     0.0281     0.9864     0.9864    -0.0000
 25   0     0.9575     1.0000     0.0425     0.9906     0.9906     0.0000
 26   0     0.9780     1.0000     0.0220     0.9850     0.9850     0.0000
 27   0     0.8623     1.0000     0.1377     0.9827     0.9827    -0.0000
 28   0     0.9395     1.0000     0.0605     0.9963     0.9963     0.0000
 29   0     0.9862     1.0000     0.0138     0.9966     0.9966     0.0000
 30   0     0.9809     1.0000     0.0191     0.9858     0.9858     0.0000
 31   0     0.8035     1.0000     0.1965     0.9945     0.9945    -0.0000
 32   0     0.9680     1.0000     0.0320     0.9841     0.9841    -0.0000
 33   0     0.9395     1.0000     0.0605     0.9869     0.9869    -0.0000
 34   0     0.9499     1.0000     0.0501     1.0150     1.0150    -0.0000
 35   0     0.9485     1.0000     0.0515     1.0008     1.0008     0.0000
 36   0     0.9417     1.0000     0.0583     1.0020     1.0020    -0.0000
      Bond orders larger than 0.1000000
           Atom A     A.N. of A          Atom B    A.N. of B              Bond order
                0             6               1            6                0.984905
                0             6              18            1                0.980611
                0             6              19            1                0.979950
                0             6              20            1                0.977363
                1             6               2            6                1.016405
                1             6               3            6                1.006062
                1             6               4            7                0.928038
                2             6              21            1                0.981899
                2             6              22            1                0.984439
                2             6              23            1                0.984143
                3             6              24            1                0.982803
                3             6              25            1                0.981259
                3             6              26            1                0.980695
                4             7               5            6                0.978085
                4             7              27            1                0.957197
                5             6               6            6                0.996442
                5             6              28            1                0.969602
                5             6              29            1                0.977844
                6             6               7            8                0.920636
                6             6               8            6                1.015939
                6             6              30            1                0.968214
                7             8              31            1                0.970472
                8             6               9            8                0.844512
                8             6              32            1                0.967455
                8             6              33            1                0.970761
                9             8              10            6                1.032969
               10             6              11            6                1.364248
               10             6              16            6                1.405595
               11             6              12            6                1.371094
               11             6              34            1                1.008801
               12             6              13           17                0.963254
               12             6              14            6                1.420517
               14             6              15            6                1.404437
               14             6              35            1                1.002515
               15             6              16            6                1.447307
               15             6              36            1                0.999294
               16             6              17           17                0.985293
# -----------------------------------------------------------
$ Calculation_Info
   description: Details of the calculation
   geom. index: 1
   prop. index: 1
     Multiplicity:                          1
     Charge:                                0
     number of atoms:                       37
     number of electrons:                   0
     number of frozen core electrons:       1
     number of correlated electrons:        0
     number of basis functions:             355
     number of aux C basis functions:       0
     number of aux J basis functions:       0
     number of aux JK basis functions:      0
     number of aux CABS basis functions:    0
     Total Energy                           -1625.663774
# -----------------------------------------------------------
$ SCF_Electric_Properties
   description: The SCF Calculated Electric Properties
   geom. index: 1
   prop. index: 1
       Filename                          : ./ZINC000000000174/ZINC000000000174.scfp 
       Do Dipole Moment Calculation      : true 
       Do Quadrupole Moment Calculation  : false 
       Do Polarizability Calculation     : false 
** Dipole moment part of electric properties **
        Magnitude of dipole moment (Debye) :        2.6896195204
        Electronic Contribution:
                  0    
      0     -48.211341
      1      -1.415985
      2      -2.193243
        Nuclear Contribution:
                  0    
      0      49.034151
      1       2.078417
      2       2.255393
        Total Dipole moment:
                  0    
      0       0.822810
      1       0.662432
      2       0.062150
# -------------------------------------------------------------
----------------------- !GEOMETRIES! ------------------------
# -------------------------------------------------------------
------------------------ !GEOMETRY! -------------------------
    Number of atoms:    37 
    Geometry Index:     1 
    Coordinates:
               0 C      2.737139240484    1.349952885396    0.510006401907
               1 C      2.717352222109    0.195431739258   -0.500312365553
               2 C      2.742294760182    0.797784476381   -1.920372033414
               3 C      3.977452330192   -0.668920630822   -0.326335739249
               4 N      1.495437857054   -0.612264936953   -0.428701139537
               5 C      1.192735933494   -1.374444185810    0.779070405102
               6 C      0.473811017380   -0.645817901564    1.939852044511
               7 O      0.145559702886   -1.594622247393    2.969498913464
               8 C     -0.814113085926    0.086555621880    1.526130815846
               9 O     -1.626316334848   -0.765306369341    0.714209629606
              10 C     -2.777948505385   -0.247250234443    0.183759949893
              11 C     -3.304489048763    1.007644684759    0.507639561043
              12 C     -4.491481515205    1.443885716084   -0.087270800188
              13 Cl    -5.126356122355    2.992071863253    0.317798264038
              14 C     -5.168030668296    0.642660104480   -1.003785573149
              15 C     -4.654273724898   -0.611479659225   -1.329845180574
              16 C     -3.466932050755   -1.054378919422   -0.738651969748
              17 Cl    -2.874792773148   -2.615800357321   -1.188250017501
              18 H      2.883768257752    0.992484754859    1.533321745524
              19 H      1.808942904821    1.931076046218    0.474789104432
              20 H      3.561682448908    2.041107349700    0.297943612709
              21 H      1.875504841739    1.446098272358   -2.097085801518
              22 H      3.642116049518    1.403925686060   -2.078253036673
              23 H      2.736464741651    0.014522088091   -2.688067008985
              24 H      4.882786370080   -0.087789116831   -0.538282083628
              25 H      3.971061639406   -1.525626080107   -1.010297903345
              26 H      4.076279221292   -1.052297401387    0.694616693963
              27 H      0.675062298719   -0.098047491729   -0.747066975155
              28 H      0.554816952001   -2.213605217615    0.470593837860
              29 H      2.087094384252   -1.873041170619    1.169047413673
              30 H      1.142275698099    0.077315007387    2.413240956533
              31 H      0.934051963873   -2.138606786935    3.136985837081
              32 H     -0.548261588523    0.987410518310    0.960712379872
              33 H     -1.370996083627    0.363689937221    2.429315008795
              34 H     -2.817851772636    1.660713213728    1.223934025438
              35 H     -6.091345466291    0.985447977720   -1.463529419344
              36 H     -5.180502095237   -1.240479235627   -2.043582230954
