-------------------------------------------------------------
----------------------- !PROPERTIES! ------------------------
-------------------------------------------------------------
# -----------------------------------------------------------
$ PAL_Flags
   description: The PAL Flags
   geom. index: 1
   prop. index: 1
        Diskflag:     2
# -----------------------------------------------------------
$ SCF_Energy
   description: The SCF energy
   geom. index: 1
   prop. index: 1
        SCF Energy:     -784.9679455740
# -----------------------------------------------------------
$ Mayer_Pop
   description: The Mayer population analysis
   geom. index: 1
   prop. index: 1
     Number of atoms                     : 41
     Threshold for printing              : 0.1000000
     Number of bond orders printed       : 41
  NA   - Mulliken gross atomic population
  ZA   - Total nuclear charge
  QA   - Mulliken gross atomic charge
  VA   - Mayer's total valence
  BVA  - Mayer's bonded valence
  FA   - Mayer's free valence
  ATOM       NA         ZA         QA         VA         BVA        FA
  0   0     6.0805     6.0000    -0.0805     3.9654     3.9654    -0.0000
  1   0     6.1203     6.0000    -0.1203     3.9545     3.9545     0.0000
  2   0     5.8494     6.0000     0.1506     3.8456     3.8456     0.0000
  3   0     6.2492     6.0000    -0.2492     3.8882     3.8882     0.0000
  4   0     5.9920     6.0000     0.0080     3.9079     3.9079     0.0000
  5   0     6.0558     6.0000    -0.0558     3.8773     3.8773     0.0000
  6   0     6.0002     6.0000    -0.0002     3.8633     3.8633     0.0000
  7   0     6.1486     6.0000    -0.1486     3.8658     3.8658     0.0000
  8   0     5.6469     6.0000     0.3531     3.7926     3.7926     0.0000
  9   0     8.5987     8.0000    -0.5987     1.8706     1.8706    -0.0000
 10   0     5.7256     6.0000     0.2744     3.7818     3.7818     0.0000
 11   0     5.8218     6.0000     0.1782     3.9058     3.9058     0.0000
 12   0     8.4826     8.0000    -0.4826     1.9072     1.9072    -0.0000
 13   0     5.7944     6.0000     0.2056     3.8568     3.8568    -0.0000
 14   0     7.4960     7.0000    -0.4960     2.8196     2.8196     0.0000
 15   0     6.0312     6.0000    -0.0312     3.9676     3.9676     0.0000
 16   0     6.0021     6.0000    -0.0021     3.8885     3.8885    -0.0000
 17   0     5.9693     6.0000     0.0307     3.9059     3.9059     0.0000
 18   0     0.9562     1.0000     0.0438     0.9854     0.9854     0.0000
 19   0     0.9462     1.0000     0.0538     0.9774     0.9774    -0.0000
 20   0     0.9552     1.0000     0.0448     0.9879     0.9879     0.0000
 21   0     0.9657     1.0000     0.0343     0.9866     0.9866     0.0000
 22   0     0.9434     1.0000     0.0566     0.9870     0.9870    -0.0000
 23   0     0.9652     1.0000     0.0348     0.9949     0.9949     0.0000
 24   0     0.9628     1.0000     0.0372     0.9861     0.9861     0.0000
 25   0     0.9579     1.0000     0.0421     0.9858     0.9858     0.0000
 26   0     0.9626     1.0000     0.0374     0.9927     0.9927     0.0000
 27   0     0.9643     1.0000     0.0357     0.9802     0.9802    -0.0000
 28   0     0.9587     1.0000     0.0413     0.9863     0.9863     0.0000
 29   0     0.9609     1.0000     0.0391     0.9880     0.9880     0.0000
 30   0     0.7862     1.0000     0.2138     0.9928     0.9928    -0.0000
 31   0     0.9929     1.0000     0.0071     0.9788     0.9788    -0.0000
 32   0     0.9775     1.0000     0.0225     0.9817     0.9817    -0.0000
 33   0     0.8567     1.0000     0.1433     0.9864     0.9864     0.0000
 34   0     0.9752     1.0000     0.0248     0.9675     0.9675     0.0000
 35   0     0.9743     1.0000     0.0257     0.9893     0.9893     0.0000
 36   0     0.9751     1.0000     0.0249     0.9831     0.9831    -0.0000
 37   0     0.9709     1.0000     0.0291     0.9828     0.9828     0.0000
 38   0     0.9822     1.0000     0.0178     0.9804     0.9804     0.0000
 39   0     0.9815     1.0000     0.0185     0.9895     0.9895     0.0000
 40   0     0.9638     1.0000     0.0362     0.9900     0.9900     0.0000
      Bond orders larger than 0.1000000
           Atom A     A.N. of A          Atom B    A.N. of B              Bond order
                0             6               1            6                2.008762
                0             6              18            1                0.979548
                0             6              19            1                0.977016
                1             6               2            6                0.995666
                1             6              20            1                0.976419
                2             6               3            6                0.989691
                2             6              21            1                0.977445
                2             6              22            1                0.961598
                3             6               4            6                1.443957
                3             6               8            6                1.418967
                4             6               5            6                1.412272
                4             6              23            1                1.001969
                5             6               6            6                1.427048
                5             6              24            1                1.001994
                6             6               7            6                1.391960
                6             6              25            1                0.998047
                7             6               8            6                1.374576
                7             6              26            1                1.006491
                8             6               9            8                0.977738
                9             8              10            6                0.850354
               10             6              11            6                1.024200
               10             6              27            1                0.969320
               10             6              28            1                0.961975
               11             6              12            8                0.913830
               11             6              13            6                1.026145
               11             6              29            1                0.961554
               12             8              30            1                0.960370
               13             6              14            7                0.972075
               13             6              31            1                0.952982
               13             6              32            1                0.970022
               14             7              15            6                0.931382
               14             7              33            1                0.944971
               15             6              16            6                1.021045
               15             6              17            6                1.035017
               15             6              34            1                0.967783
               16             6              35            1                0.976672
               16             6              36            1                0.982071
               16             6              37            1                0.984246
               17             6              38            1                0.985131
               17             6              39            1                0.978528
               17             6              40            1                0.985278
# -----------------------------------------------------------
$ Calculation_Info
   description: Details of the calculation
   geom. index: 1
   prop. index: 1
     Multiplicity:                          1
     Charge:                                0
     number of atoms:                       41
     number of electrons:                   0
     number of frozen core electrons:       1
     number of correlated electrons:        0
     number of basis functions:             367
     number of aux C basis functions:       0
     number of aux J basis functions:       0
     number of aux JK basis functions:      0
     number of aux CABS basis functions:    0
     Total Energy                           -784.967946
# -----------------------------------------------------------
$ SCF_Electric_Properties
   description: The SCF Calculated Electric Properties
   geom. index: 1
   prop. index: 1
       Filename                          : ./ZINC000000000023/ZINC000000000023.scfp 
       Do Dipole Moment Calculation      : true 
       Do Quadrupole Moment Calculation  : false 
       Do Polarizability Calculation     : false 
** Dipole moment part of electric properties **
        Magnitude of dipole moment (Debye) :        2.0305484715
        Electronic Contribution:
                  0    
      0     -21.081933
      1      -5.509878
      2       0.593483
        Nuclear Contribution:
                  0    
      0      20.981491
      1       4.739648
      2      -0.406831
        Total Dipole moment:
                  0    
      0      -0.100442
      1      -0.770230
      2       0.186652
# -------------------------------------------------------------
----------------------- !GEOMETRIES! ------------------------
# -------------------------------------------------------------
------------------------ !GEOMETRY! -------------------------
    Number of atoms:    41 
    Geometry Index:     1 
    Coordinates:
               0 C     -4.672460394782    2.220794647373   -2.168716167562
               1 C     -3.702300349817    1.547032568364   -1.536804519532
               2 C     -3.766123934893    1.110351593725   -0.099157672662
               3 C     -3.644713196771   -0.391443526133    0.050639146781
               4 C     -4.808829959083   -1.177017478749   -0.021433842888
               5 C     -4.740167902990   -2.563470918809    0.095361939036
               6 C     -3.507454628810   -3.180863962910    0.278744097602
               7 C     -2.340350413859   -2.414942900710    0.341264946835
               8 C     -2.397342014274   -1.021846757514    0.224218072218
               9 O     -1.308032958078   -0.191763286438    0.263912203553
              10 C     -0.015994529296   -0.793818591984    0.408017393080
              11 C      1.018885580032    0.337587229601    0.404792038681
              12 O      0.967595038878    1.020026742186   -0.861966720469
              13 C      2.439953154511   -0.213019966831    0.618033923036
              14 N      3.401438171024    0.895107543354    0.680716074809
              15 C      4.797734619980    0.455166110910    0.720094788133
              16 C      5.305719966426    0.002913406003   -0.650471014767
              17 C      5.640538248923    1.629840281469    1.220575310920
              18 H     -5.594234763281    2.499771241834   -1.668207229277
              19 H     -4.560501136921    2.505938275842   -3.210357435993
              20 H     -2.796152588149    1.291641571099   -2.082340666626
              21 H     -4.703249579038    1.440821907387    0.368112532259
              22 H     -2.973456932605    1.616125545455    0.465053198733
              23 H     -5.776825729457   -0.704258068829   -0.174343415597
              24 H     -5.647007046181   -3.159826216778    0.039456483584
              25 H     -3.451553299817   -4.262749587408    0.368801364873
              26 H     -1.402241661945   -2.941435996987    0.479490315350
              27 H      0.039261126186   -1.342786098410    1.355046012334
              28 H      0.168477181868   -1.462415420448   -0.441550200232
              29 H      0.768157570595    1.075398196819    1.176662918163
              30 H      0.031464317081    1.268090277782   -0.984714508068
              31 H      2.684286320705   -0.880120899437   -0.215681035365
              32 H      2.480823191117   -0.787896635746    1.549873198932
              33 H      3.236983892759    1.498349954368   -0.130817896761
              34 H      4.911815618897   -0.365661874160    1.438821521895
              35 H      5.189664513348    0.792074367135   -1.401883572664
              36 H      6.369431574235   -0.254725484835   -0.599952070740
              37 H      4.774005838128   -0.884569001842   -1.006785195335
              38 H      6.694327681346    1.341991018003    1.303147890256
              39 H      5.579249474244    2.489351536232    0.543150403219
              40 H      5.309179939763    1.956258660016    2.212901214124
