-------------------------------------------------------------
----------------------- !PROPERTIES! ------------------------
-------------------------------------------------------------
# -----------------------------------------------------------
$ PAL_Flags
   description: The PAL Flags
   geom. index: 1
   prop. index: 1
        Diskflag:     2
# -----------------------------------------------------------
$ SCF_Energy
   description: The SCF energy
   geom. index: 1
   prop. index: 1
        SCF Energy:     -800.3760405771
# -----------------------------------------------------------
$ Mayer_Pop
   description: The Mayer population analysis
   geom. index: 1
   prop. index: 1
     Number of atoms                     : 38
     Threshold for printing              : 0.1000000
     Number of bond orders printed       : 41
  NA   - Mulliken gross atomic population
  ZA   - Total nuclear charge
  QA   - Mulliken gross atomic charge
  VA   - Mayer's total valence
  BVA  - Mayer's bonded valence
  FA   - Mayer's free valence
  ATOM       NA         ZA         QA         VA         BVA        FA
  0   0     6.0344     6.0000    -0.0344     3.8598     3.8598    -0.0000
  1   0     6.0344     6.0000    -0.0344     3.8796     3.8796    -0.0000
  2   0     6.0265     6.0000    -0.0265     3.8988     3.8988    -0.0000
  3   0     6.0604     6.0000    -0.0604     3.8253     3.8253    -0.0000
  4   0     6.2113     6.0000    -0.2113     3.7644     3.7644     0.0000
  5   0     6.0378     6.0000    -0.0378     3.7865     3.7865    -0.0000
  6   0     6.0408     6.0000    -0.0408     3.8819     3.8819    -0.0000
  7   0     6.0361     6.0000    -0.0361     3.8836     3.8836    -0.0000
  8   0     6.0329     6.0000    -0.0329     3.8558     3.8558    -0.0000
  9   0     6.0337     6.0000    -0.0337     3.8800     3.8800     0.0000
 10   0     6.0135     6.0000    -0.0135     3.9320     3.9320    -0.0000
 11   0     5.8944     6.0000     0.1056     3.8295     3.8295    -0.0000
 12   0     6.0641     6.0000    -0.0641     3.7263     3.7263     0.0000
 13   0     5.7450     6.0000     0.2550     3.9438     3.9438    -0.0000
 14   0     7.4535     7.0000    -0.4535     2.9016     2.9016    -0.0000
 15   0     5.8569     6.0000     0.1431     3.9344     3.9344    -0.0000
 16   0     5.8605     6.0000     0.1395     3.9055     3.9055    -0.0000
 17   0     7.4293     7.0000    -0.4293     2.9774     2.9774    -0.0000
 18   0     5.9916     6.0000     0.0084     3.8845     3.8845     0.0000
 19   0     6.0381     6.0000    -0.0381     3.8787     3.8787     0.0000
 20   0     0.9588     1.0000     0.0412     0.9855     0.9855     0.0000
 21   0     0.9600     1.0000     0.0400     0.9859     0.9859    -0.0000
 22   0     0.9677     1.0000     0.0323     0.9929     0.9929     0.0000
 23   0     0.9620     1.0000     0.0380     0.9966     0.9966    -0.0000
 24   0     0.9585     1.0000     0.0415     0.9859     0.9859    -0.0000
 25   0     0.9576     1.0000     0.0424     0.9855     0.9855    -0.0000
 26   0     0.9572     1.0000     0.0428     0.9859     0.9859     0.0000
 27   0     0.9622     1.0000     0.0378     0.9948     0.9948    -0.0000
 28   0     0.9454     1.0000     0.0546     0.9868     0.9868     0.0000
 29   0     0.9242     1.0000     0.0758     0.9982     0.9982     0.0000
 30   0     0.9223     1.0000     0.0777     0.9892     0.9892     0.0000
 31   0     0.9669     1.0000     0.0331     0.9774     0.9774     0.0000
 32   0     0.9633     1.0000     0.0367     0.9725     0.9725    -0.0000
 33   0     0.9632     1.0000     0.0368     0.9713     0.9713    -0.0000
 34   0     0.9660     1.0000     0.0340     0.9798     0.9798    -0.0000
 35   0     0.8464     1.0000     0.1536     0.9939     0.9939     0.0000
 36   0     0.9656     1.0000     0.0344     0.9943     0.9943     0.0000
 37   0     0.9578     1.0000     0.0422     0.9856     0.9856     0.0000
      Bond orders larger than 0.1000000
           Atom A     A.N. of A          Atom B    A.N. of B              Bond order
                0             6               1            6                1.418506
                0             6              19            6                1.404620
                0             6              20            1                0.999923
                1             6               2            6                1.415182
                1             6              21            1                1.000041
                2             6               3            6                1.429814
                2             6              22            1                1.000137
                3             6               4            6                0.981354
                3             6              18            6                1.415236
                4             6               5            6                0.947022
                4             6              11            6                0.965466
                4             6              12            6                0.947522
                5             6               6            6                1.399674
                5             6              10            6                1.449828
                6             6               7            6                1.433788
                6             6              23            1                0.996855
                7             6               8            6                1.400762
                7             6              24            1                1.001295
                8             6               9            6                1.419292
                8             6              25            1                1.000006
                9             6              10            6                1.415193
                9             6              26            1                0.999189
               10             6              27            1                0.997293
               11             6              12            6                0.969556
               11             6              28            1                0.968039
               11             6              29            1                0.963097
               12             6              13            6                0.962714
               12             6              30            1                0.943155
               13             6              14            7                1.911440
               13             6              17            7                1.097446
               14             7              15            6                0.956884
               15             6              16            6                1.040810
               15             6              31            1                0.980430
               15             6              32            1                0.968705
               16             6              17            7                0.929685
               16             6              33            1                0.977504
               16             6              34            1                0.976484
               17             7              35            1                0.944572
               18             6              19            6                1.430017
               18             6              36            1                1.001984
               19             6              37            1                1.000220
# -----------------------------------------------------------
$ Calculation_Info
   description: Details of the calculation
   geom. index: 1
   prop. index: 1
     Multiplicity:                          1
     Charge:                                0
     number of atoms:                       38
     number of electrons:                   0
     number of frozen core electrons:       1
     number of correlated electrons:        0
     number of basis functions:             370
     number of aux C basis functions:       0
     number of aux J basis functions:       0
     number of aux JK basis functions:      0
     number of aux CABS basis functions:    0
     Total Energy                           -800.376041
# -----------------------------------------------------------
$ SCF_Electric_Properties
   description: The SCF Calculated Electric Properties
   geom. index: 1
   prop. index: 1
       Filename                          : ./ZINC000000000145/ZINC000000000145.scfp 
       Do Dipole Moment Calculation      : true 
       Do Quadrupole Moment Calculation  : false 
       Do Polarizability Calculation     : false 
** Dipole moment part of electric properties **
        Magnitude of dipole moment (Debye) :        2.8008002653
        Electronic Contribution:
                  0    
      0      -3.082020
      1       2.831868
      2       1.151891
        Nuclear Contribution:
                  0    
      0       2.978133
      1      -3.101772
      2      -0.088623
        Total Dipole moment:
                  0    
      0      -0.103887
      1      -0.269904
      2       1.063267
# -------------------------------------------------------------
----------------------- !GEOMETRIES! ------------------------
# -------------------------------------------------------------
------------------------ !GEOMETRY! -------------------------
    Number of atoms:    38 
    Geometry Index:     1 
    Coordinates:
               0 C     -2.247881677592    3.849207965937    1.822820805760
               1 C     -0.872985028187    3.636766805265    1.860965964963
               2 C     -0.305558563652    2.596944658437    1.119477711517
               3 C     -1.094109279955    1.748919750707    0.320670892966
               4 C     -0.483404339594    0.596352454732   -0.493089220483
               5 C     -0.635290269802   -0.797693303056    0.142458143555
               6 C     -0.101964166078   -1.067774403481    1.419487124996
               7 C     -0.220504626778   -2.323932612602    2.020997327896
               8 C     -0.888098315105   -3.348556892091    1.360297540422
               9 C     -1.442567939523   -3.111606575286    0.107151380252
              10 C     -1.321819788731   -1.851181367821   -0.487368755828
              11 C     -0.565497902377    0.756062758750   -2.008261036927
              12 C      0.771166296560    0.888573578487   -1.335402633526
              13 C      1.806018127086   -0.123015477971   -1.593147060387
              14 N      1.940512528027   -0.685126127179   -2.760306617015
              15 C      3.080746750129   -1.624315616207   -2.545882742699
              16 C      3.309082029823   -1.694121639918   -1.028720140332
              17 N      2.654885241845   -0.481765799179   -0.586867477250
              18 C     -2.480848175265    1.984682298875    0.306221504595
              19 C     -3.053605725316    3.022201395351    1.046070342922
              20 H     -2.691335154498    4.656860511223    2.398902967509
              21 H     -0.240032254497    4.279175121656    2.467382558229
              22 H      0.770595021861    2.446101552720    1.165446943708
              23 H      0.406163870528   -0.275804364881    1.965942015295
              24 H      0.199118483064   -2.495294501575    3.008697567717
              25 H     -0.987142166506   -4.325897711184    1.824647437039
              26 H     -1.975582547410   -3.904207022108   -0.411685171755
              27 H     -1.776814431299   -1.697628907896   -1.462757601589
              28 H     -1.002426671967    1.660158623748   -2.419420004095
              29 H     -0.717150441203   -0.105312561137   -2.647944703839
              30 H      1.174065211646    1.896522749465   -1.305395369533
              31 H      2.847745790871   -2.611113626958   -2.957590613842
              32 H      3.964636321426   -1.230074775032   -3.059769642233
              33 H      2.810401462438   -2.570287718736   -0.600473419685
              34 H      4.370086089895   -1.714034612772   -0.766649974826
              35 H      2.252166826665   -0.502370634734    0.341208351099
              36 H     -3.124469539236    1.342208105339   -0.291588450522
              37 H     -4.128301047292    3.180377921112    1.015202415676
