-------------------------------------------------------------
----------------------- !PROPERTIES! ------------------------
-------------------------------------------------------------
# -----------------------------------------------------------
$ PAL_Flags
   description: The PAL Flags
   geom. index: 1
   prop. index: 1
        Diskflag:     2
# -----------------------------------------------------------
$ SCF_Energy
   description: The SCF energy
   geom. index: 1
   prop. index: 1
        SCF Energy:    -1573.1046552372
# -----------------------------------------------------------
$ Mayer_Pop
   description: The Mayer population analysis
   geom. index: 1
   prop. index: 1
     Number of atoms                     : 62
     Threshold for printing              : 0.1000000
     Number of bond orders printed       : 66
  NA   - Mulliken gross atomic population
  ZA   - Total nuclear charge
  QA   - Mulliken gross atomic charge
  VA   - Mayer's total valence
  BVA  - Mayer's bonded valence
  FA   - Mayer's free valence
  ATOM       NA         ZA         QA         VA         BVA        FA
  0   0     5.9451     6.0000     0.0549     3.9107     3.9107    -0.0000
  1   0     5.7220     6.0000     0.2780     3.8616     3.8616    -0.0000
  2   0     5.9440     6.0000     0.0560     3.9084     3.9084    -0.0000
  3   0     8.5827     8.0000    -0.5827     1.7626     1.7626     0.0000
  4   0     5.7383     6.0000     0.2617     3.8969     3.8969     0.0000
  5   0     5.8819     6.0000     0.1181     3.8452     3.8452     0.0000
  6   0     6.0252     6.0000    -0.0252     3.7237     3.7237     0.0000
  7   0     6.1395     6.0000    -0.1395     3.8241     3.8241    -0.0000
  8   0     6.0407     6.0000    -0.0407     3.8490     3.8490    -0.0000
  9   0     5.4505     6.0000     0.5495     3.7671     3.7671    -0.0000
 10   0     9.3714     9.0000    -0.3714     0.9116     0.9116     0.0000
 11   0     6.1349     6.0000    -0.1349     3.6848     3.6848    -0.0000
 12   0     6.0712     6.0000    -0.0712     3.9072     3.9072    -0.0000
 13   0     5.6850     6.0000     0.3150     3.9350     3.9350     0.0000
 14   0     8.3920     8.0000    -0.3920     2.0552     2.0552     0.0000
 15   0     6.0735     6.0000    -0.0735     3.8590     3.8590     0.0000
 16   0     5.9274     6.0000     0.0726     3.7553     3.7553     0.0000
 17   0     6.3641     6.0000    -0.3641     3.7626     3.7626    -0.0000
 18   0     5.9090     6.0000     0.0910     3.8119     3.8119     0.0000
 19   0     5.7355     6.0000     0.2645     3.4423     3.4423    -0.0000
 20   0     9.3933     9.0000    -0.3933     0.8534     0.8534     0.0000
 21   0     5.6596     6.0000     0.3404     3.8491     3.8491    -0.0000
 22   0     8.4459     8.0000    -0.4459     1.9423     1.9423    -0.0000
 23   0     5.8902     6.0000     0.1098     3.7874     3.7874    -0.0000
 24   0     6.6138     6.0000    -0.6138     3.7951     3.7951    -0.0000
 25   0     5.8428     6.0000     0.1572     3.8168     3.8168    -0.0000
 26   0     5.8198     6.0000     0.1802     3.4144     3.4144    -0.0000
 27   0     5.8271     6.0000     0.1729     3.9025     3.9025    -0.0000
 28   0     8.4051     8.0000    -0.4051     2.0515     2.0515    -0.0000
 29   0     5.6305     6.0000     0.3695     3.7846     3.7846     0.0000
 30   0     8.4669     8.0000    -0.4669     1.9348     1.9348    -0.0000
 31   0     8.6150     8.0000    -0.6150     1.7454     1.7454    -0.0000
 32   0     0.9582     1.0000     0.0418     0.9878     0.9878     0.0000
 33   0     0.9655     1.0000     0.0345     1.0014     1.0014     0.0000
 34   0     0.9583     1.0000     0.0417     0.9875     0.9875    -0.0000
 35   0     0.9537     1.0000     0.0463     0.9883     0.9883     0.0000
 36   0     0.9784     1.0000     0.0216     0.9951     0.9951    -0.0000
 37   0     0.9594     1.0000     0.0406     0.9865     0.9865    -0.0000
 38   0     0.9459     1.0000     0.0541     0.9990     0.9990     0.0000
 39   0     0.9458     1.0000     0.0542     0.9840     0.9840     0.0000
 40   0     0.9426     1.0000     0.0574     0.9856     0.9856     0.0000
 41   0     0.9454     1.0000     0.0546     0.9828     0.9828    -0.0000
 42   0     0.9517     1.0000     0.0483     0.9746     0.9746    -0.0000
 43   0     0.9590     1.0000     0.0410     1.0001     1.0001     0.0000
 44   0     0.9364     1.0000     0.0636     0.9764     0.9764    -0.0000
 45   0     0.9609     1.0000     0.0391     0.9877     0.9877    -0.0000
 46   0     0.9407     1.0000     0.0593     1.0162     1.0162    -0.0000
 47   0     0.9482     1.0000     0.0518     1.0006     1.0006     0.0000
 48   0     0.9390     1.0000     0.0610     0.9935     0.9935     0.0000
 49   0     0.9394     1.0000     0.0606     0.9953     0.9953    -0.0000
 50   0     0.9654     1.0000     0.0346     0.9916     0.9916     0.0000
 51   0     0.9439     1.0000     0.0561     0.9931     0.9931    -0.0000
 52   0     0.9524     1.0000     0.0476     0.9889     0.9889    -0.0000
 53   0     0.7908     1.0000     0.2092     0.9930     0.9930    -0.0000
 54   0     0.9430     1.0000     0.0570     0.9821     0.9821    -0.0000
 55   0     0.9663     1.0000     0.0337     1.0134     1.0134     0.0000
 56   0     0.9742     1.0000     0.0258     0.9947     0.9947    -0.0000
 57   0     0.9752     1.0000     0.0248     1.0034     1.0034    -0.0000
 58   0     0.9411     1.0000     0.0589     1.0066     1.0066    -0.0000
 59   0     0.9475     1.0000     0.0525     0.9978     0.9978     0.0000
 60   0     0.9421     1.0000     0.0579     0.9942     0.9942    -0.0000
 61   0     0.7860     1.0000     0.2140     1.0008     1.0008    -0.0000
      Bond orders larger than 0.1000000
           Atom A     A.N. of A          Atom B    A.N. of B              Bond order
                0             6               1            6                1.037457
                0             6              32            1                0.976951
                0             6              33            1                0.975096
                0             6              34            1                0.974556
                1             6               2            6                1.045041
                1             6               3            8                0.890260
                1             6              31            8                0.831736
                2             6              35            1                0.975769
                2             6              36            1                0.971126
                2             6              37            1                0.977407
                3             8               4            6                0.854167
                4             6               5            6                1.050129
                4             6              26            6                1.046274
                4             6              38            1                0.977648
                5             6               6            6                1.003170
                5             6              39            1                0.955112
                5             6              40            1                0.955222
                6             6               7            6                0.983910
                6             6              24            6                0.952593
                6             6              41            1                0.954958
                7             6               8            6                0.988696
                7             6              19            6                1.000315
                7             6              42            1                0.945051
                8             6               9            6                1.034608
                8             6              43            1                0.956882
                8             6              44            1                0.956386
                9             6              10            9                0.859725
                9             6              11            6                0.969384
                9             6              45            1                0.978492
               11             6              12            6                1.878049
               11             6              17            6                0.914800
               12             6              13            6                1.004224
               12             6              46            1                1.006944
               13             6              14            8                1.945954
               13             6              15            6                1.005490
               15             6              16            6                1.860736
               15             6              47            1                1.003610
               16             6              17            6                0.973350
               16             6              48            1                0.989720
               17             6              18            6                0.998979
               17             6              19            6                0.959277
               18             6              49            1                0.979964
               18             6              50            1                0.981735
               18             6              51            1                0.982228
               19             6              20            9                0.771571
               19             6              21            6                0.921761
               21             6              22            8                0.953620
               21             6              23            6                1.052198
               21             6              52            1                0.952044
               22             8              53            1                0.958688
               23             6              24            6                0.987226
               23             6              54            1                0.954193
               23             6              55            1                0.945775
               24             6              25            6                0.994131
               24             6              26            6                0.862895
               25             6              56            1                0.977214
               25             6              57            1                0.976789
               25             6              58            1                0.977233
               26             6              27            6                0.901775
               26             6              31            8                0.884179
               27             6              28            8                2.004098
               27             6              29            6                0.955421
               29             6              30            8                0.943327
               29             6              59            1                0.965540
               29             6              60            1                0.957467
               30             8              61            1                0.952732
# -----------------------------------------------------------
$ Calculation_Info
   description: Details of the calculation
   geom. index: 1
   prop. index: 1
     Multiplicity:                          1
     Charge:                                0
     number of atoms:                       62
     number of electrons:                   0
     number of frozen core electrons:       1
     number of correlated electrons:        0
     number of basis functions:             598
     number of aux C basis functions:       0
     number of aux J basis functions:       0
     number of aux JK basis functions:      0
     number of aux CABS basis functions:    0
     Total Energy                           -1573.104655
# -----------------------------------------------------------
$ SCF_Electric_Properties
   description: The SCF Calculated Electric Properties
   geom. index: 1
   prop. index: 1
       Filename                          : ./ZINC000000000016/ZINC000000000016.scfp 
       Do Dipole Moment Calculation      : true 
       Do Quadrupole Moment Calculation  : false 
       Do Polarizability Calculation     : false 
** Dipole moment part of electric properties **
        Magnitude of dipole moment (Debye) :        8.4255819311
        Electronic Contribution:
                  0    
      0      23.183694
      1      -5.150774
      2      13.201779
        Nuclear Contribution:
                  0    
      0     -25.537366
      1       4.831882
      2     -15.514033
        Total Dipole moment:
                  0    
      0      -2.353671
      1      -0.318892
      2      -2.312254
# -------------------------------------------------------------
----------------------- !GEOMETRIES! ------------------------
# -------------------------------------------------------------
------------------------ !GEOMETRY! -------------------------
    Number of atoms:    62 
    Geometry Index:     1 
    Coordinates:
               0 C     -4.079489022067    0.536080485637   -2.926916023227
               1 C     -4.039768858144    0.006764233209   -1.501761983580
               2 C     -5.457871206949   -0.241246900101   -0.987995555361
               3 O     -3.288313656340   -1.200413947692   -1.469525014955
               4 C     -2.688490390631   -1.212295576900   -0.175546733879
               5 C     -1.318341968499   -1.845111293730   -0.225417265610
               6 C     -0.399520319984   -0.747879354166   -0.788875329447
               7 C      1.126617101884   -1.067029318283   -0.608143523619
               8 C      1.481730770856   -2.095664025403    0.487357064054
               9 C      2.975960454586   -2.419438997676    0.554866911256
              10 F      3.165258860073   -3.235347331920    1.632796156126
              11 C      3.819918984674   -1.177828174922    0.655704345044
              12 C      4.742121310257   -1.032429633584    1.625069163409
              13 C      5.541417906101    0.204902385594    1.762226219824
              14 O      6.409603337358    0.309422149076    2.619363583975
              15 C      5.253895902337    1.310896697155    0.824524994105
              16 C      4.337030927531    1.171139436326   -0.142783367886
              17 C      3.526765256210   -0.098618933437   -0.386266021108
              18 C      4.022370725536   -0.615282176277   -1.764259570906
              19 C      1.979429556172    0.213322820767   -0.437631963175
              20 F      1.786693281973    0.938203634597   -1.595066298891
              21 C      1.430601645164    1.088575393197    0.743661356616
              22 O      2.168562347732    0.939908077876    1.958523859632
              23 C     -0.072391453629    0.908257612658    1.054514896390
              24 C     -0.948646679991    0.584157432791   -0.169920176161
              25 C     -0.905147948989    1.778753430581   -1.150441015798
              26 C     -2.462607572816    0.253270542922    0.179436235291
              27 C     -2.840896832664    0.520587023185    1.640457514723
              28 O     -2.719140156539   -0.338907728728    2.520150124427
              29 C     -3.351430729380    1.915840834375    1.983611077662
              30 O     -3.248740960874    2.173256774298    3.375957372940
              31 O     -3.400253571021    0.962823416336   -0.649901397878
              32 H     -4.590907586747   -0.161874451502   -3.596748541538
              33 H     -3.066966717668    0.667240023594   -3.321662975603
              34 H     -4.577011098005    1.509793116014   -2.976130846466
              35 H     -5.966431252215   -1.005384007459   -1.586080928577
              36 H     -5.448356992995   -0.595864604183    0.049077377989
              37 H     -6.049280166402    0.680730434778   -1.003034288386
              38 H     -3.354187083383   -1.757615869336    0.503509503603
              39 H     -1.293688332718   -2.738591068360   -0.857531467125
              40 H     -1.040474096590   -2.120400272026    0.796226908935
              41 H     -0.582510498103   -0.697023624041   -1.872328274240
              42 H      1.409482185847   -1.534786778998   -1.561438162577
              43 H      1.149855132936   -1.751221376843    1.472928695320
              44 H      0.959380270559   -3.041843782367    0.305698655984
              45 H      3.272706481942   -2.997514868939   -0.326535795268
              46 H      4.941404473191   -1.799685602054    2.364878139345
              47 H      5.816969585011    2.225335069094    0.969316238250
              48 H      4.153153828972    2.012173171282   -0.810103421476
              49 H      3.843872398076    0.122610987263   -2.556556459543
              50 H      3.532492241925   -1.542771638909   -2.076038052915
              51 H      5.101481488502   -0.818444208222   -1.748862987363
              52 H      1.576608260318    2.136025233615    0.449217674523
              53 H      1.647366537471    0.463376212934    2.626631039921
              54 H     -0.421856939874    1.822487010802    1.551123524964
              55 H     -0.189272645748    0.116393454872    1.805246891575
              56 H     -1.486875435783    2.621343903708   -0.756984216013
              57 H     -1.316038311656    1.510718645597   -2.127749665339
              58 H      0.092847062756    2.175329833539   -1.329819188966
              59 H     -2.761316957516    2.670920134703    1.458298491982
              60 H     -4.400569560378    1.995311734232    1.687924688375
              61 H     -3.498803311648    1.344564199450    3.829757806633
