-------------------------------------------------------------
----------------------- !PROPERTIES! ------------------------
-------------------------------------------------------------
# -----------------------------------------------------------
$ PAL_Flags
   description: The PAL Flags
   geom. index: 1
   prop. index: 1
        Diskflag:     2
# -----------------------------------------------------------
$ SCF_Energy
   description: The SCF energy
   geom. index: 1
   prop. index: 1
        SCF Energy:    -1137.4596463866
# -----------------------------------------------------------
$ Mayer_Pop
   description: The Mayer population analysis
   geom. index: 1
   prop. index: 1
     Number of atoms                     : 43
     Threshold for printing              : 0.1000000
     Number of bond orders printed       : 45
  NA   - Mulliken gross atomic population
  ZA   - Total nuclear charge
  QA   - Mulliken gross atomic charge
  VA   - Mayer's total valence
  BVA  - Mayer's bonded valence
  FA   - Mayer's free valence
  ATOM       NA         ZA         QA         VA         BVA        FA
  0   0     5.7627     6.0000     0.2373     3.8543     3.8543     0.0000
  1   0     8.6162     8.0000    -0.6162     1.7977     1.7977     0.0000
  2   0     5.6904     6.0000     0.3096     3.8532     3.8532    -0.0000
  3   0     5.8573     6.0000     0.1427     3.8898     3.8898     0.0000
  4   0     5.7368     6.0000     0.2632     3.8009     3.8009    -0.0000
  5   0     7.6890     7.0000    -0.6890     2.8551     2.8551    -0.0000
  6   0     5.7455     6.0000     0.2545     3.7116     3.7116    -0.0000
  7   0     6.0940     6.0000    -0.0940     3.9163     3.9163    -0.0000
  8   0     6.0533     6.0000    -0.0533     3.9371     3.9371     0.0000
  9   0     5.6801     6.0000     0.3199     3.7409     3.7409     0.0000
 10   0     8.5557     8.0000    -0.5557     1.8823     1.8823    -0.0000
 11   0     5.6152     6.0000     0.3848     3.7897     3.7897    -0.0000
 12   0     6.1927     6.0000    -0.1927     3.8988     3.8988     0.0000
 13   0     6.0058     6.0000    -0.0058     3.9271     3.9271    -0.0000
 14   0     6.0407     6.0000    -0.0407     3.9025     3.9025     0.0000
 15   0     5.9606     6.0000     0.0394     3.9083     3.9083    -0.0000
 16   0     6.1921     6.0000    -0.1921     3.8761     3.8761    -0.0000
 17   0     5.9547     6.0000     0.0453     4.0185     4.0185    -0.0000
 18   0     7.1047     7.0000    -0.1047     3.0988     3.0988    -0.0000
 19   0     5.9218     6.0000     0.0782     3.9375     3.9375     0.0000
 20   0     6.1359     6.0000    -0.1359     3.8562     3.8562     0.0000
 21   0     6.0495     6.0000    -0.0495     3.9304     3.9304    -0.0000
 22   0     5.2603     6.0000     0.7397     4.0123     4.0123     0.0000
 23   0     8.4232     8.0000    -0.4232     2.0723     2.0723     0.0000
 24   0     8.5313     8.0000    -0.5313     1.8828     1.8828     0.0000
 25   0     0.9773     1.0000     0.0227     0.9818     0.9818     0.0000
 26   0     0.9789     1.0000     0.0211     0.9813     0.9813     0.0000
 27   0     0.9519     1.0000     0.0481     0.9870     0.9870     0.0000
 28   0     0.9780     1.0000     0.0220     0.9853     0.9853     0.0000
 29   0     0.9622     1.0000     0.0378     0.9813     0.9813    -0.0000
 30   0     0.9407     1.0000     0.0593     0.9771     0.9771     0.0000
 31   0     0.9325     1.0000     0.0675     0.9809     0.9809    -0.0000
 32   0     0.9504     1.0000     0.0496     0.9893     0.9893     0.0000
 33   0     0.9555     1.0000     0.0445     0.9901     0.9901    -0.0000
 34   0     0.9490     1.0000     0.0510     0.9982     0.9982     0.0000
 35   0     0.9639     1.0000     0.0361     0.9901     0.9901    -0.0000
 36   0     0.9459     1.0000     0.0541     0.9778     0.9778     0.0000
 37   0     0.9538     1.0000     0.0462     0.9934     0.9934    -0.0000
 38   0     0.9449     1.0000     0.0551     0.9860     0.9860    -0.0000
 39   0     0.9407     1.0000     0.0593     0.9926     0.9926     0.0000
 40   0     0.9363     1.0000     0.0637     1.0041     1.0041     0.0000
 41   0     0.9566     1.0000     0.0434     0.9952     0.9952     0.0000
 42   0     0.9119     1.0000     0.0881     1.0202     1.0202    -0.0000
      Bond orders larger than 0.1000000
           Atom A     A.N. of A          Atom B    A.N. of B              Bond order
                0             6               1            8                0.880186
                0             6              25            1                0.986311
                0             6              26            1                0.986166
                0             6              27            1                0.993740
                1             8               2            6                0.902299
                2             6               3            6                1.047559
                2             6              28            1                0.959343
                2             6              29            1                0.974577
                3             6               4            6                1.034024
                3             6              24            8                0.840245
                3             6              30            1                0.949979
                4             6               5            7                0.861948
                4             6              31            1                0.968811
                4             6              32            1                0.976894
                5             7               6            6                0.884618
                5             7              22            6                1.051768
                6             6               7            6                1.372396
                6             6              21            6                1.430974
                7             6               8            6                1.443635
                7             6              33            1                1.000695
                8             6               9            6                1.404380
                8             6              34            1                1.002770
                9             6              10            8                0.976802
                9             6              20            6                1.348816
               10             8              11            6                0.877513
               11             6              12            6                0.997345
               11             6              35            1                0.977127
               11             6              36            1                0.963327
               12             6              13            6                1.443703
               12             6              19            6                1.412791
               13             6              14            6                1.411692
               13             6              37            1                0.996913
               14             6              15            6                1.439790
               14             6              38            1                0.997730
               15             6              16            6                1.381787
               15             6              39            1                0.999544
               16             6              17            6                1.023378
               16             6              19            6                1.407127
               17             6              18            7                3.030939
               19             6              40            1                1.000791
               20             6              21            6                1.400356
               20             6              41            1                1.007811
               21             6              42            1                0.991654
               22             6              23            8                1.969767
               22             6              24            8                1.011524
# -----------------------------------------------------------
$ Calculation_Info
   description: Details of the calculation
   geom. index: 1
   prop. index: 1
     Multiplicity:                          1
     Charge:                                0
     number of atoms:                       43
     number of electrons:                   0
     number of frozen core electrons:       1
     number of correlated electrons:        0
     number of basis functions:             440
     number of aux C basis functions:       0
     number of aux J basis functions:       0
     number of aux JK basis functions:      0
     number of aux CABS basis functions:    0
     Total Energy                           -1137.459646
# -----------------------------------------------------------
$ SCF_Electric_Properties
   description: The SCF Calculated Electric Properties
   geom. index: 1
   prop. index: 1
       Filename                          : ./ZINC000000000149/ZINC000000000149.scfp 
       Do Dipole Moment Calculation      : true 
       Do Quadrupole Moment Calculation  : false 
       Do Polarizability Calculation     : false 
** Dipole moment part of electric properties **
        Magnitude of dipole moment (Debye) :        3.9820646561
        Electronic Contribution:
                  0    
      0     -19.552989
      1       1.512061
      2      -3.919628
        Nuclear Contribution:
                  0    
      0      20.611681
      1      -0.833608
      2       4.854087
        Total Dipole moment:
                  0    
      0       1.058692
      1       0.678452
      2       0.934459
# -------------------------------------------------------------
----------------------- !GEOMETRIES! ------------------------
# -------------------------------------------------------------
------------------------ !GEOMETRY! -------------------------
    Number of atoms:    43 
    Geometry Index:     1 
    Coordinates:
               0 C      7.511961947827   -1.821338556915    1.039851516246
               1 O      6.399029098378   -0.940023958139    1.139104170752
               2 C      6.259634612512   -0.138988795967   -0.033184006528
               3 C      5.078080077647    0.806621404307    0.136593027439
               4 C      3.769333575895    0.085509474250    0.362322311401
               5 N      2.832363802196    0.877863700088   -0.379246464080
               6 C      1.426904938416    0.697127649700   -0.295204955352
               7 C      0.882080954283   -0.294015410769    0.533783331970
               8 C     -0.503149950113   -0.477736912264    0.629262571160
               9 C     -1.380977335253    0.321511042192   -0.099175100256
              10 O     -2.703963573087    0.037064583039    0.085984678264
              11 C     -3.643759218267    0.799048724468   -0.671249830642
              12 C     -5.037021073815    0.294080538643   -0.370035664334
              13 C     -6.069334275436    1.190412571827   -0.058477523449
              14 C     -7.361185168772    0.725793085405    0.196765149746
              15 C     -7.638088780055   -0.640189791382    0.137282542923
              16 C     -6.622258331299   -1.546624188839   -0.180138061322
              17 C     -6.904929166857   -2.950675813947   -0.243939123750
              18 N     -7.137021828848   -4.086768935829   -0.297720519373
              19 C     -5.328469223691   -1.078495047274   -0.437291288004
              20 C     -0.857354543600    1.311765469245   -0.923229320627
              21 C      0.531413570113    1.495570621947   -1.016955757700
              22 C      3.523857191453    1.700335018091   -1.258029092251
              23 O      3.085211442460    2.438381731142   -2.125284221229
              24 O      4.875589363865    1.571056870556   -1.054053277334
              25 H      8.440807100504   -1.254192943240    0.926340853173
              26 H      7.381998455678   -2.507545941826    0.197468352981
              27 H      7.569836727938   -2.406722901995    1.961336343506
              28 H      6.114237221433   -0.780302190854   -0.911472613221
              29 H      7.173489128497    0.443560417307   -0.201374635532
              30 H      5.273150996348    1.504168567633    0.960899860658
              31 H      3.523064569696    0.044991497272    1.428041685845
              32 H      3.773626310167   -0.927082626023   -0.057474508016
              33 H      1.510751619049   -0.955533164949    1.121870635817
              34 H     -0.897448792301   -1.255486638841    1.279468552464
              35 H     -3.565636923072    1.857327868503   -0.393694457861
              36 H     -3.463735746425    0.682112954686   -1.747289536593
              37 H     -5.874247283123    2.260213084513   -0.007522248018
              38 H     -8.152424648389    1.430292144409    0.443100178797
              39 H     -8.648515872209   -0.990701498830    0.339481272873
              40 H     -4.535045557292   -1.783684171232   -0.685248441117
              41 H     -1.490213773361    1.969295155436   -1.510065929761
              42 H      0.878358360907    2.292005314461   -1.669201473918
