-------------------------------------------------------------
----------------------- !PROPERTIES! ------------------------
-------------------------------------------------------------
# -----------------------------------------------------------
$ PAL_Flags
   description: The PAL Flags
   geom. index: 1
   prop. index: 1
        Diskflag:     2
# -----------------------------------------------------------
$ SCF_Energy
   description: The SCF energy
   geom. index: 1
   prop. index: 1
        SCF Energy:     -989.6784672040
# -----------------------------------------------------------
$ Mayer_Pop
   description: The Mayer population analysis
   geom. index: 1
   prop. index: 1
     Number of atoms                     : 38
     Threshold for printing              : 0.1000000
     Number of bond orders printed       : 40
  NA   - Mulliken gross atomic population
  ZA   - Total nuclear charge
  QA   - Mulliken gross atomic charge
  VA   - Mayer's total valence
  BVA  - Mayer's bonded valence
  FA   - Mayer's free valence
  ATOM       NA         ZA         QA         VA         BVA        FA
  0   0     5.9278     6.0000     0.0722     3.9013     3.9013     0.0000
  1   0     6.1899     6.0000    -0.1899     3.8851     3.8851    -0.0000
  2   0     6.0144     6.0000    -0.0144     3.8660     3.8660    -0.0000
  3   0     6.0418     6.0000    -0.0418     3.9437     3.9437     0.0000
  4   0     5.7239     6.0000     0.2761     3.7718     3.7718     0.0000
  5   0     6.2317     6.0000    -0.2317     3.8419     3.8419     0.0000
  6   0     6.0070     6.0000    -0.0070     3.9540     3.9540    -0.0000
  7   0     5.8276     6.0000     0.1724     3.7915     3.7915    -0.0000
  8   0     5.7119     6.0000     0.2881     3.9707     3.9707    -0.0000
  9   0     8.3897     8.0000    -0.3897     2.0896     2.0896     0.0000
 10   0     6.2247     6.0000    -0.2247     3.6848     3.6848    -0.0000
 11   0     5.9132     6.0000     0.0868     3.9514     3.9514    -0.0000
 12   0     6.1094     6.0000    -0.1094     3.7497     3.7497    -0.0000
 13   0     6.1738     6.0000    -0.1738     3.7918     3.7918    -0.0000
 14   0     5.9917     6.0000     0.0083     3.9099     3.9099     0.0000
 15   0     5.4920     6.0000     0.5080     4.0181     4.0181    -0.0000
 16   0     8.3972     8.0000    -0.3972     2.0715     2.0715     0.0000
 17   0     8.3581     8.0000    -0.3581     2.0633     2.0633     0.0000
 18   0     5.9706     6.0000     0.0294     3.8945     3.8945    -0.0000
 19   0     6.0684     6.0000    -0.0684     3.9581     3.9581    -0.0000
 20   0     5.6891     6.0000     0.3109     3.7993     3.7993     0.0000
 21   0     8.5473     8.0000    -0.5473     1.8706     1.8706    -0.0000
 22   0     0.9600     1.0000     0.0400     0.9856     0.9856     0.0000
 23   0     0.9424     1.0000     0.0576     0.9785     0.9785     0.0000
 24   0     0.9615     1.0000     0.0385     0.9857     0.9857    -0.0000
 25   0     0.9654     1.0000     0.0346     0.9939     0.9939     0.0000
 26   0     0.9611     1.0000     0.0389     0.9964     0.9964     0.0000
 27   0     0.9699     1.0000     0.0301     1.0027     1.0027    -0.0000
 28   0     0.9471     1.0000     0.0529     1.0108     1.0108    -0.0000
 29   0     0.9085     1.0000     0.0915     0.9818     0.9818    -0.0000
 30   0     0.9307     1.0000     0.0693     1.0227     1.0227    -0.0000
 31   0     0.9235     1.0000     0.0765     0.9801     0.9801    -0.0000
 32   0     0.9545     1.0000     0.0455     0.9883     0.9883    -0.0000
 33   0     0.9457     1.0000     0.0543     0.9832     0.9832     0.0000
 34   0     0.9406     1.0000     0.0594     0.9880     0.9880     0.0000
 35   0     0.7724     1.0000     0.2276     0.9989     0.9989    -0.0000
 36   0     0.9601     1.0000     0.0399     0.9929     0.9929    -0.0000
 37   0     0.9555     1.0000     0.0445     0.9980     0.9980    -0.0000
      Bond orders larger than 0.1000000
           Atom A     A.N. of A          Atom B    A.N. of B              Bond order
                0             6               1            6                0.998073
                0             6              22            1                0.986361
                0             6              23            1                0.974177
                0             6              24            1                0.986028
                1             6               2            6                1.421168
                1             6               6            6                1.422578
                2             6               3            6                1.403269
                2             6              25            1                1.000250
                3             6               4            6                1.449242
                3             6              26            1                1.006066
                4             6               5            6                1.386607
                4             6              21            8                0.901097
                5             6               6            6                1.442292
                5             6               7            6                0.964365
                6             6              27            1                1.001883
                7             6               8            6                1.016153
                7             6              28            1                0.957704
                7             6              29            1                0.958331
                8             6               9            8                2.028081
                8             6              10            6                0.925812
               10             6              11            6                1.421889
               10             6              20            6                1.341941
               11             6              12            6                1.412804
               11             6              30            1                0.994225
               12             6              13            6                0.972512
               12             6              18            6                1.413943
               13             6              14            6                1.026857
               13             6              15            6                0.926779
               13             6              31            1                0.953441
               14             6              32            1                0.979769
               14             6              33            1                0.986603
               14             6              34            1                0.981072
               15             6              16            8                2.018253
               15             6              17            8                1.128348
               17             8              35            1                0.940369
               18             6              19            6                1.421390
               18             6              36            1                0.995524
               19             6              20            6                1.445633
               19             6              37            1                1.002852
               20             6              21            8                0.934661
# -----------------------------------------------------------
$ Calculation_Info
   description: Details of the calculation
   geom. index: 1
   prop. index: 1
     Multiplicity:                          1
     Charge:                                0
     number of atoms:                       38
     number of electrons:                   0
     number of frozen core electrons:       1
     number of correlated electrons:        0
     number of basis functions:             388
     number of aux C basis functions:       0
     number of aux J basis functions:       0
     number of aux JK basis functions:      0
     number of aux CABS basis functions:    0
     Total Energy                           -989.678467
# -----------------------------------------------------------
$ SCF_Electric_Properties
   description: The SCF Calculated Electric Properties
   geom. index: 1
   prop. index: 1
       Filename                          : ./ZINC000000000080/ZINC000000000080.scfp 
       Do Dipole Moment Calculation      : true 
       Do Quadrupole Moment Calculation  : false 
       Do Polarizability Calculation     : false 
** Dipole moment part of electric properties **
        Magnitude of dipole moment (Debye) :        3.8739852959
        Electronic Contribution:
                  0    
      0      -8.018116
      1      -5.392324
      2      -7.773294
        Nuclear Contribution:
                  0    
      0       8.320721
      1       6.871494
      2       7.981632
        Total Dipole moment:
                  0    
      0       0.302605
      1       1.479170
      2       0.208338
# -------------------------------------------------------------
----------------------- !GEOMETRIES! ------------------------
# -------------------------------------------------------------
------------------------ !GEOMETRY! -------------------------
    Number of atoms:    38 
    Geometry Index:     1 
    Coordinates:
               0 C      5.766730056070    0.758435580463    0.784203804272
               1 C      4.462367182632    0.643614147995    0.050861700549
               2 C      3.979980426257    1.718452805511   -0.707599971365
               3 C      2.782091320294    1.602749141688   -1.412615188954
               4 C      2.064915331225    0.410912182690   -1.356197562066
               5 C      2.543066644546   -0.685188326142   -0.639476733024
               6 C      3.745092545704   -0.561663379584    0.068046300267
               7 C      1.752048411472   -1.958854152641   -0.646065077700
               8 C      0.415135531352   -1.817696205334    0.042861453809
               9 O      0.070050564538   -2.628589369426    0.905080759785
              10 C     -0.520890517459   -0.717876943455   -0.347729283435
              11 C     -1.763626890519   -0.670766341112    0.313580255906
              12 C     -2.730534670824    0.301602384548    0.000960481740
              13 C     -4.076346337234    0.346395553563    0.714240311249
              14 C     -3.899860405514    0.444260081314    2.232287783772
              15 C     -4.976262905399   -0.823384468124    0.339534333676
              16 O     -4.767351817984   -1.692350869978   -0.491057289636
              17 O     -6.153650500328   -0.810269997735    1.001497603116
              18 C     -2.441994474899    1.228330971580   -1.007698824371
              19 C     -1.215485669159    1.191019845594   -1.672066453285
              20 C     -0.247881193674    0.236612780521   -1.334921208461
              21 O      0.905489705258    0.304248790412   -2.083001252685
              22 H      5.763421846240    0.136860668994    1.685769396676
              23 H      6.589128496156    0.439521612300    0.136566754424
              24 H      5.946439277719    1.790662483099    1.102649044183
              25 H      4.536779974629    2.651741114564   -0.753857122951
              26 H      2.411888814031    2.437341185590   -2.000429814771
              27 H      4.128279358651   -1.407476798350    0.636559556373
              28 H      2.314402104132   -2.747442010579   -0.130609137683
              29 H      1.593333384449   -2.314788522137   -1.670889645784
              30 H     -1.986298422006   -1.420823640443    1.072629190688
              31 H     -4.605970106982    1.249585670383    0.381788811656
              32 H     -3.513957390450   -0.488270506103    2.658838235732
              33 H     -3.210050593484    1.252424805660    2.499687010322
              34 H     -4.856815300810    0.649496376793    2.724735119929
              35 H     -6.624729361427   -1.595695448611    0.650217379679
              36 H     -3.169984042682    1.985918780010   -1.291288773585
              37 H     -1.008950374523    1.915116962254   -2.457091948046
