-------------------------------------------------------------
----------------------- !PROPERTIES! ------------------------
-------------------------------------------------------------
# -----------------------------------------------------------
$ PAL_Flags
   description: The PAL Flags
   geom. index: 1
   prop. index: 1
        Diskflag:     2
# -----------------------------------------------------------
$ SCF_Energy
   description: The SCF energy
   geom. index: 1
   prop. index: 1
        SCF Energy:     -861.5121056223
# -----------------------------------------------------------
$ Mayer_Pop
   description: The Mayer population analysis
   geom. index: 1
   prop. index: 1
     Number of atoms                     : 44
     Threshold for printing              : 0.1000000
     Number of bond orders printed       : 45
  NA   - Mulliken gross atomic population
  ZA   - Total nuclear charge
  QA   - Mulliken gross atomic charge
  VA   - Mayer's total valence
  BVA  - Mayer's bonded valence
  FA   - Mayer's free valence
  ATOM       NA         ZA         QA         VA         BVA        FA
  0   0     5.9494     6.0000     0.0506     3.9084     3.9084     0.0000
  1   0     5.9038     6.0000     0.0962     3.8434     3.8434     0.0000
  2   0     5.6922     6.0000     0.3078     3.8291     3.8291     0.0000
  3   0     8.4478     8.0000    -0.4478     1.9240     1.9240    -0.0000
  4   0     6.1704     6.0000    -0.1704     3.7926     3.7926     0.0000
  5   0     6.0491     6.0000    -0.0491     3.9185     3.9185     0.0000
  6   0     6.0270     6.0000    -0.0270     3.8800     3.8800     0.0000
  7   0     6.0408     6.0000    -0.0408     3.8610     3.8610    -0.0000
  8   0     6.0282     6.0000    -0.0282     3.8921     3.8921     0.0000
  9   0     6.0340     6.0000    -0.0340     3.9023     3.9023    -0.0000
 10   0     7.6567     7.0000    -0.6567     2.7774     2.7774     0.0000
 11   0     5.8492     6.0000     0.1508     3.8636     3.8636     0.0000
 12   0     5.7442     6.0000     0.2558     3.7891     3.7891    -0.0000
 13   0     6.1599     6.0000    -0.1599     3.9493     3.9493    -0.0000
 14   0     5.9959     6.0000     0.0041     3.8548     3.8548    -0.0000
 15   0     6.0540     6.0000    -0.0540     3.7973     3.7973     0.0000
 16   0     6.0342     6.0000    -0.0342     3.9201     3.9201     0.0000
 17   0     6.0318     6.0000    -0.0318     3.8774     3.8774     0.0000
 18   0     6.0462     6.0000    -0.0462     3.8637     3.8637     0.0000
 19   0     6.0313     6.0000    -0.0313     3.8816     3.8816    -0.0000
 20   0     6.0350     6.0000    -0.0350     3.8962     3.8962    -0.0000
 21   0     0.9781     1.0000     0.0219     0.9877     0.9877     0.0000
 22   0     0.9490     1.0000     0.0510     0.9975     0.9975     0.0000
 23   0     0.9971     1.0000     0.0029     0.9808     0.9808    -0.0000
 24   0     0.9796     1.0000     0.0204     0.9770     0.9770    -0.0000
 25   0     0.9653     1.0000     0.0347     0.9833     0.9833     0.0000
 26   0     0.7987     1.0000     0.2013     0.9940     0.9940     0.0000
 27   0     0.9578     1.0000     0.0422     1.0076     1.0076     0.0000
 28   0     0.9584     1.0000     0.0416     0.9860     0.9860     0.0000
 29   0     0.9574     1.0000     0.0426     0.9855     0.9855    -0.0000
 30   0     0.9577     1.0000     0.0423     0.9856     0.9856     0.0000
 31   0     0.9633     1.0000     0.0367     0.9931     0.9931    -0.0000
 32   0     0.9917     1.0000     0.0083     0.9821     0.9821     0.0000
 33   0     0.9733     1.0000     0.0267     0.9830     0.9830     0.0000
 34   0     0.9524     1.0000     0.0476     0.9943     0.9943    -0.0000
 35   0     0.9248     1.0000     0.0752     1.0024     1.0024     0.0000
 36   0     0.9803     1.0000     0.0197     0.9735     0.9735     0.0000
 37   0     0.9615     1.0000     0.0385     0.9938     0.9938     0.0000
 38   0     0.9439     1.0000     0.0561     1.0072     1.0072    -0.0000
 39   0     0.9686     1.0000     0.0314     0.9968     0.9968    -0.0000
 40   0     0.9633     1.0000     0.0367     0.9855     0.9855     0.0000
 41   0     0.9631     1.0000     0.0369     0.9856     0.9856     0.0000
 42   0     0.9627     1.0000     0.0373     0.9852     0.9852    -0.0000
 43   0     0.9711     1.0000     0.0289     0.9936     0.9936     0.0000
      Bond orders larger than 0.1000000
           Atom A     A.N. of A          Atom B    A.N. of B              Bond order
                0             6               1            6                1.037413
                0             6              21            1                0.982977
                0             6              22            1                0.978663
                0             6              23            1                0.979747
                1             6               2            6                1.007629
                1             6              10            7                0.894284
                1             6              24            1                0.959370
                2             6               3            8                0.920412
                2             6               4            6                0.965715
                2             6              25            1                0.972396
                3             8              26            1                0.962755
                4             6               5            6                1.428587
                4             6               9            6                1.402427
                5             6               6            6                1.416834
                5             6              27            1                0.999320
                6             6               7            6                1.417606
                6             6              28            1                1.000704
                7             6               8            6                1.406753
                7             6              29            1                0.999975
                8             6               9            6                1.438240
                8             6              30            1                0.999687
                9             6              31            1                1.000442
               10             7              11            6                0.931313
               10             7              12            6                0.942378
               11             6              32            1                0.979314
               11             6              33            1                0.988171
               11             6              34            1                0.989485
               12             6              13            6                1.025822
               12             6              35            1                0.949349
               12             6              36            1                0.967902
               13             6              14            6                1.928247
               13             6              37            1                0.978146
               14             6              15            6                0.999968
               14             6              38            1                0.977608
               15             6              16            6                1.409212
               15             6              20            6                1.398810
               16             6              17            6                1.426930
               16             6              39            1                1.001439
               17             6              18            6                1.409393
               17             6              40            1                0.999384
               18             6              19            6                1.411151
               18             6              41            1                1.000682
               19             6              20            6                1.426903
               19             6              42            1                1.000121
               20             6              43            1                1.004883
# -----------------------------------------------------------
$ Calculation_Info
   description: Details of the calculation
   geom. index: 1
   prop. index: 1
     Multiplicity:                          1
     Charge:                                0
     number of atoms:                       44
     number of electrons:                   0
     number of frozen core electrons:       1
     number of correlated electrons:        0
     number of basis functions:             409
     number of aux C basis functions:       0
     number of aux J basis functions:       0
     number of aux JK basis functions:      0
     number of aux CABS basis functions:    0
     Total Energy                           -861.512106
# -----------------------------------------------------------
$ SCF_Electric_Properties
   description: The SCF Calculated Electric Properties
   geom. index: 1
   prop. index: 1
       Filename                          : ./ZINC000000000151/ZINC000000000151.scfp 
       Do Dipole Moment Calculation      : true 
       Do Quadrupole Moment Calculation  : false 
       Do Polarizability Calculation     : false 
** Dipole moment part of electric properties **
        Magnitude of dipole moment (Debye) :        3.0879790420
        Electronic Contribution:
                  0    
      0       3.150823
      1      -1.168243
      2       7.852301
        Nuclear Contribution:
                  0    
      0      -4.290627
      1       1.507888
      2      -7.604468
        Total Dipole moment:
                  0    
      0      -1.139804
      1       0.339645
      2       0.247833
# -------------------------------------------------------------
----------------------- !GEOMETRIES! ------------------------
# -------------------------------------------------------------
------------------------ !GEOMETRY! -------------------------
    Number of atoms:    44 
    Geometry Index:     1 
    Coordinates:
               0 C     -1.470901055145   -1.461667874732   -2.831393570938
               1 C     -1.722111900145   -0.518365575770   -1.635961187699
               2 C     -2.635379185101   -1.286272857827   -0.602056689641
               3 O     -1.980706594623   -2.438046334912   -0.065427910039
               4 C     -3.279489797615   -0.421483421320    0.474474200944
               5 C     -2.987363882034   -0.575892949439    1.839666139423
               6 C     -3.604509522746    0.227926278595    2.801038915187
               7 C     -4.528542990141    1.194812887154    2.414652947836
               8 C     -4.837330939918    1.358445733488    1.067206455077
               9 C     -4.220021467903    0.555800945752    0.105351144601
              10 N     -0.377765396751    0.021072619983   -1.270712509264
              11 C     -0.150750403079    1.299695833615   -1.963693687992
              12 C     -0.115450863437    0.160925987428    0.162592229995
              13 C      1.333799054462    0.347232372215    0.551093899417
              14 C      2.406462069080    0.006457850849   -0.184062895983
              15 C      3.800069423521    0.206804662234    0.234288278951
              16 C      4.220817391539    0.020790230989    1.557462638278
              17 C      5.562455963151    0.194065630352    1.908475327362
              18 C      6.498626750810    0.544935146889    0.938023980650
              19 C      6.095608570409    0.716771035110   -0.384421353886
              20 C      4.754262497793    0.542714924245   -0.734914094546
              21 H     -0.968142127303   -0.946504015974   -3.657076486603
              22 H     -0.850620875730   -2.317611756433   -2.542238070584
              23 H     -2.416264153220   -1.848268942575   -3.227927916717
              24 H     -2.338494271732    0.310851300699   -2.010137081851
              25 H     -3.480230702503   -1.698299313436   -1.172648319690
              26 H     -2.628131710473   -2.887598591849    0.502703236143
              27 H     -2.261001162128   -1.315151342127    2.171482392549
              28 H     -3.360331379740    0.099504170943    3.852577301655
              29 H     -5.007734615807    1.820030456047    3.163410918268
              30 H     -5.560802003488    2.110970082758    0.763866125676
              31 H     -4.485037543091    0.698825692925   -0.940290144696
              32 H     -0.840310464189    2.077455965845   -1.614524890657
              33 H     -0.282782051967    1.188681583002   -3.045542692077
              34 H      0.870489522800    1.667602490462   -1.825028901834
              35 H     -0.406837606454   -0.744586332184    0.698644216516
              36 H     -0.695846586318    0.995147104140    0.575476467876
              37 H      1.474905627227    0.790813418497    1.533597484820
              38 H      2.265523741410   -0.440519994423   -1.166229082520
              39 H      3.511102542607   -0.273839707675    2.326092272228
              40 H      5.875534803530    0.048076470432    2.938792507398
              41 H      7.542017306287    0.677959887031    1.210933183296
              42 H      6.823982206319    0.983960527633   -1.145282957590
              43 H      4.457233781836    0.678933144217   -1.772331819333
