-------------------------------------------------------------
----------------------- !PROPERTIES! ------------------------
-------------------------------------------------------------
# -----------------------------------------------------------
$ PAL_Flags
   description: The PAL Flags
   geom. index: 1
   prop. index: 1
        Diskflag:     2
# -----------------------------------------------------------
$ SCF_Energy
   description: The SCF energy
   geom. index: 1
   prop. index: 1
        SCF Energy:     -763.9849547444
# -----------------------------------------------------------
$ Mayer_Pop
   description: The Mayer population analysis
   geom. index: 1
   prop. index: 1
     Number of atoms                     : 40
     Threshold for printing              : 0.1000000
     Number of bond orders printed       : 41
  NA   - Mulliken gross atomic population
  ZA   - Total nuclear charge
  QA   - Mulliken gross atomic charge
  VA   - Mayer's total valence
  BVA  - Mayer's bonded valence
  FA   - Mayer's free valence
  ATOM       NA         ZA         QA         VA         BVA        FA
  0   0     5.9505     6.0000     0.0495     3.8673     3.8673    -0.0000
  1   0     6.1991     6.0000    -0.1991     3.9019     3.9019    -0.0000
  2   0     5.9069     6.0000     0.0931     3.8123     3.8123    -0.0000
  3   0     5.9355     6.0000     0.0645     3.7266     3.7266    -0.0000
  4   0     5.8139     6.0000     0.1861     4.0238     4.0238    -0.0000
  5   0     8.3781     8.0000    -0.3781     2.0749     2.0749    -0.0000
  6   0     5.9329     6.0000     0.0671     3.7178     3.7178    -0.0000
  7   0     6.2042     6.0000    -0.2042     3.8951     3.8951    -0.0000
  8   0     5.9143     6.0000     0.0857     3.8077     3.8077    -0.0000
  9   0     5.9431     6.0000     0.0569     3.8811     3.8811    -0.0000
 10   0     7.6919     7.0000    -0.6919     2.6214     2.6214    -0.0000
 11   0     5.6279     6.0000     0.3721     3.8070     3.8070     0.0000
 12   0     6.2915     6.0000    -0.2915     3.8064     3.8064    -0.0000
 13   0     5.9476     6.0000     0.0524     3.9045     3.9045    -0.0000
 14   0     6.1107     6.0000    -0.1107     3.8846     3.8846    -0.0000
 15   0     5.8511     6.0000     0.1489     3.9231     3.9231    -0.0000
 16   0     7.3665     7.0000    -0.3665     3.0169     3.0169    -0.0000
 17   0     5.8259     6.0000     0.1741     3.9288     3.9288     0.0000
 18   0     0.9644     1.0000     0.0356     0.9847     0.9847    -0.0000
 19   0     0.9710     1.0000     0.0290     0.9862     0.9862     0.0000
 20   0     0.9646     1.0000     0.0354     0.9873     0.9873    -0.0000
 21   0     0.9784     1.0000     0.0216     0.9849     0.9849     0.0000
 22   0     0.9609     1.0000     0.0391     0.9940     0.9940    -0.0000
 23   0     0.9691     1.0000     0.0309     0.9884     0.9884    -0.0000
 24   0     0.9401     1.0000     0.0599     1.0049     1.0049    -0.0000
 25   0     0.9458     1.0000     0.0542     0.9883     0.9883    -0.0000
 26   0     0.9519     1.0000     0.0481     0.9892     0.9892    -0.0000
 27   0     0.9425     1.0000     0.0575     1.0033     1.0033    -0.0000
 28   0     0.9637     1.0000     0.0363     0.9977     0.9977    -0.0000
 29   0     0.9462     1.0000     0.0538     0.9868     0.9868     0.0000
 30   0     0.9796     1.0000     0.0204     0.9860     0.9860    -0.0000
 31   0     0.9690     1.0000     0.0310     0.9850     0.9850    -0.0000
 32   0     0.9643     1.0000     0.0357     0.9929     0.9929    -0.0000
 33   0     0.9648     1.0000     0.0352     0.9864     0.9864    -0.0000
 34   0     0.9832     1.0000     0.0168     0.9888     0.9888     0.0000
 35   0     0.9419     1.0000     0.0581     0.9900     0.9900    -0.0000
 36   0     0.9557     1.0000     0.0443     0.9938     0.9938    -0.0000
 37   0     0.9524     1.0000     0.0476     0.9882     0.9882    -0.0000
 38   0     0.9475     1.0000     0.0525     0.9896     0.9896    -0.0000
 39   0     0.9512     1.0000     0.0488     1.0184     1.0184     0.0000
      Bond orders larger than 0.1000000
           Atom A     A.N. of A          Atom B    A.N. of B              Bond order
                0             6               1            6                1.023183
                0             6              18            1                0.977843
                0             6              19            1                0.983102
                0             6              20            1                0.978881
                1             6               2            6                0.983509
                1             6               3            6                0.991698
                1             6              10            7                0.882035
                2             6              21            1                0.977343
                2             6              22            1                0.981851
                2             6              23            1                0.977898
                3             6               4            6                0.980347
                3             6              24            1                0.958472
                3             6              25            1                0.960969
                4             6               5            8                2.067967
                4             6               6            6                0.978550
                6             6               7            6                1.002391
                6             6              26            1                0.960611
                6             6              27            1                0.959051
                7             6               8            6                0.978262
                7             6               9            6                1.031546
                7             6              10            7                0.862992
                8             6              28            1                0.979970
                8             6              29            1                0.981435
                8             6              30            1                0.977821
                9             6              31            1                0.979833
                9             6              32            1                0.979953
                9             6              33            1                0.976465
               10             7              11            6                0.945731
               11             6              12            6                0.962670
               11             6              34            1                0.982850
               11             6              35            1                0.972060
               12             6              13            6                1.442862
               12             6              17            6                1.386615
               13             6              14            6                1.430492
               13             6              36            1                0.991869
               14             6              15            6                1.408356
               14             6              37            1                0.991087
               15             6              16            7                1.460982
               15             6              38            1                0.999968
               16             7              17            6                1.471275
               17             6              39            1                1.011466
# -----------------------------------------------------------
$ Calculation_Info
   description: Details of the calculation
   geom. index: 1
   prop. index: 1
     Multiplicity:                          1
     Charge:                                0
     number of atoms:                       40
     number of electrons:                   0
     number of frozen core electrons:       1
     number of correlated electrons:        0
     number of basis functions:             362
     number of aux C basis functions:       0
     number of aux J basis functions:       0
     number of aux JK basis functions:      0
     number of aux CABS basis functions:    0
     Total Energy                           -763.984955
# -----------------------------------------------------------
$ SCF_Electric_Properties
   description: The SCF Calculated Electric Properties
   geom. index: 1
   prop. index: 1
       Filename                          : ./ZINC000000000157/ZINC000000000157.scfp 
       Do Dipole Moment Calculation      : true 
       Do Quadrupole Moment Calculation  : false 
       Do Polarizability Calculation     : false 
** Dipole moment part of electric properties **
        Magnitude of dipole moment (Debye) :        5.0629615855
        Electronic Contribution:
                  0    
      0       4.985081
      1      -2.096947
      2       4.312598
        Nuclear Contribution:
                  0    
      0      -4.279307
      1       2.074267
      2      -6.175114
        Total Dipole moment:
                  0    
      0       0.705774
      1      -0.022679
      2      -1.862515
# -------------------------------------------------------------
----------------------- !GEOMETRIES! ------------------------
# -------------------------------------------------------------
------------------------ !GEOMETRY! -------------------------
    Number of atoms:    40 
    Geometry Index:     1 
    Coordinates:
               0 C     -1.152967632694    2.527513263177   -1.339056762107
               1 C     -1.292608150375    1.454669634115   -0.220415008908
               2 C     -0.862929061248    2.122805876938    1.102589543327
               3 C     -2.812539844343    1.181637932824   -0.149795430627
               4 C     -3.096886218518   -0.151153872856    0.452679359257
               5 O     -3.881216449734   -0.307441975946    1.384596656595
               6 C     -2.425372767756   -1.287531165385   -0.240993661957
               7 C     -0.897296743969   -1.116931449591   -0.144378922117
               8 C     -0.476828788170   -1.512383501623    1.290479510861
               9 C     -0.326913584319   -2.184673721833   -1.112695000084
              10 N     -0.445801246156    0.258100611532   -0.483555381396
              11 C      0.906023959372    0.470399606631   -1.028725244756
              12 C      2.097314668255   -0.025034258299   -0.243058260336
              13 C      3.056253666718   -0.852109471300   -0.843171622506
              14 C      4.181445330865   -1.256086704178   -0.129205916771
              15 C      4.329315946268   -0.803189661217    1.168921961399
              16 N      3.446109495033    0.012031026204    1.779242759478
              17 C      2.359897972426    0.384200393649    1.059918834949
              18 H     -1.921493008204    3.304167372222   -1.234468798493
              19 H     -0.194115420665    3.054357497099   -1.313656861292
              20 H     -1.276581549794    2.079629238320   -2.332056415683
              21 H     -1.499141465215    2.985912057750    1.334003151629
              22 H     -0.931383222952    1.437063844368    1.951597292943
              23 H      0.160831026084    2.504928915095    1.046781133666
              24 H     -3.340620716259    1.952660292318    0.423586317683
              25 H     -3.261533090744    1.164659762973   -1.151895316649
              26 H     -2.767728481203   -1.286543260881   -1.283840383131
              27 H     -2.763956736573   -2.229592503065    0.206789553247
              28 H     -0.808896646998   -0.783394715341    2.034873016580
              29 H      0.603486459803   -1.633796742976    1.391099863937
              30 H     -0.914597096495   -2.477732581807    1.573883439767
              31 H     -0.529363634643   -1.922294665103   -2.157673362715
              32 H      0.748612541455   -2.330944152734   -0.997714819543
              33 H     -0.787491400959   -3.163993057953   -0.931049823640
              34 H      0.927666401233    0.042969013086   -2.039418498287
              35 H      1.122188911450    1.529782035137   -1.190330571121
              36 H      2.931369775747   -1.188525538885   -1.869674823402
              37 H      4.926385812676   -1.903794757179   -0.577086154366
              38 H      5.188623484767   -1.088263006036    1.768647497156
              39 H      1.682737505832    1.037922390747    1.596754614719
