-------------------------------------------------------------
----------------------- !PROPERTIES! ------------------------
-------------------------------------------------------------
# -----------------------------------------------------------
$ PAL_Flags
   description: The PAL Flags
   geom. index: 1
   prop. index: 1
        Diskflag:     2
# -----------------------------------------------------------
$ SCF_Energy
   description: The SCF energy
   geom. index: 1
   prop. index: 1
        SCF Energy:    -1103.0901303875
# -----------------------------------------------------------
$ Mayer_Pop
   description: The Mayer population analysis
   geom. index: 1
   prop. index: 1
     Number of atoms                     : 48
     Threshold for printing              : 0.1000000
     Number of bond orders printed       : 49
  NA   - Mulliken gross atomic population
  ZA   - Total nuclear charge
  QA   - Mulliken gross atomic charge
  VA   - Mayer's total valence
  BVA  - Mayer's bonded valence
  FA   - Mayer's free valence
  ATOM       NA         ZA         QA         VA         BVA        FA
  0   0     5.9343     6.0000     0.0657     3.8367     3.8367     0.0000
  1   0     6.2570     6.0000    -0.2570     3.9972     3.9972     0.0000
  2   0     5.9521     6.0000     0.0479     3.8155     3.8155    -0.0000
  3   0     5.9503     6.0000     0.0497     3.8614     3.8614    -0.0000
  4   0     7.4642     7.0000    -0.4642     2.8171     2.8171    -0.0000
  5   0     5.7979     6.0000     0.2021     3.8867     3.8867    -0.0000
  6   0     5.8869     6.0000     0.1131     3.8951     3.8951     0.0000
  7   0     8.4757     8.0000    -0.4757     1.8980     1.8980     0.0000
  8   0     5.7035     6.0000     0.2965     3.7755     3.7755    -0.0000
  9   0     8.6197     8.0000    -0.6197     1.8353     1.8353    -0.0000
 10   0     5.6765     6.0000     0.3235     3.7230     3.7230     0.0000
 11   0     6.1317     6.0000    -0.1317     3.8689     3.8689    -0.0000
 12   0     6.0158     6.0000    -0.0158     3.8595     3.8595     0.0000
 13   0     6.0328     6.0000    -0.0328     3.8465     3.8465     0.0000
 14   0     6.0652     6.0000    -0.0652     3.9038     3.9038     0.0000
 15   0     5.8659     6.0000     0.1341     3.9156     3.9156     0.0000
 16   0     7.4149     7.0000    -0.4149     3.0140     3.0140     0.0000
 17   0     5.4920     6.0000     0.5080     4.1286     4.1286     0.0000
 18   0     8.4399     8.0000    -0.4399     2.0586     2.0586     0.0000
 19   0     5.8802     6.0000     0.1198     3.5685     3.5685    -0.0000
 20   0     6.0109     6.0000    -0.0109     3.9202     3.9202    -0.0000
 21   0     6.1119     6.0000    -0.1119     3.8364     3.8364    -0.0000
 22   0     5.7591     6.0000     0.2409     3.7601     3.7601    -0.0000
 23   0     8.4581     8.0000    -0.4581     2.1104     2.1104    -0.0000
 24   0     0.9839     1.0000     0.0161     0.9868     0.9868     0.0000
 25   0     0.9763     1.0000     0.0237     0.9858     0.9858     0.0000
 26   0     0.9611     1.0000     0.0389     0.9924     0.9924     0.0000
 27   0     0.9666     1.0000     0.0334     0.9888     0.9888     0.0000
 28   0     0.9832     1.0000     0.0168     0.9872     0.9872     0.0000
 29   0     0.9745     1.0000     0.0255     0.9860     0.9860    -0.0000
 30   0     0.9768     1.0000     0.0232     0.9857     0.9857     0.0000
 31   0     0.9604     1.0000     0.0396     0.9908     0.9908     0.0000
 32   0     0.9763     1.0000     0.0237     0.9886     0.9886    -0.0000
 33   0     0.8505     1.0000     0.1495     0.9898     0.9898    -0.0000
 34   0     0.9749     1.0000     0.0251     0.9873     0.9873     0.0000
 35   0     0.9700     1.0000     0.0300     0.9869     0.9869    -0.0000
 36   0     0.9647     1.0000     0.0353     0.9952     0.9952    -0.0000
 37   0     0.7890     1.0000     0.2110     0.9921     0.9921    -0.0000
 38   0     0.9495     1.0000     0.0505     0.9958     0.9958    -0.0000
 39   0     0.9582     1.0000     0.0418     0.9888     0.9888    -0.0000
 40   0     0.9631     1.0000     0.0369     0.9917     0.9917    -0.0000
 41   0     0.9600     1.0000     0.0400     0.9862     0.9862     0.0000
 42   0     0.9572     1.0000     0.0428     0.9870     0.9870     0.0000
 43   0     0.9178     1.0000     0.0822     1.0222     1.0222     0.0000
 44   0     0.8047     1.0000     0.1953     0.9956     0.9956     0.0000
 45   0     0.9239     1.0000     0.0761     0.9996     0.9996    -0.0000
 46   0     0.9359     1.0000     0.0641     0.9936     0.9936    -0.0000
 47   0     0.9251     1.0000     0.0749     0.9995     0.9995     0.0000
      Bond orders larger than 0.1000000
           Atom A     A.N. of A          Atom B    A.N. of B              Bond order
                0             6               1            6                1.003726
                0             6              24            1                0.980291
                0             6              25            1                0.982819
                0             6              26            1                0.981573
                1             6               2            6                0.986480
                1             6               3            6                1.016866
                1             6               4            7                0.933687
                2             6              27            1                0.978745
                2             6              28            1                0.979918
                2             6              29            1                0.977032
                3             6              30            1                0.984629
                3             6              31            1                0.983520
                3             6              32            1                0.982436
                4             7               5            6                0.985568
                4             7              33            1                0.948631
                5             6               6            6                1.016895
                5             6              34            1                0.973040
                5             6              35            1                0.965939
                6             6               7            8                0.898226
                6             6               8            6                1.016282
                6             6              36            1                0.958293
                7             8              37            1                0.960529
                8             6               9            8                0.829454
                8             6              38            1                0.965643
                8             6              39            1                0.977714
                9             8              10            6                0.936255
               10             6              11            6                1.392750
               10             6              15            6                1.370632
               11             6              12            6                1.378699
               11             6              40            1                1.006556
               12             6              13            6                1.432846
               12             6              41            1                1.000345
               13             6              14            6                1.381646
               13             6              42            1                1.001143
               14             6              15            6                1.436160
               14             6              43            1                1.001940
               15             6              16            7                1.003584
               16             7              17            6                1.137917
               16             7              44            1                0.901468
               17             6              18            8                1.973323
               17             6              19            6                0.983221
               19             6              20            6                1.656222
               19             6              23            8                0.972489
               20             6              21            6                1.218416
               20             6              45            1                1.001655
               21             6              22            6                1.641979
               21             6              46            1                1.001388
               22             6              23            8                1.046810
               22             6              47            1                1.003571
# -----------------------------------------------------------
$ Calculation_Info
   description: Details of the calculation
   geom. index: 1
   prop. index: 1
     Multiplicity:                          1
     Charge:                                0
     number of atoms:                       48
     number of electrons:                   0
     number of frozen core electrons:       1
     number of correlated electrons:        0
     number of basis functions:             456
     number of aux C basis functions:       0
     number of aux J basis functions:       0
     number of aux JK basis functions:      0
     number of aux CABS basis functions:    0
     Total Energy                           -1103.090130
# -----------------------------------------------------------
$ SCF_Electric_Properties
   description: The SCF Calculated Electric Properties
   geom. index: 1
   prop. index: 1
       Filename                          : ./ZINC000000000039/ZINC000000000039.scfp 
       Do Dipole Moment Calculation      : true 
       Do Quadrupole Moment Calculation  : false 
       Do Polarizability Calculation     : false 
** Dipole moment part of electric properties **
        Magnitude of dipole moment (Debye) :        2.1167603834
        Electronic Contribution:
                  0    
      0      46.475973
      1       6.401938
      2       2.121680
        Nuclear Contribution:
                  0    
      0     -46.643301
      1      -6.378655
      2      -2.937144
        Total Dipole moment:
                  0    
      0      -0.167328
      1       0.023283
      2      -0.815465
# -------------------------------------------------------------
----------------------- !GEOMETRIES! ------------------------
# -------------------------------------------------------------
------------------------ !GEOMETRY! -------------------------
    Number of atoms:    48 
    Geometry Index:     1 
    Coordinates:
               0 C     -5.514709991172   -0.016267440053   -0.693889981637
               1 C     -4.434978649910   -1.064024633766   -0.372445323710
               2 C     -3.857447298159   -0.806021315163    1.026726872900
               3 C     -5.100163678762   -2.454771217217   -0.374919153064
               4 N     -3.414621651966   -1.091113122349   -1.429775960268
               5 C     -2.527587251154    0.070416840314   -1.560443795422
               6 C     -1.166642369430   -0.127619004118   -0.861824529804
               7 O     -0.582215211898   -1.365804585893   -1.300049264289
               8 C     -0.216625182569    1.032939055926   -1.187160994942
               9 O      1.026253957278    0.866238077996   -0.492923213444
              10 C      1.160734717283    1.394537455119    0.769664513663
              11 C      0.128139130224    1.967018109537    1.518005290321
              12 C      0.380714023499    2.458522752280    2.800362423468
              13 C      1.660977640490    2.378531208502    3.340498884781
              14 C      2.698781320921    1.805741033171    2.603285996556
              15 C      2.459897378334    1.311262600605    1.319443851126
              16 N      3.456815526723    0.721933610078    0.514923342703
              17 C      4.790899103933    0.507106278755    0.793017121237
              18 O      5.357297853133    0.807343156823    1.839000956670
              19 C      5.492369304690   -0.133954107067   -0.306010532009
              20 C      6.813614811618   -0.517138488723   -0.441964329385
              21 C      6.941252376807   -1.097829733430   -1.726298043714
              22 C      5.693534912855   -1.036379856081   -2.299531756730
              23 O      4.806357594842   -0.455464626284   -1.451266698592
              24 H     -5.127570533618    1.006540406572   -0.642419155941
              25 H     -6.346400614710   -0.081117617519    0.017636698671
              26 H     -5.930404690677   -0.167259545968   -1.697122853831
              27 H     -3.070641602237   -1.528041452732    1.273001991416
              28 H     -3.439005073685    0.202150262997    1.116208465890
              29 H     -4.635443527207   -0.898126156876    1.793804730008
              30 H     -5.902616001955   -2.510815655743    0.369958632752
              31 H     -5.542434713602   -2.686252958581   -1.351419861524
              32 H     -4.377821175864   -3.245548441686   -0.139324990792
              33 H     -2.817018042599   -1.919644360345   -1.339248817412
              34 H     -2.997601815476    1.001918005715   -1.230480911957
              35 H     -2.342000935867    0.181952754279   -2.635928117735
              36 H     -1.295759065371   -0.219087541351    0.219443129150
              37 H      0.314055834363   -1.393046519392   -0.915622953139
              38 H      0.038087270947    0.997267956045   -2.253189267027
              39 H     -0.660390700118    2.018269082282   -1.007151399893
              40 H     -0.886805945696    2.043211511607    1.145374950407
              41 H     -0.423924571772    2.903261419237    3.381211610108
              42 H      1.857185507218    2.761083097799    4.339369576583
              43 H      3.682660476223    1.761721087703    3.059312290703
              44 H      3.142515942845    0.419768646434   -0.403736280266
              45 H      7.583067419036   -0.386205585366    0.307304458274
              46 H      7.832407984956   -1.510476197281   -2.178374355043
              47 H      5.293210207255   -1.346900279686   -3.255033245818
