-------------------------------------------------------------
----------------------- !PROPERTIES! ------------------------
-------------------------------------------------------------
# -----------------------------------------------------------
$ PAL_Flags
   description: The PAL Flags
   geom. index: 1
   prop. index: 1
        Diskflag:     2
# -----------------------------------------------------------
$ SCF_Energy
   description: The SCF energy
   geom. index: 1
   prop. index: 1
        SCF Energy:    -1482.7162143621
# -----------------------------------------------------------
$ Mayer_Pop
   description: The Mayer population analysis
   geom. index: 1
   prop. index: 1
     Number of atoms                     : 40
     Threshold for printing              : 0.1000000
     Number of bond orders printed       : 41
  NA   - Mulliken gross atomic population
  ZA   - Total nuclear charge
  QA   - Mulliken gross atomic charge
  VA   - Mayer's total valence
  BVA  - Mayer's bonded valence
  FA   - Mayer's free valence
  ATOM       NA         ZA         QA         VA         BVA        FA
  0   0     5.9314     6.0000     0.0686     3.9140     3.9140     0.0000
  1   0     6.2282     6.0000    -0.2282     4.0057     4.0057    -0.0000
  2   0     5.9589     6.0000     0.0411     3.9189     3.9189     0.0000
  3   0    17.1401    17.0000    -0.1401     1.0554     1.0554     0.0000
  4   0     6.0181     6.0000    -0.0181     3.9104     3.9104     0.0000
  5   0     6.0153     6.0000    -0.0153     3.8671     3.8671     0.0000
  6   0     6.0500     6.0000    -0.0500     3.8908     3.8908     0.0000
  7   0     5.8098     6.0000     0.1902     3.9467     3.9467     0.0000
  8   0     7.4548     7.0000    -0.4548     3.0257     3.0257    -0.0000
  9   0     5.5490     6.0000     0.4510     3.9501     3.9501    -0.0000
 10   0     7.4167     7.0000    -0.4167     2.9773     2.9773     0.0000
 11   0     5.7864     6.0000     0.2136     3.9112     3.9112    -0.0000
 12   0     6.1561     6.0000    -0.1561     3.8679     3.8679     0.0000
 13   0     5.8574     6.0000     0.1426     3.9270     3.9270     0.0000
 14   0     6.3316     6.0000    -0.3316     3.7377     3.7377    -0.0000
 15   0     5.3473     6.0000     0.6527     3.9561     3.9561    -0.0000
 16   0     8.4614     8.0000    -0.4614     2.0093     2.0093     0.0000
 17   0     8.5809     8.0000    -0.5809     1.8569     1.8569    -0.0000
 18   0     5.7341     6.0000     0.2659     3.7172     3.7172     0.0000
 19   0     5.8454     6.0000     0.1546     3.8834     3.8834    -0.0000
 20   0     8.4800     8.0000    -0.4800     1.9045     1.9045     0.0000
 21   0     5.7342     6.0000     0.2658     3.8513     3.8513     0.0000
 22   0     8.5200     8.0000    -0.5200     1.9004     1.9004    -0.0000
 23   0     0.9480     1.0000     0.0520     0.9795     0.9795    -0.0000
 24   0     0.9522     1.0000     0.0478     0.9828     0.9828    -0.0000
 25   0     0.9399     1.0000     0.0601     1.0119     1.0119    -0.0000
 26   0     0.9599     1.0000     0.0401     1.0015     1.0015     0.0000
 27   0     0.9546     1.0000     0.0454     0.9862     0.9862     0.0000
 28   0     0.9490     1.0000     0.0510     1.0142     1.0142     0.0000
 29   0     0.7830     1.0000     0.2170     0.9687     0.9687    -0.0000
 30   0     0.9332     1.0000     0.0668     0.9881     0.9881    -0.0000
 31   0     0.9414     1.0000     0.0586     0.9892     0.9892     0.0000
 32   0     0.9213     1.0000     0.0787     0.9987     0.9987     0.0000
 33   0     0.9402     1.0000     0.0598     1.0136     1.0136     0.0000
 34   0     0.9400     1.0000     0.0600     0.9915     0.9915     0.0000
 35   0     0.9646     1.0000     0.0354     0.9758     0.9758    -0.0000
 36   0     0.7822     1.0000     0.2178     0.9961     0.9961    -0.0000
 37   0     0.9510     1.0000     0.0490     0.9875     0.9875     0.0000
 38   0     0.9746     1.0000     0.0254     0.9796     0.9796    -0.0000
 39   0     0.7578     1.0000     0.2422     1.0006     1.0006    -0.0000
      Bond orders larger than 0.1000000
           Atom A     A.N. of A          Atom B    A.N. of B              Bond order
                0             6               1            6                0.987595
                0             6              23            1                0.974237
                0             6              24            1                0.975276
                0             6              25            1                0.966724
                1             6               2            6                1.479459
                1             6               7            6                1.410625
                2             6               3           17                0.958208
                2             6               4            6                1.413604
                4             6               5            6                1.408868
                4             6              26            1                1.003771
                5             6               6            6                1.420418
                5             6              27            1                0.998553
                6             6               7            6                1.408194
                6             6              28            1                0.995835
                7             6               8            7                1.017953
                8             7               9            6                1.096396
                8             7              29            1                0.883796
                9             6              10            7                1.436406
                9             6              14            6                1.320245
               10             7              11            6                1.441675
               11             6              12            6                1.398504
               11             6              30            1                0.998013
               12             6              13            6                1.424891
               12             6              31            1                0.991843
               13             6              14            6                1.440165
               13             6              32            1                0.987877
               14             6              15            6                0.972607
               15             6              16            8                1.881152
               15             6              17            8                1.062462
               17             8              18            6                0.767950
               18             6              19            6                1.001397
               18             6              33            1                0.962064
               18             6              34            1                0.978588
               19             6              20            8                0.904412
               19             6              21            6                1.016602
               19             6              35            1                0.958517
               20             8              36            1                0.955395
               21             6              22            8                0.902421
               21             6              37            1                0.976282
               21             6              38            1                0.971903
               22             8              39            1                0.935327
# -----------------------------------------------------------
$ Calculation_Info
   description: Details of the calculation
   geom. index: 1
   prop. index: 1
     Multiplicity:                          1
     Charge:                                0
     number of atoms:                       40
     number of electrons:                   0
     number of frozen core electrons:       1
     number of correlated electrons:        0
     number of basis functions:             411
     number of aux C basis functions:       0
     number of aux J basis functions:       0
     number of aux JK basis functions:      0
     number of aux CABS basis functions:    0
     Total Energy                           -1482.716214
# -----------------------------------------------------------
$ SCF_Electric_Properties
   description: The SCF Calculated Electric Properties
   geom. index: 1
   prop. index: 1
       Filename                          : ./ZINC000000000171/ZINC000000000171.scfp 
       Do Dipole Moment Calculation      : true 
       Do Quadrupole Moment Calculation  : false 
       Do Polarizability Calculation     : false 
** Dipole moment part of electric properties **
        Magnitude of dipole moment (Debye) :        4.0111567259
        Electronic Contribution:
                  0    
      0     -17.888062
      1       2.291923
      2      -6.338966
        Nuclear Contribution:
                  0    
      0      17.583680
      1      -3.263917
      2       7.544334
        Total Dipole moment:
                  0    
      0      -0.304382
      1      -0.971993
      2       1.205368
# -------------------------------------------------------------
----------------------- !GEOMETRIES! ------------------------
# -------------------------------------------------------------
------------------------ !GEOMETRY! -------------------------
    Number of atoms:    40 
    Geometry Index:     1 
    Coordinates:
               0 C     -1.490459397819    2.214478803019   -1.465532933748
               1 C     -2.635469124232    1.239766864033   -1.337039054869
               2 C     -3.914158347564    1.541490483729   -1.853971204574
               3 Cl    -4.271852152841    3.043711762804   -2.637297776949
               4 C     -4.965810649132    0.627803657231   -1.755934208241
               5 C     -4.760998940974   -0.602485257473   -1.148584052388
               6 C     -3.508717059897   -0.911318379475   -0.620015099168
               7 C     -2.440523923637    0.001020906447   -0.665938067313
               8 N     -1.163614479848   -0.346856795460   -0.154621643253
               9 C     -0.807177074124   -1.255251946059    0.874076267827
              10 N     -1.779148543494   -1.829133123466    1.626049238404
              11 C     -1.436150916977   -2.739061380391    2.565211355067
              12 C     -0.137592217763   -3.135951601921    2.809655572290
              13 C      0.867894896495   -2.555152976420    2.050280871425
              14 C      0.539747037697   -1.595795764852    1.080498476121
              15 C      1.661003884395   -1.009167175756    0.317051581433
              16 O      2.699750547309   -1.606677289520    0.076917389402
              17 O      1.424929128388    0.299127470448    0.037558773896
              18 C      2.441329185972    0.964237947631   -0.733113929817
              19 C      3.440519545346    1.729403953466    0.143004865106
              20 O      4.347393351241    2.429644969959   -0.719670613361
              21 C      4.259681289450    0.847963571227    1.092182742396
              22 O      5.006557402021   -0.112690973476    0.345069354921
              23 H     -1.211970152671    2.595635038660   -0.477477924204
              24 H     -0.626710397652    1.720432215881   -1.923279483815
              25 H     -1.711766278771    3.076887222150   -2.097554859151
              26 H     -5.945582385649    0.867717016229   -2.161094942144
              27 H     -5.569852489637   -1.325237705684   -1.084827591767
              28 H     -3.376701551207   -1.892552771978   -0.171373736405
              29 H     -0.524715350880    0.442297572319   -0.124408930881
              30 H     -2.267054506738   -3.155778315254    3.128265083955
              31 H      0.085187051609   -3.877562425684    3.568837000619
              32 H      1.903318547274   -2.846736635771    2.213185807961
              33 H      2.947654253912    0.275767530689   -1.421898721908
              34 H      1.923804209833    1.679401802923   -1.383729285811
              35 H      2.901836077056    2.474844610690    0.738224291892
              36 H      5.065727741665    1.795331184653   -0.922509938573
              37 H      4.989450384648    1.462669378511    1.629222163909
              38 H      3.637893274243    0.335401058917    1.831965506673
              39 H      4.402348132955   -0.867624502977    0.168013469927
