-------------------------------------------------------------
----------------------- !PROPERTIES! ------------------------
-------------------------------------------------------------
# -----------------------------------------------------------
$ PAL_Flags
   description: The PAL Flags
   geom. index: 1
   prop. index: 1
        Diskflag:     2
# -----------------------------------------------------------
$ SCF_Energy
   description: The SCF energy
   geom. index: 1
   prop. index: 1
        SCF Energy:    -1273.7499775908
# -----------------------------------------------------------
$ Mayer_Pop
   description: The Mayer population analysis
   geom. index: 1
   prop. index: 1
     Number of atoms                     : 42
     Threshold for printing              : 0.1000000
     Number of bond orders printed       : 44
  NA   - Mulliken gross atomic population
  ZA   - Total nuclear charge
  QA   - Mulliken gross atomic charge
  VA   - Mayer's total valence
  BVA  - Mayer's bonded valence
  FA   - Mayer's free valence
  ATOM       NA         ZA         QA         VA         BVA        FA
  0   0     6.0624     6.0000    -0.0624     3.9327     3.9327     0.0000
  1   0     5.8957     6.0000     0.1043     3.8938     3.8938     0.0000
  2   0     7.6330     7.0000    -0.6330     2.8111     2.8111    -0.0000
  3   0     5.8882     6.0000     0.1118     3.9027     3.9027    -0.0000
  4   0     6.0259     6.0000    -0.0259     3.9628     3.9628    -0.0000
  5   0     5.7805     6.0000     0.2195     3.7631     3.7631    -0.0000
  6   0     5.5886     6.0000     0.4114     3.9629     3.9629     0.0000
  7   0     8.3700     8.0000    -0.3700     2.0831     2.0831     0.0000
  8   0     7.6744     7.0000    -0.6744     2.7816     2.7816     0.0000
  9   0     5.7346     6.0000     0.2654     3.8813     3.8813     0.0000
 10   0     6.1033     6.0000    -0.1033     3.9407     3.9407     0.0000
 11   0     6.0153     6.0000    -0.0153     3.8764     3.8764    -0.0000
 12   0     6.0367     6.0000    -0.0367     3.8928     3.8928    -0.0000
 13   0     6.0058     6.0000    -0.0058     3.9563     3.9563     0.0000
 14   0     6.1452     6.0000    -0.1452     3.9266     3.9266    -0.0000
 15   0    15.8567    16.0000     0.1433     2.0313     2.0313    -0.0000
 16   0     6.1633     6.0000    -0.1633     3.9158     3.9158    -0.0000
 17   0     6.0060     6.0000    -0.0060     3.9513     3.9513    -0.0000
 18   0     6.0373     6.0000    -0.0373     3.8843     3.8843    -0.0000
 19   0     6.0189     6.0000    -0.0189     3.8655     3.8655    -0.0000
 20   0     6.0990     6.0000    -0.0990     3.9489     3.9489    -0.0000
 21   0     5.7181     6.0000     0.2819     3.8601     3.8601    -0.0000
 22   0     0.9637     1.0000     0.0363     0.9817     0.9817     0.0000
 23   0     0.9606     1.0000     0.0394     0.9850     0.9850     0.0000
 24   0     0.9681     1.0000     0.0319     0.9806     0.9806    -0.0000
 25   0     0.9644     1.0000     0.0356     0.9789     0.9789    -0.0000
 26   0     0.9562     1.0000     0.0438     0.9919     0.9919     0.0000
 27   0     0.9674     1.0000     0.0326     0.9777     0.9777    -0.0000
 28   0     0.9883     1.0000     0.0117     0.9677     0.9677    -0.0000
 29   0     0.9526     1.0000     0.0474     0.9863     0.9863     0.0000
 30   0     0.9718     1.0000     0.0282     0.9804     0.9804    -0.0000
 31   0     0.9770     1.0000     0.0230     0.9817     0.9817    -0.0000
 32   0     0.9462     1.0000     0.0538     0.9991     0.9991     0.0000
 33   0     0.9525     1.0000     0.0475     0.9834     0.9834     0.0000
 34   0     0.9402     1.0000     0.0598     0.9923     0.9923     0.0000
 35   0     0.9508     1.0000     0.0492     0.9866     0.9866    -0.0000
 36   0     0.9520     1.0000     0.0480     0.9861     0.9861    -0.0000
 37   0     0.9509     1.0000     0.0491     0.9963     0.9963    -0.0000
 38   0     0.9542     1.0000     0.0458     0.9961     0.9961    -0.0000
 39   0     0.9565     1.0000     0.0435     0.9860     0.9860     0.0000
 40   0     0.9532     1.0000     0.0468     0.9866     0.9866    -0.0000
 41   0     0.9145     1.0000     0.0855     1.0137     1.0137    -0.0000
      Bond orders larger than 0.1000000
           Atom A     A.N. of A          Atom B    A.N. of B              Bond order
                0             6               1            6                1.024069
                0             6              22            1                0.983300
                0             6              23            1                0.978451
                0             6              24            1                0.982237
                1             6               2            7                0.940619
                1             6              25            1                0.982729
                1             6              26            1                0.980131
                2             7               3            6                0.929565
                2             7               5            6                0.958593
                3             6               4            6                1.055756
                3             6              27            1                0.978815
                3             6              28            1                0.968072
                4             6              29            1                0.981509
                4             6              30            1                0.985100
                4             6              31            1                0.982364
                5             6               6            6                0.959234
                5             6              32            1                0.958250
                5             6              33            1                0.978412
                6             6               7            8                2.034864
                6             6               8            7                0.932770
                8             7               9            6                0.906345
                8             7              21            6                0.886598
                9             6              10            6                1.414081
                9             6              14            6                1.455501
               10             6              11            6                1.431759
               10             6              34            1                0.990828
               11             6              12            6                1.400725
               11             6              35            1                0.997022
               12             6              13            6                1.447942
               12             6              36            1                1.000586
               13             6              14            6                1.413180
               13             6              37            1                0.996304
               14             6              15           16                0.961025
               15            16              16            6                0.961248
               16             6              17            6                1.414086
               16             6              21            6                1.440229
               17             6              18            6                1.445771
               17             6              38            1                0.996797
               18             6              19            6                1.396846
               18             6              39            1                1.001017
               19             6              20            6                1.427341
               19             6              40            1                1.000146
               20             6              21            6                1.431555
               20             6              41            1                0.986740
# -----------------------------------------------------------
$ Calculation_Info
   description: Details of the calculation
   geom. index: 1
   prop. index: 1
     Multiplicity:                          1
     Charge:                                0
     number of atoms:                       42
     number of electrons:                   0
     number of frozen core electrons:       1
     number of correlated electrons:        0
     number of basis functions:             412
     number of aux C basis functions:       0
     number of aux J basis functions:       0
     number of aux JK basis functions:      0
     number of aux CABS basis functions:    0
     Total Energy                           -1273.749978
# -----------------------------------------------------------
$ SCF_Electric_Properties
   description: The SCF Calculated Electric Properties
   geom. index: 1
   prop. index: 1
       Filename                          : ./ZINC000000000214/ZINC000000000214.scfp 
       Do Dipole Moment Calculation      : true 
       Do Quadrupole Moment Calculation  : false 
       Do Polarizability Calculation     : false 
** Dipole moment part of electric properties **
        Magnitude of dipole moment (Debye) :        2.7451810292
        Electronic Contribution:
                  0    
      0      26.917668
      1      -3.694566
      2      -0.432369
        Nuclear Contribution:
                  0    
      0     -26.960033
      1       4.557802
      2      -0.215289
        Total Dipole moment:
                  0    
      0      -0.042365
      1       0.863237
      2      -0.647658
# -------------------------------------------------------------
----------------------- !GEOMETRIES! ------------------------
# -------------------------------------------------------------
------------------------ !GEOMETRY! -------------------------
    Number of atoms:    42 
    Geometry Index:     1 
    Coordinates:
               0 C     -1.904923053899   -0.434851235958   -1.991045106417
               1 C     -2.369641403029   -1.056667522850   -0.676829390537
               2 N     -2.551262304023   -0.137280719865    0.460317310639
               3 C     -3.653041554093    0.806637772664    0.219252442113
               4 C     -4.175800747768    1.443491693536    1.503175026662
               5 C     -1.303976787038    0.559146730864    0.857560711543
               6 C     -0.188704773346   -0.434097869217    1.269634562630
               7 O     -0.368922915815   -1.274702060890    2.152221705939
               8 N      0.991452426363   -0.300697511529    0.511599480605
               9 C      1.682746585219    0.967229838672    0.490487194997
              10 C      1.428573430711    1.910546683973    1.512350955286
              11 C      2.059691850249    3.157444131822    1.544112349684
              12 C      2.975601212067    3.491024790941    0.559351011000
              13 C      3.268005912782    2.568286282941   -0.440623369051
              14 C      2.640905832948    1.308978428729   -0.473102158699
              15 S      3.104455397218    0.232493021524   -1.794477731890
              16 C      2.581250164805   -1.324784426551   -1.126296911981
              17 C      3.143689747486   -2.466305320576   -1.730314712254
              18 C      2.736145635891   -3.744131474956   -1.365787132904
              19 C      1.749582140678   -3.888247506557   -0.405205795994
              20 C      1.186428206693   -2.756381414657    0.196256615887
              21 C      1.599374292179   -1.446595060749   -0.126281034602
              22 H     -1.833329076274   -1.211338741605   -2.760166866868
              23 H     -0.916863646697    0.024832629206   -1.899911689479
              24 H     -2.608292388947    0.321018199974   -2.352695950259
              25 H     -3.316875300466   -1.581461811606   -0.857519558551
              26 H     -1.671092644593   -1.852420096693   -0.396447681070
              27 H     -4.499576437153    0.272395892011   -0.230652661575
              28 H     -3.360223332068    1.592482272320   -0.487498979123
              29 H     -4.434082211636    0.680948478518    2.245518458231
              30 H     -5.081219811950    2.021291223484    1.289047750410
              31 H     -3.449272946222    2.129686735321    1.947637275616
              32 H     -1.482460193352    1.174202826137    1.745884358021
              33 H     -0.970783153804    1.226920964275    0.056632808604
              34 H      0.762794595199    1.679520416673    2.341436777778
              35 H      1.843151549214    3.856924904367    2.348208910890
              36 H      3.474055715898    4.456785182271    0.575451572270
              37 H      4.000685797023    2.836313091132   -1.200188836930
              38 H      3.900296619647   -2.362006127927   -2.506036972777
              39 H      3.177188667734   -4.617627770763   -1.837947772908
              40 H      1.410504127667   -4.879178234279   -0.112235646557
              41 H      0.423764774506   -2.949827284130    0.945128681620
