-------------------------------------------------------------
----------------------- !PROPERTIES! ------------------------
-------------------------------------------------------------
# -----------------------------------------------------------
$ PAL_Flags
   description: The PAL Flags
   geom. index: 1
   prop. index: 1
        Diskflag:     2
# -----------------------------------------------------------
$ SCF_Energy
   description: The SCF energy
   geom. index: 1
   prop. index: 1
        SCF Energy:     -986.2916962488
# -----------------------------------------------------------
$ Mayer_Pop
   description: The Mayer population analysis
   geom. index: 1
   prop. index: 1
     Number of atoms                     : 45
     Threshold for printing              : 0.1000000
     Number of bond orders printed       : 47
  NA   - Mulliken gross atomic population
  ZA   - Total nuclear charge
  QA   - Mulliken gross atomic charge
  VA   - Mayer's total valence
  BVA  - Mayer's bonded valence
  FA   - Mayer's free valence
  ATOM       NA         ZA         QA         VA         BVA        FA
  0   0     5.9302     6.0000     0.0698     3.8317     3.8317    -0.0000
  1   0     6.6161     6.0000    -0.6161     3.8440     3.8440    -0.0000
  2   0     5.4535     6.0000     0.5465     3.6052     3.6052    -0.0000
  3   0     7.4033     7.0000    -0.4033     2.9677     2.9677    -0.0000
  4   0     5.7100     6.0000     0.2900     4.0276     4.0276    -0.0000
  5   0     6.1794     6.0000    -0.1794     3.8829     3.8829     0.0000
  6   0     5.9786     6.0000     0.0214     3.8997     3.8997    -0.0000
  7   0     6.0471     6.0000    -0.0471     3.8793     3.8793    -0.0000
  8   0     6.0153     6.0000    -0.0153     3.8567     3.8567    -0.0000
  9   0     6.0437     6.0000    -0.0437     3.8723     3.8723     0.0000
 10   0     5.9842     6.0000     0.0158     3.8958     3.8958     0.0000
 11   0     7.0863     7.0000    -0.0863     2.7103     2.7103     0.0000
 12   0     8.4050     8.0000    -0.4050     2.0428     2.0428    -0.0000
 13   0     5.9119     6.0000     0.0881     3.8013     3.8013    -0.0000
 14   0     6.0491     6.0000    -0.0491     3.9489     3.9489    -0.0000
 15   0     5.8300     6.0000     0.1700     3.8514     3.8514    -0.0000
 16   0     7.6673     7.0000    -0.6673     2.7987     2.7987    -0.0000
 17   0     5.8184     6.0000     0.1816     3.8725     3.8725     0.0000
 18   0     6.1012     6.0000    -0.1012     3.9782     3.9782    -0.0000
 19   0     5.9428     6.0000     0.0572     3.8774     3.8774    -0.0000
 20   0     6.1328     6.0000    -0.1328     4.0157     4.0157    -0.0000
 21   0     7.1371     7.0000    -0.1371     3.1594     3.1594     0.0000
 22   0     5.6515     6.0000     0.3485     3.7092     3.7092    -0.0000
 23   0     0.9548     1.0000     0.0452     0.9937     0.9937    -0.0000
 24   0     0.9556     1.0000     0.0444     0.9876     0.9876    -0.0000
 25   0     0.9397     1.0000     0.0603     0.9892     0.9892    -0.0000
 26   0     0.9341     1.0000     0.0659     0.9991     0.9991    -0.0000
 27   0     0.9527     1.0000     0.0473     0.9865     0.9865     0.0000
 28   0     0.9519     1.0000     0.0481     0.9852     0.9852     0.0000
 29   0     0.9542     1.0000     0.0458     0.9866     0.9866     0.0000
 30   0     0.9371     1.0000     0.0629     1.0030     1.0030    -0.0000
 31   0     0.9540     1.0000     0.0460     0.9876     0.9876    -0.0000
 32   0     0.9494     1.0000     0.0506     0.9849     0.9849    -0.0000
 33   0     0.9622     1.0000     0.0378     0.9730     0.9730    -0.0000
 34   0     0.9627     1.0000     0.0373     0.9730     0.9730    -0.0000
 35   0     0.9681     1.0000     0.0319     0.9851     0.9851    -0.0000
 36   0     0.9609     1.0000     0.0391     0.9832     0.9832    -0.0000
 37   0     0.9743     1.0000     0.0257     0.9756     0.9756     0.0000
 38   0     0.9672     1.0000     0.0328     0.9793     0.9793     0.0000
 39   0     0.9481     1.0000     0.0519     0.9744     0.9744    -0.0000
 40   0     0.9423     1.0000     0.0577     0.9725     0.9725     0.0000
 41   0     0.9214     1.0000     0.0786     0.9839     0.9839    -0.0000
 42   0     0.9050     1.0000     0.0950     0.9899     0.9899    -0.0000
 43   0     0.9551     1.0000     0.0449     0.9979     0.9979    -0.0000
 44   0     0.9547     1.0000     0.0453     0.9900     0.9900    -0.0000
      Bond orders larger than 0.1000000
           Atom A     A.N. of A          Atom B    A.N. of B              Bond order
                0             6               1            6                0.983144
                0             6              23            1                0.989558
                0             6              24            1                0.981850
                0             6              25            1                0.979756
                1             6               2            6                0.928752
                1             6              13            6                0.990484
                1             6              22            6                0.933953
                2             6               3            7                1.700273
                2             6              12            8                1.071383
                3             7               4            6                1.243577
                4             6               5            6                1.059711
                4             6              11            7                1.734138
                5             6               6            6                1.391513
                5             6              10            6                1.405363
                6             6               7            6                1.437229
                6             6              26            1                0.997294
                7             6               8            6                1.400112
                7             6              27            1                0.999841
                8             6               9            6                1.411238
                8             6              28            1                0.998782
                9             6              10            6                1.421343
                9             6              29            1                1.000345
               10             6              30            1                0.996474
               11             7              12            8                0.885316
               13             6              14            6                1.027889
               13             6              31            1                0.968891
               13             6              32            1                0.971610
               14             6              15            6                1.021389
               14             6              33            1                0.971199
               14             6              34            1                0.976403
               15             6              16            7                0.938971
               15             6              35            1                0.977680
               15             6              36            1                0.984074
               16             7              17            6                0.926182
               16             7              22            6                0.941917
               17             6              18            6                1.067954
               17             6              37            1                0.975220
               17             6              38            1                0.971591
               18             6              19            6                1.020114
               18             6              39            1                0.966489
               18             6              40            1                0.971826
               19             6              20            6                0.947751
               19             6              41            1                0.959681
               19             6              42            1                0.954555
               20             6              21            7                3.097103
               22             6              43            1                0.978795
               22             6              44            1                0.978052
# -----------------------------------------------------------
$ Calculation_Info
   description: Details of the calculation
   geom. index: 1
   prop. index: 1
     Multiplicity:                          1
     Charge:                                0
     number of atoms:                       45
     number of electrons:                   0
     number of frozen core electrons:       1
     number of correlated electrons:        0
     number of basis functions:             432
     number of aux C basis functions:       0
     number of aux J basis functions:       0
     number of aux JK basis functions:      0
     number of aux CABS basis functions:    0
     Total Energy                           -986.291696
# -----------------------------------------------------------
$ SCF_Electric_Properties
   description: The SCF Calculated Electric Properties
   geom. index: 1
   prop. index: 1
       Filename                          : ./ZINC000000000120/ZINC000000000120.scfp 
       Do Dipole Moment Calculation      : true 
       Do Quadrupole Moment Calculation  : false 
       Do Polarizability Calculation     : false 
** Dipole moment part of electric properties **
        Magnitude of dipole moment (Debye) :        4.6968712233
        Electronic Contribution:
                  0    
      0      14.493314
      1       3.725792
      2       7.637776
        Nuclear Contribution:
                  0    
      0     -12.910226
      1      -4.191829
      2      -8.469165
        Total Dipole moment:
                  0    
      0       1.583087
      1      -0.466037
      2      -0.831389
# -------------------------------------------------------------
----------------------- !GEOMETRIES! ------------------------
# -------------------------------------------------------------
------------------------ !GEOMETRY! -------------------------
    Number of atoms:    45 
    Geometry Index:     1 
    Coordinates:
               0 C     -0.280927025848   -2.869958437427   -0.052807624859
               1 C     -0.252049895350   -1.324899022812   -0.097745078943
               2 C      1.126836588751   -0.885208794802    0.322617834819
               3 N      2.072428464640   -0.293049413674   -0.370501714854
               4 C      3.089476226276   -0.158598987115    0.552736322878
               5 C      4.367389857496    0.462252320450    0.219150690990
               6 C      5.383746121378    0.590679433340    1.178158647238
               7 C      6.603551381131    1.187484740642    0.847371302952
               8 C      6.820923111931    1.662103013902   -0.444569010098
               9 C      5.821046901733    1.541324172425   -1.407350185903
              10 C      4.601126232823    0.944796212101   -1.077546472210
              11 N      2.783275791451   -0.647733718176    1.766256577118
              12 O      1.488811468943   -1.132593637503    1.615530792419
              13 C     -0.535730477145   -0.841864522330   -1.535922352745
              14 C     -1.983100911601   -1.069905759987   -1.982693986392
              15 C     -2.981749355956   -1.171272151760   -0.827800357660
              16 N     -2.640703757471   -0.352050675391    0.335733512894
              17 C     -2.774007689786    1.095898147522    0.105549186455
              18 C     -4.208209757936    1.562430391827   -0.177565253342
              19 C     -5.185143611447    1.166308703061    0.930287026939
              20 C     -6.524013873967    1.707274071264    0.661313131579
              21 N     -7.579474980310    2.138208578218    0.444662126669
              22 C     -1.302355210454   -0.697679819048    0.875766642182
              23 H     -1.233447025878   -3.292170225317   -0.379255152627
              24 H      0.498163584869   -3.293842905175   -0.698630271528
              25 H     -0.092525389668   -3.241780221601    0.961608048332
              26 H      5.235544206390    0.226729560020    2.193122808848
              27 H      7.382833624979    1.280700428068    1.599662609758
              28 H      7.770053777025    2.125977817631   -0.701078446055
              29 H      5.988917721267    1.910632759607   -2.415874785637
              30 H      3.831645632713    0.858501923031   -1.842509671316
              31 H     -0.323437898125    0.234231664867   -1.606504478674
              32 H      0.145224339650   -1.316487944837   -2.254939016072
              33 H     -2.040319602024   -1.991512173091   -2.574794733261
              34 H     -2.273307195264   -0.254547507224   -2.656833232169
              35 H     -3.061154806540   -2.213655383093   -0.498166800037
              36 H     -3.988740610586   -0.946425388314   -1.196520130108
              37 H     -2.121901436606    1.434638679947   -0.707338347871
              38 H     -2.446383150022    1.631799769251    1.006369276801
              39 H     -4.555506848201    1.181725850945   -1.145619863513
              40 H     -4.196520212216    2.656285787059   -0.277084787675
              41 H     -4.827393628379    1.543263999107    1.895358812932
              42 H     -5.251520136499    0.075952715498    1.012930456210
              43 H     -0.875667408896    0.182533315143    1.376762392622
              44 H     -1.475703137277   -1.406497366253    1.697346601571
