-------------------------------------------------------------
----------------------- !PROPERTIES! ------------------------
-------------------------------------------------------------
# -----------------------------------------------------------
$ PAL_Flags
   description: The PAL Flags
   geom. index: 1
   prop. index: 1
        Diskflag:     2
# -----------------------------------------------------------
$ SCF_Energy
   description: The SCF energy
   geom. index: 1
   prop. index: 1
        SCF Energy:    -1358.4467230618
# -----------------------------------------------------------
$ Mayer_Pop
   description: The Mayer population analysis
   geom. index: 1
   prop. index: 1
     Number of atoms                     : 46
     Threshold for printing              : 0.1000000
     Number of bond orders printed       : 48
  NA   - Mulliken gross atomic population
  ZA   - Total nuclear charge
  QA   - Mulliken gross atomic charge
  VA   - Mayer's total valence
  BVA  - Mayer's bonded valence
  FA   - Mayer's free valence
  ATOM       NA         ZA         QA         VA         BVA        FA
  0   0     5.9195     6.0000     0.0805     3.9195     3.9195     0.0000
  1   0     6.1322     6.0000    -0.1322     3.8062     3.8062     0.0000
  2   0     6.2410     6.0000    -0.2410     3.7973     3.7973     0.0000
  3   0     5.9548     6.0000     0.0452     3.8559     3.8559    -0.0000
  4   0     5.9572     6.0000     0.0428     3.8583     3.8583    -0.0000
  5   0     6.2389     6.0000    -0.2389     3.8182     3.8182     0.0000
  6   0     5.9101     6.0000     0.0899     3.7428     3.7428     0.0000
  7   0     6.1344     6.0000    -0.1344     3.7510     3.7510     0.0000
  8   0     5.6969     6.0000     0.3031     3.7926     3.7926    -0.0000
  9   0     7.6862     7.0000    -0.6862     2.8399     2.8399     0.0000
 10   0     5.8783     6.0000     0.1217     3.8400     3.8400     0.0000
 11   0     5.7086     6.0000     0.2914     3.8545     3.8545    -0.0000
 12   0     8.4715     8.0000    -0.4715     1.9139     1.9139     0.0000
 13   0     5.4163     6.0000     0.5837     3.9248     3.9248     0.0000
 14   0     8.4420     8.0000    -0.4420     2.0287     2.0287     0.0000
 15   0     6.2057     6.0000    -0.2057     3.7762     3.7762     0.0000
 16   0     5.9954     6.0000     0.0046     3.9016     3.9016    -0.0000
 17   0     6.0087     6.0000    -0.0087     3.9301     3.9301     0.0000
 18   0     5.9654     6.0000     0.0346     3.7982     3.7982     0.0000
 19   0    17.1299    17.0000    -0.1299     1.0365     1.0365     0.0000
 20   0     6.0158     6.0000    -0.0158     3.9099     3.9099     0.0000
 21   0     5.9789     6.0000     0.0211     3.9436     3.9436    -0.0000
 22   0     0.9685     1.0000     0.0315     0.9893     0.9893    -0.0000
 23   0     0.9716     1.0000     0.0284     0.9799     0.9799     0.0000
 24   0     0.9767     1.0000     0.0233     0.9891     0.9891     0.0000
 25   0     0.9758     1.0000     0.0242     0.9617     0.9617     0.0000
 26   0     0.9764     1.0000     0.0236     0.9818     0.9818     0.0000
 27   0     0.9669     1.0000     0.0331     0.9720     0.9720    -0.0000
 28   0     0.9641     1.0000     0.0359     0.9826     0.9826     0.0000
 29   0     0.9591     1.0000     0.0409     0.9852     0.9852    -0.0000
 30   0     0.9657     1.0000     0.0343     0.9723     0.9723    -0.0000
 31   0     0.9756     1.0000     0.0244     0.9814     0.9814     0.0000
 32   0     0.9714     1.0000     0.0286     0.9818     0.9818    -0.0000
 33   0     0.9635     1.0000     0.0365     0.9797     0.9797    -0.0000
 34   0     0.9739     1.0000     0.0261     0.9630     0.9630    -0.0000
 35   0     0.9631     1.0000     0.0369     0.9848     0.9848    -0.0000
 36   0     0.9321     1.0000     0.0679     1.0194     1.0194    -0.0000
 37   0     0.9517     1.0000     0.0483     0.9807     0.9807     0.0000
 38   0     0.9492     1.0000     0.0508     0.9951     0.9951    -0.0000
 39   0     0.9790     1.0000     0.0210     0.9765     0.9765    -0.0000
 40   0     0.9622     1.0000     0.0378     0.9871     0.9871    -0.0000
 41   0     0.7982     1.0000     0.2018     0.9919     0.9919     0.0000
 42   0     0.9446     1.0000     0.0554     0.9972     0.9972    -0.0000
 43   0     0.9490     1.0000     0.0510     1.0003     1.0003    -0.0000
 44   0     0.9448     1.0000     0.0552     0.9996     0.9996     0.0000
 45   0     0.9288     1.0000     0.0712     0.9993     0.9993     0.0000
      Bond orders larger than 0.1000000
           Atom A     A.N. of A          Atom B    A.N. of B              Bond order
                0             6               1            6                1.050499
                0             6              22            1                0.971037
                0             6              23            1                0.981381
                0             6              24            1                0.981415
                1             6               2            6                0.981650
                1             6               7            6                0.926189
                1             6              25            1                0.958068
                2             6               3            6                0.991063
                2             6               6            6                0.974762
                2             6              26            1                0.981647
                3             6               4            6                1.022545
                3             6              27            1                0.971772
                3             6              28            1                0.971699
                4             6               5            6                0.992202
                4             6              29            1                0.973093
                4             6              30            1                0.971310
                5             6               6            6                0.978507
                5             6               7            6                0.994125
                5             6              31            1                0.980141
                6             6              32            1                0.978354
                6             6              33            1                0.984234
                7             6               8            6                1.022246
                7             6              34            1                0.949189
                8             6               9            7                0.862586
                8             6              35            1                0.984348
                8             6              36            1                0.964196
                9             7              10            6                0.900722
                9             7              13            6                1.085119
               10             6              11            6                1.016305
               10             6              37            1                0.971920
               10             6              38            1                0.967778
               11             6              12            8                0.908768
               11             6              39            1                0.983256
               11             6              40            1                0.967568
               12             8              41            1                0.964521
               13             6              14            8                1.939143
               13             6              15            6                0.941022
               15             6              16            6                1.407464
               15             6              21            6                1.425293
               16             6              17            6                1.419517
               16             6              42            1                1.000495
               17             6              18            6                1.407168
               17             6              43            1                1.002679
               18             6              19           17                0.957336
               18             6              20            6                1.397486
               20             6              21            6                1.413428
               20             6              44            1                1.003744
               21             6              45            1                0.999214
# -----------------------------------------------------------
$ Calculation_Info
   description: Details of the calculation
   geom. index: 1
   prop. index: 1
     Multiplicity:                          1
     Charge:                                0
     number of atoms:                       46
     number of electrons:                   0
     number of frozen core electrons:       1
     number of correlated electrons:        0
     number of basis functions:             432
     number of aux C basis functions:       0
     number of aux J basis functions:       0
     number of aux JK basis functions:      0
     number of aux CABS basis functions:    0
     Total Energy                           -1358.446723
# -----------------------------------------------------------
$ SCF_Electric_Properties
   description: The SCF Calculated Electric Properties
   geom. index: 1
   prop. index: 1
       Filename                          : ./ZINC000000000167/ZINC000000000167.scfp 
       Do Dipole Moment Calculation      : true 
       Do Quadrupole Moment Calculation  : false 
       Do Polarizability Calculation     : false 
** Dipole moment part of electric properties **
        Magnitude of dipole moment (Debye) :        4.6395155545
        Electronic Contribution:
                  0    
      0      48.500746
      1       7.040818
      2      -3.390230
        Nuclear Contribution:
                  0    
      0     -48.984651
      1      -7.741043
      2       5.004913
        Total Dipole moment:
                  0    
      0      -0.483905
      1      -0.700225
      2       1.614683
# -------------------------------------------------------------
----------------------- !GEOMETRIES! ------------------------
# -------------------------------------------------------------
------------------------ !GEOMETRY! -------------------------
    Number of atoms:    46 
    Geometry Index:     1 
    Coordinates:
               0 C     -1.347759046179    1.786740864426    1.102383214610
               1 C     -2.127726471855    0.485846459286    1.227673617907
               2 C     -3.663800676060    0.643497990016    1.071733366401
               3 C     -4.031335679129    1.268624613614   -0.284782966777
               4 C     -3.712294020051    0.145718996891   -1.279443393467
               5 C     -3.199165372260   -0.985632403934   -0.372816789399
               6 C     -4.098387251809   -0.808305803975    0.854707923758
               7 C     -1.801115526257   -0.663631233546    0.228720434333
               8 C     -0.704732988539   -0.428173882763   -0.817339873765
               9 N      0.663629705334   -0.278823277464   -0.296114507601
              10 C      1.150523709286   -1.258747445423    0.694730242930
              11 C      1.327283560824   -2.674427318308    0.128107192675
              12 O      2.388048774618   -2.736834444012   -0.820420011887
              13 C      1.545934796094    0.423343693275   -1.135838572168
              14 O      1.226101749772    0.906207077543   -2.220011903316
              15 C      2.939228825199    0.645732851955   -0.696401165068
              16 C      3.206296787839    1.358178221165    0.478560106358
              17 C      4.529985780189    1.584282898435    0.861617525838
              18 C      5.573341302957    1.112835368038    0.062293702738
              19 Cl     7.202877975105    1.389354508775    0.539883985636
              20 C      5.307340123735    0.423960354571   -1.122231813235
              21 C      3.985282780472    0.196941129335   -1.509137258768
              22 H     -1.349172325775    2.187844327977    0.085564005001
              23 H     -1.771549357118    2.549821288444    1.764021262531
              24 H     -0.305597827852    1.641335820570    1.402781836013
              25 H     -1.938852588499    0.101678906458    2.240704805411
              26 H     -4.135407346470    1.142240130887    1.921625889519
              27 H     -5.102219044003    1.501778283770   -0.320489265704
              28 H     -3.489144207227    2.190350243032   -0.508146720588
              29 H     -3.001226496186    0.457034204959   -2.047610400667
              30 H     -4.630452489488   -0.164569918471   -1.792629302271
              31 H     -3.249928664051   -1.972432109207   -0.839001476028
              32 H     -3.835950892300   -1.470193730784    1.686790701873
              33 H     -5.165197116587   -0.912530403517    0.629167004215
              34 H     -1.526427574012   -1.545893082044    0.822222205116
              35 H     -0.684060310255   -1.268133746748   -1.522904545093
              36 H     -0.944316352718    0.459541392705   -1.410631260757
              37 H      0.455691146162   -1.269849070074    1.538921555261
              38 H      2.110801093394   -0.933203078718    1.099216594161
              39 H      1.564447423627   -3.371788586152    0.938139647942
              40 H      0.415016268880   -3.028272873347   -0.360301061111
              41 H      3.205450841296   -2.457651249352   -0.373865599349
              42 H      2.389572623099    1.742482460217    1.084482360753
              43 H      4.741880343066    2.135600568705    1.774160389003
              44 H      6.120936456963    0.072423116809   -1.751625774610
              45 H      3.766147556765   -0.324302114019   -2.439199434515
