-------------------------------------------------------------
----------------------- !PROPERTIES! ------------------------
-------------------------------------------------------------
# -----------------------------------------------------------
$ PAL_Flags
   description: The PAL Flags
   geom. index: 1
   prop. index: 1
        Diskflag:     2
# -----------------------------------------------------------
$ SCF_Energy
   description: The SCF energy
   geom. index: 1
   prop. index: 1
        SCF Energy:    -1214.1007879198
# -----------------------------------------------------------
$ Mayer_Pop
   description: The Mayer population analysis
   geom. index: 1
   prop. index: 1
     Number of atoms                     : 39
     Threshold for printing              : 0.1000000
     Number of bond orders printed       : 41
  NA   - Mulliken gross atomic population
  ZA   - Total nuclear charge
  QA   - Mulliken gross atomic charge
  VA   - Mayer's total valence
  BVA  - Mayer's bonded valence
  FA   - Mayer's free valence
  ATOM       NA         ZA         QA         VA         BVA        FA
  0   0     5.9553     6.0000     0.0447     3.9279     3.9279    -0.0000
  1   0     6.3080     6.0000    -0.3080     3.8737     3.8737    -0.0000
  2   0     5.9959     6.0000     0.0041     3.8936     3.8936     0.0000
  3   0     5.5176     6.0000     0.4824     3.9210     3.9210     0.0000
  4   0     8.4355     8.0000    -0.4355     2.0415     2.0415    -0.0000
  5   0     7.3942     7.0000    -0.3942     3.0064     3.0064     0.0000
  6   0     5.7866     6.0000     0.2134     3.8090     3.8090     0.0000
  7   0     6.1000     6.0000    -0.1000     3.8962     3.8962     0.0000
  8   0     6.0012     6.0000    -0.0012     3.8790     3.8790    -0.0000
  9   0     6.0554     6.0000    -0.0554     3.8653     3.8653    -0.0000
 10   0     6.1402     6.0000    -0.1402     3.8843     3.8843    -0.0000
 11   0     5.8676     6.0000     0.1324     3.8927     3.8927     0.0000
 12   0     5.7210     6.0000     0.2790     3.7864     3.7864    -0.0000
 13   0     7.6360     7.0000    -0.6360     2.8734     2.8734    -0.0000
 14   0     5.7932     6.0000     0.2068     3.8151     3.8151    -0.0000
 15   0     6.1101     6.0000    -0.1101     3.8865     3.8865    -0.0000
 16   0    16.0287    16.0000    -0.0287     2.0656     2.0656     0.0000
 17   0     5.6693     6.0000     0.3307     3.8155     3.8155     0.0000
 18   0     7.4692     7.0000    -0.4692     2.9217     2.9217    -0.0000
 19   0     6.0575     6.0000    -0.0575     3.8968     3.8968    -0.0000
 20   0     0.9747     1.0000     0.0253     0.9796     0.9796    -0.0000
 21   0     0.9570     1.0000     0.0430     0.9875     0.9875    -0.0000
 22   0     0.9547     1.0000     0.0453     0.9920     0.9920    -0.0000
 23   0     0.9448     1.0000     0.0552     0.9652     0.9652    -0.0000
 24   0     0.9749     1.0000     0.0251     0.9896     0.9896     0.0000
 25   0     0.9541     1.0000     0.0459     0.9852     0.9852     0.0000
 26   0     0.9536     1.0000     0.0464     0.9827     0.9827     0.0000
 27   0     0.8339     1.0000     0.1661     0.9781     0.9781    -0.0000
 28   0     0.9238     1.0000     0.0762     1.0233     1.0233     0.0000
 29   0     0.9598     1.0000     0.0402     0.9862     0.9862    -0.0000
 30   0     0.9790     1.0000     0.0210     0.9929     0.9929    -0.0000
 31   0     0.9419     1.0000     0.0581     0.9729     0.9729    -0.0000
 32   0     0.9575     1.0000     0.0425     0.9855     0.9855    -0.0000
 33   0     0.9638     1.0000     0.0362     0.9956     0.9956    -0.0000
 34   0     0.9451     1.0000     0.0549     0.9777     0.9777    -0.0000
 35   0     0.9605     1.0000     0.0395     0.9788     0.9788    -0.0000
 36   0     0.9040     1.0000     0.0960     0.9589     0.9589    -0.0000
 37   0     0.9122     1.0000     0.0878     0.9728     0.9728    -0.0000
 38   0     0.9623     1.0000     0.0377     1.0271     1.0271     0.0000
      Bond orders larger than 0.1000000
           Atom A     A.N. of A          Atom B    A.N. of B              Bond order
                0             6               1            6                1.039723
                0             6              20            1                0.985830
                0             6              21            1                0.983439
                0             6              22            1                0.977926
                1             6               2            6                1.003965
                1             6               3            6                0.920809
                1             6              23            1                0.961522
                2             6              24            1                0.986020
                2             6              25            1                0.980138
                2             6              26            1                0.987508
                3             6               4            8                1.943880
                3             6               5            7                1.102281
                5             7               6            6                0.985842
                5             7              27            1                0.929993
                6             6               7            6                1.413457
                6             6              19            6                1.349759
                7             6               8            6                1.404869
                7             6              28            1                0.997325
                8             6               9            6                1.430178
                8             6              29            1                0.998940
                9             6              10            6                1.386756
                9             6              30            1                1.006661
               10             6              11            6                0.980770
               10             6              19            6                1.482788
               11             6              12            6                1.024672
               11             6              18            7                0.990777
               11             6              31            1                0.941435
               12             6              13            7                0.893222
               12             6              32            1                0.968992
               12             6              33            1                0.975005
               13             7              14            6                0.894668
               13             7              17            6                1.039113
               14             6              15            6                1.005952
               14             6              34            1                0.977068
               14             6              35            1                0.971475
               15             6              16           16                0.969092
               15             6              36            1                0.960107
               15             6              37            1                0.973459
               16            16              17            6                1.019970
               17             6              18            7                1.823471
               19             6              38            1                0.994664
# -----------------------------------------------------------
$ Calculation_Info
   description: Details of the calculation
   geom. index: 1
   prop. index: 1
     Multiplicity:                          1
     Charge:                                0
     number of atoms:                       39
     number of electrons:                   0
     number of frozen core electrons:       1
     number of correlated electrons:        0
     number of basis functions:             379
     number of aux C basis functions:       0
     number of aux J basis functions:       0
     number of aux JK basis functions:      0
     number of aux CABS basis functions:    0
     Total Energy                           -1214.100788
# -----------------------------------------------------------
$ SCF_Electric_Properties
   description: The SCF Calculated Electric Properties
   geom. index: 1
   prop. index: 1
       Filename                          : ./ZINC000000000109/ZINC000000000109.scfp 
       Do Dipole Moment Calculation      : true 
       Do Quadrupole Moment Calculation  : false 
       Do Polarizability Calculation     : false 
** Dipole moment part of electric properties **
        Magnitude of dipole moment (Debye) :        5.7495937586
        Electronic Contribution:
                  0    
      0      15.933780
      1      -5.731384
      2      -5.349870
        Nuclear Contribution:
                  0    
      0     -14.118021
      1       6.988309
      2       5.839651
        Total Dipole moment:
                  0    
      0       1.815759
      1       1.256925
      2       0.489782
# -------------------------------------------------------------
----------------------- !GEOMETRIES! ------------------------
# -------------------------------------------------------------
------------------------ !GEOMETRY! -------------------------
    Number of atoms:    39 
    Geometry Index:     1 
    Coordinates:
               0 C     -5.900473486674    0.943642955688   -0.464509737044
               1 C     -4.387845395735    1.096127017711   -0.616506625100
               2 C     -3.940893667741    2.462463252037   -0.098987910639
               3 C     -3.642455821418   -0.026173518239    0.114336108806
               4 O     -4.215211032945   -0.778066058842    0.896007829113
               5 N     -2.296838513697   -0.060370871037   -0.214320024962
               6 C     -1.313095424469   -0.951834584278    0.261080606137
               7 C     -1.561092912173   -1.981814866913    1.166739186898
               8 C     -0.526584670310   -2.827239689006    1.575184080831
               9 C      0.766409557313   -2.645779905477    1.086289646763
              10 C      1.044998388547   -1.610356145327    0.183683653729
              11 C      2.457816864529   -1.415694366999   -0.324272198889
              12 C      3.431690496170   -0.956588732290    0.806145178496
              13 N      4.349284430462   -0.136403008027    0.047889561184
              14 C      5.099945040122    0.951764972557    0.641710636626
              15 C      5.636606196517    1.768904268703   -0.543483086289
              16 S      4.346783245210    1.636049395129   -1.841737831503
              17 C      3.674823358840    0.235542540462   -1.078018317121
              18 N      2.586342645149   -0.380309075725   -1.419302520151
              19 C     -0.008732043108   -0.774934975847   -0.222911350720
              20 H     -6.428954545585    1.712936815318   -1.037255738775
              21 H     -6.231572091404   -0.034711288225   -0.829563463104
              22 H     -6.208742217869    1.028732066075    0.583483776302
              23 H     -4.146157355572    1.018187837528   -1.684186326400
              24 H     -2.872641946431    2.628226253613   -0.272272268703
              25 H     -4.115209312668    2.551683526464    0.979112527669
              26 H     -4.486675023137    3.267887489084   -0.601595131616
              27 H     -1.975027423535    0.618604682625   -0.892876987613
              28 H     -2.552596706338   -2.161892325415    1.569534183756
              29 H     -0.737736475097   -3.633073710970    2.273949126460
              30 H      1.551707126345   -3.324580346444    1.411512038022
              31 H      2.805005232101   -2.365667964751   -0.754205874217
              32 H      3.932586696745   -1.804510550409    1.283020142974
              33 H      2.915203701325   -0.363675740060    1.570798388766
              34 H      5.916899007684    0.579634331144    1.267725349776
              35 H      4.447254909404    1.576044457895    1.264851586639
              36 H      6.557959709929    1.323495612861   -0.932351605637
              37 H      5.827389875227    2.810558739107   -0.272711173760
              38 H      0.199829584289    0.023191510280   -0.933060191197
