-------------------------------------------------------------
----------------------- !PROPERTIES! ------------------------
-------------------------------------------------------------
# -----------------------------------------------------------
$ PAL_Flags
   description: The PAL Flags
   geom. index: 1
   prop. index: 1
        Diskflag:     2
# -----------------------------------------------------------
$ SCF_Energy
   description: The SCF energy
   geom. index: 1
   prop. index: 1
        SCF Energy:    -1376.2464962260
# -----------------------------------------------------------
$ Mayer_Pop
   description: The Mayer population analysis
   geom. index: 1
   prop. index: 1
     Number of atoms                     : 55
     Threshold for printing              : 0.1000000
     Number of bond orders printed       : 57
  NA   - Mulliken gross atomic population
  ZA   - Total nuclear charge
  QA   - Mulliken gross atomic charge
  VA   - Mayer's total valence
  BVA  - Mayer's bonded valence
  FA   - Mayer's free valence
  ATOM       NA         ZA         QA         VA         BVA        FA
  0   0     8.4303     8.0000    -0.4303     2.0190     2.0190     0.0000
  1   0     5.4282     6.0000     0.5718     3.8934     3.8934     0.0000
  2   0     8.5619     8.0000    -0.5619     1.9052     1.9052    -0.0000
  3   0     5.6984     6.0000     0.3016     3.7970     3.7970     0.0000
  4   0     5.8887     6.0000     0.1113     3.8943     3.8943    -0.0000
  5   0     7.6560     7.0000    -0.6560     2.7771     2.7771    -0.0000
  6   0     5.8305     6.0000     0.1695     3.8544     3.8544    -0.0000
  7   0     6.0441     6.0000    -0.0441     3.9541     3.9541    -0.0000
  8   0     6.0632     6.0000    -0.0632     3.9302     3.9302     0.0000
  9   0     6.0364     6.0000    -0.0364     3.9497     3.9497    -0.0000
 10   0     6.0376     6.0000    -0.0376     3.9378     3.9378    -0.0000
 11   0     5.8365     6.0000     0.1635     3.8493     3.8493     0.0000
 12   0     5.9968     6.0000     0.0032     3.7364     3.7364    -0.0000
 13   0     6.1678     6.0000    -0.1678     3.8857     3.8857    -0.0000
 14   0     6.0022     6.0000    -0.0022     3.9014     3.9014     0.0000
 15   0     6.1044     6.0000    -0.1044     3.8058     3.8058    -0.0000
 16   0    15.9371    16.0000     0.0629     2.4307     2.4307     0.0000
 17   0     6.0885     6.0000    -0.0885     3.8419     3.8419    -0.0000
 18   0     6.1644     6.0000    -0.1644     3.8371     3.8371     0.0000
 19   0     5.9897     6.0000     0.0103     3.9150     3.9150    -0.0000
 20   0     6.0349     6.0000    -0.0349     3.9689     3.9689     0.0000
 21   0     6.0331     6.0000    -0.0331     3.9246     3.9246    -0.0000
 22   0     6.0455     6.0000    -0.0455     3.9514     3.9514    -0.0000
 23   0     6.0138     6.0000    -0.0138     3.9170     3.9170     0.0000
 24   0     0.9478     1.0000     0.0522     1.0005     1.0005     0.0000
 25   0     0.9556     1.0000     0.0444     0.9893     0.9893    -0.0000
 26   0     0.9678     1.0000     0.0322     0.9957     0.9957    -0.0000
 27   0     0.9600     1.0000     0.0400     0.9836     0.9836    -0.0000
 28   0     0.9914     1.0000     0.0086     0.9797     0.9797     0.0000
 29   0     0.9728     1.0000     0.0272     0.9787     0.9787    -0.0000
 30   0     0.9695     1.0000     0.0305     0.9716     0.9716     0.0000
 31   0     0.9653     1.0000     0.0347     0.9788     0.9788    -0.0000
 32   0     0.9774     1.0000     0.0226     0.9753     0.9753     0.0000
 33   0     0.9697     1.0000     0.0303     0.9698     0.9698    -0.0000
 34   0     0.9768     1.0000     0.0232     0.9682     0.9682    -0.0000
 35   0     0.9747     1.0000     0.0253     0.9687     0.9687     0.0000
 36   0     0.9718     1.0000     0.0282     0.9711     0.9711    -0.0000
 37   0     0.9639     1.0000     0.0361     0.9857     0.9857    -0.0000
 38   0     0.9933     1.0000     0.0067     0.9795     0.9795     0.0000
 39   0     0.9727     1.0000     0.0273     0.9808     0.9808    -0.0000
 40   0     0.9475     1.0000     0.0525     0.9994     0.9994    -0.0000
 41   0     0.9369     1.0000     0.0631     1.0023     1.0023     0.0000
 42   0     0.9203     1.0000     0.0797     0.9935     0.9935    -0.0000
 43   0     0.9282     1.0000     0.0718     1.0008     1.0008     0.0000
 44   0     0.9481     1.0000     0.0519     0.9751     0.9751     0.0000
 45   0     0.9545     1.0000     0.0455     0.9743     0.9743    -0.0000
 46   0     0.9812     1.0000     0.0188     0.9771     0.9771    -0.0000
 47   0     0.9668     1.0000     0.0332     0.9720     0.9720     0.0000
 48   0     0.9756     1.0000     0.0244     0.9679     0.9679     0.0000
 49   0     0.9713     1.0000     0.0287     0.9691     0.9691     0.0000
 50   0     0.9727     1.0000     0.0273     0.9692     0.9692     0.0000
 51   0     0.9658     1.0000     0.0342     0.9716     0.9716     0.0000
 52   0     0.9808     1.0000     0.0192     0.9699     0.9699    -0.0000
 53   0     0.9635     1.0000     0.0365     0.9828     0.9828     0.0000
 54   0     0.9663     1.0000     0.0337     0.9701     0.9701     0.0000
      Bond orders larger than 0.1000000
           Atom A     A.N. of A          Atom B    A.N. of B              Bond order
                0             8               1            6                1.932003
                1             6               2            8                1.081903
                1             6              12            6                0.927132
                2             8               3            6                0.800208
                3             6               4            6                1.045659
                3             6              24            1                0.976835
                3             6              25            1                0.973581
                4             6               5            7                0.945825
                4             6              26            1                0.970819
                4             6              27            1                0.971717
                5             7               6            6                0.914077
                5             7              11            6                0.929986
                6             6               7            6                1.046087
                6             6              28            1                0.966464
                6             6              29            1                0.978403
                7             6               8            6                1.031294
                7             6              30            1                0.975164
                7             6              31            1                0.965654
                8             6               9            6                1.023257
                8             6              32            1                0.971701
                8             6              33            1                0.978164
                9             6              10            6                1.031484
                9             6              34            1                0.976728
                9             6              35            1                0.977323
               10             6              11            6                1.034495
               10             6              36            1                0.979642
               10             6              37            1                0.965136
               11             6              38            1                0.965176
               11             6              39            1                0.980871
               12             6              13            6                0.989124
               12             6              18            6                0.994528
               12             6              40            1                0.957317
               13             6              14            6                1.228928
               13             6              17            6                1.652118
               14             6              15            6                1.632011
               14             6              41            1                0.998000
               15             6              16           16                1.158292
               15             6              42            1                0.978311
               16            16              17            6                1.161294
               17             6              43            1                0.976859
               18             6              19            6                1.004494
               18             6              23            6                1.003612
               18             6              44            1                0.944980
               19             6              20            6                1.068598
               19             6              45            1                0.967019
               19             6              46            1                0.964818
               20             6              21            6                1.020376
               20             6              47            1                0.977273
               20             6              48            1                0.966826
               21             6              22            6                1.023109
               21             6              49            1                0.976994
               21             6              50            1                0.976400
               22             6              23            6                1.045742
               22             6              51            1                0.976623
               22             6              52            1                0.967709
               23             6              53            1                0.978382
               23             6              54            1                0.969110
# -----------------------------------------------------------
$ Calculation_Info
   description: Details of the calculation
   geom. index: 1
   prop. index: 1
     Multiplicity:                          1
     Charge:                                0
     number of atoms:                       55
     number of electrons:                   0
     number of frozen core electrons:       1
     number of correlated electrons:        0
     number of basis functions:             495
     number of aux C basis functions:       0
     number of aux J basis functions:       0
     number of aux JK basis functions:      0
     number of aux CABS basis functions:    0
     Total Energy                           -1376.246496
# -----------------------------------------------------------
$ SCF_Electric_Properties
   description: The SCF Calculated Electric Properties
   geom. index: 1
   prop. index: 1
       Filename                          : ./ZINC000000000132/ZINC000000000132.scfp 
       Do Dipole Moment Calculation      : true 
       Do Quadrupole Moment Calculation  : false 
       Do Polarizability Calculation     : false 
** Dipole moment part of electric properties **
        Magnitude of dipole moment (Debye) :        0.5044361384
        Electronic Contribution:
                  0    
      0     -16.229274
      1     -18.566772
      2      -2.129569
        Nuclear Contribution:
                  0    
      0      16.124021
      1      18.503787
      2       1.973557
        Total Dipole moment:
                  0    
      0      -0.105253
      1      -0.062985
      2      -0.156012
# -------------------------------------------------------------
----------------------- !GEOMETRIES! ------------------------
# -------------------------------------------------------------
------------------------ !GEOMETRY! -------------------------
    Number of atoms:    55 
    Geometry Index:     1 
    Coordinates:
               0 O     -0.517430271412    0.671137766121    1.073797863770
               1 C     -1.009042364940    0.324753102778    0.006690049653
               2 O     -0.359608639690    0.345490980013   -1.193620138527
               3 C      1.009574064267    0.789984843695   -1.148980530960
               4 C      1.932315501950   -0.356287272127   -0.698123145860
               5 N      3.380404108350   -0.075432518892   -0.845100034989
               6 C      3.797554915637    0.980132700716    0.092244590416
               7 C      5.267907924704    1.408572696740    0.015286935368
               8 C      6.225787824591    0.384583353742    0.608798886584
               9 C      6.624068857829   -0.733094128645   -0.344959039301
              10 C      5.538931976767   -1.246743234933   -1.283732565385
              11 C      4.136366400897   -1.330216359897   -0.681738748674
              12 C     -2.425549502118   -0.225056213287   -0.171972927117
              13 C     -2.384145049763   -1.728800431627    0.034785444748
              14 C     -2.000678932089   -2.386908161409    1.253658291665
              15 C     -2.052176435264   -3.759238756754    1.156685052838
              16 S     -2.556446244690   -4.272829169606   -0.391417499502
              17 C     -2.706312807125   -2.659792158617   -0.937349878016
              18 C     -3.436034269414    0.501284064740    0.763205531065
              19 C     -4.840745029403   -0.144679174567    0.688414190896
              20 C     -5.936453201405    0.817882861493    1.128942820260
              21 C     -6.014350280687    2.036970105401    0.210764235310
              22 C     -4.672218160941    2.399192938448   -0.424563482841
              23 C     -3.501143542012    2.023089341268    0.475846034371
              24 H      1.091985057951    1.677718467821   -0.512683154844
              25 H      1.269724424884    1.097604083772   -2.167867172303
              26 H      1.697024093474   -0.652164430028    0.332432241946
              27 H      1.663773299137   -1.222781179455   -1.317954519619
              28 H      3.555329834620    0.694943483536    1.124729594571
              29 H      3.220811372802    1.886657050618   -0.123063515524
              30 H      5.366443746045    2.333452024338    0.598668410590
              31 H      5.548367528622    1.665524579516   -1.013175418157
              32 H      5.792655758575   -0.045187594509    1.520608459374
              33 H      7.142498409429    0.896433980793    0.927932496161
              34 H      7.005888233879   -1.570022304686    0.253650454000
              35 H      7.471206414011   -0.398170205251   -0.957211019025
              36 H      5.838307710540   -2.247156842950   -1.622923464539
              37 H      5.516708968565   -0.630175766942   -2.192197801298
              38 H      4.159973597381   -1.663037738081    0.363506371003
              39 H      3.624953039339   -2.122591691944   -1.244461468565
              40 H     -2.730986528254   -0.014958328162   -1.207156239315
              41 H     -1.699001364363   -1.872905948864    2.160100748688
              42 H     -1.816545722421   -4.486066101942    1.921949826721
              43 H     -3.026906571511   -2.471845171503   -1.953469051678
              44 H     -3.079351425466    0.396157325172    1.798038534399
              45 H     -4.869395194561   -1.037869286228    1.323674898727
              46 H     -5.056126724228   -0.477868870175   -0.335046129670
              47 H     -6.906550588183    0.308365302465    1.145430018221
              48 H     -5.738142919272    1.145005765229    2.157363398304
              49 H     -6.396410472003    2.888140007353    0.787278606697
              50 H     -6.744192790102    1.856701815219   -0.587775342255
              51 H     -4.650902775653    3.472456587932   -0.645440609591
              52 H     -4.569813592067    1.881554056124   -1.386479654356
              53 H     -2.570070847010    2.392612380306    0.033926599178
              54 H     -3.611830818200    2.555477375731    1.430051966387
