-------------------------------------------------------------
----------------------- !PROPERTIES! ------------------------
-------------------------------------------------------------
# -----------------------------------------------------------
$ PAL_Flags
   description: The PAL Flags
   geom. index: 1
   prop. index: 1
        Diskflag:     2
# -----------------------------------------------------------
$ SCF_Energy
   description: The SCF energy
   geom. index: 1
   prop. index: 1
        SCF Energy:    -1088.1295477898
# -----------------------------------------------------------
$ Mayer_Pop
   description: The Mayer population analysis
   geom. index: 1
   prop. index: 1
     Number of atoms                     : 51
     Threshold for printing              : 0.1000000
     Number of bond orders printed       : 52
  NA   - Mulliken gross atomic population
  ZA   - Total nuclear charge
  QA   - Mulliken gross atomic charge
  VA   - Mayer's total valence
  BVA  - Mayer's bonded valence
  FA   - Mayer's free valence
  ATOM       NA         ZA         QA         VA         BVA        FA
  0   0     5.7750     6.0000     0.2250     3.8376     3.8376     0.0000
  1   0     8.5503     8.0000    -0.5503     1.9097     1.9097    -0.0000
  2   0     5.6394     6.0000     0.3606     3.7632     3.7632    -0.0000
  3   0     6.1545     6.0000    -0.1545     3.8714     3.8714    -0.0000
  4   0     6.0097     6.0000    -0.0097     3.7921     3.7921    -0.0000
  5   0     5.9926     6.0000     0.0074     3.9117     3.9117     0.0000
  6   0     6.1111     6.0000    -0.1111     3.8672     3.8672    -0.0000
  7   0     5.4823     6.0000     0.5177     3.9598     3.9598    -0.0000
  8   0     8.4615     8.0000    -0.4615     2.0095     2.0095    -0.0000
  9   0     7.7269     7.0000    -0.7269     2.8206     2.8206    -0.0000
 10   0     5.7997     6.0000     0.2003     3.8105     3.8105    -0.0000
 11   0     6.0854     6.0000    -0.0854     3.9290     3.9290     0.0000
 12   0     6.0802     6.0000    -0.0802     3.9298     3.9298    -0.0000
 13   0     6.0746     6.0000    -0.0746     3.9175     3.9175     0.0000
 14   0     5.9252     6.0000     0.0748     3.9031     3.9031     0.0000
 15   0     6.2681     6.0000    -0.2681     3.8858     3.8858     0.0000
 16   0     5.6675     6.0000     0.3325     3.7907     3.7907     0.0000
 17   0     6.1555     6.0000    -0.1555     3.8410     3.8410    -0.0000
 18   0     5.6410     6.0000     0.3590     3.7808     3.7808     0.0000
 19   0     8.5492     8.0000    -0.5492     1.9108     1.9108    -0.0000
 20   0     5.7727     6.0000     0.2273     3.8395     3.8395    -0.0000
 21   0     5.8734     6.0000     0.1266     3.8570     3.8570    -0.0000
 22   0     8.5547     8.0000    -0.5547     1.8598     1.8598    -0.0000
 23   0     5.7300     6.0000     0.2700     3.8083     3.8083     0.0000
 24   0     0.9682     1.0000     0.0318     0.9784     0.9784    -0.0000
 25   0     0.9604     1.0000     0.0396     0.9818     0.9818     0.0000
 26   0     0.9469     1.0000     0.0531     0.9866     0.9866     0.0000
 27   0     0.9654     1.0000     0.0346     1.0115     1.0115    -0.0000
 28   0     0.9380     1.0000     0.0620     0.9949     0.9949     0.0000
 29   0     0.9239     1.0000     0.0761     1.0027     1.0027    -0.0000
 30   0     0.9214     1.0000     0.0786     1.0110     1.0110    -0.0000
 31   0     0.9668     1.0000     0.0332     0.9777     0.9777     0.0000
 32   0     0.9524     1.0000     0.0476     0.9773     0.9773     0.0000
 33   0     0.9627     1.0000     0.0373     0.9706     0.9706     0.0000
 34   0     0.9621     1.0000     0.0379     0.9700     0.9700    -0.0000
 35   0     0.9689     1.0000     0.0311     0.9703     0.9703    -0.0000
 36   0     0.9660     1.0000     0.0340     0.9730     0.9730     0.0000
 37   0     0.9621     1.0000     0.0379     0.9694     0.9694     0.0000
 38   0     0.9774     1.0000     0.0226     0.9718     0.9718     0.0000
 39   0     0.9720     1.0000     0.0280     0.9708     0.9708     0.0000
 40   0     0.9472     1.0000     0.0528     0.9484     0.9484    -0.0000
 41   0     0.9476     1.0000     0.0524     0.9613     0.9613     0.0000
 42   0     0.9457     1.0000     0.0543     0.9794     0.9794     0.0000
 43   0     0.9805     1.0000     0.0195     0.9780     0.9780     0.0000
 44   0     0.9824     1.0000     0.0176     1.0068     1.0068    -0.0000
 45   0     0.9465     1.0000     0.0535     0.9867     0.9867    -0.0000
 46   0     0.9699     1.0000     0.0301     0.9772     0.9772    -0.0000
 47   0     0.9648     1.0000     0.0352     0.9819     0.9819    -0.0000
 48   0     0.9785     1.0000     0.0215     0.9852     0.9852     0.0000
 49   0     0.9648     1.0000     0.0352     0.9864     0.9864     0.0000
 50   0     0.9767     1.0000     0.0233     0.9857     0.9857     0.0000
      Bond orders larger than 0.1000000
           Atom A     A.N. of A          Atom B    A.N. of B              Bond order
                0             6               1            8                0.866635
                0             6              24            1                0.985331
                0             6              25            1                0.985119
                0             6              26            1                0.992169
                1             8               2            6                1.024862
                2             6               3            6                1.335807
                2             6              21            6                1.403455
                3             6               4            6                1.394806
                3             6              27            1                1.012524
                4             6               5            6                1.016776
                4             6              17            6                1.371961
                5             6               6            6                1.923930
                5             6              28            1                0.978002
                6             6               7            6                0.977745
                6             6              29            1                0.967812
                7             6               8            8                1.900554
                7             6               9            7                1.106356
                9             7              10            6                0.852158
                9             7              16            6                0.859226
               10             6              11            6                1.018979
               10             6              30            1                0.973048
               10             6              31            1                0.976429
               11             6              12            6                1.005595
               11             6              32            1                0.970456
               11             6              33            1                0.978876
               12             6              13            6                1.024765
               12             6              34            1                0.975556
               12             6              35            1                0.967299
               13             6              14            6                1.008607
               13             6              36            1                0.976352
               13             6              37            1                0.969309
               14             6              15            6                1.004620
               14             6              38            1                0.977615
               14             6              39            1                0.973842
               15             6              16            6                1.013183
               15             6              40            1                0.962588
               15             6              41            1                0.971172
               16             6              42            1                0.971095
               16             6              43            1                0.979904
               17             6              18            6                1.344721
               17             6              44            1                1.014265
               18             6              19            8                1.024994
               18             6              21            6                1.406390
               19             8              20            6                0.869901
               20             6              45            1                0.992440
               20             6              46            1                0.984973
               20             6              47            1                0.984607
               21             6              22            8                1.007128
               22             8              23            6                0.859900
               23             6              48            1                0.984228
               23             6              49            1                0.993803
               23             6              50            1                0.984663
# -----------------------------------------------------------
$ Calculation_Info
   description: Details of the calculation
   geom. index: 1
   prop. index: 1
     Multiplicity:                          1
     Charge:                                0
     number of atoms:                       51
     number of electrons:                   0
     number of frozen core electrons:       1
     number of correlated electrons:        0
     number of basis functions:             471
     number of aux C basis functions:       0
     number of aux J basis functions:       0
     number of aux JK basis functions:      0
     number of aux CABS basis functions:    0
     Total Energy                           -1088.129548
# -----------------------------------------------------------
$ SCF_Electric_Properties
   description: The SCF Calculated Electric Properties
   geom. index: 1
   prop. index: 1
       Filename                          : ./ZINC000000000153/ZINC000000000153.scfp 
       Do Dipole Moment Calculation      : true 
       Do Quadrupole Moment Calculation  : false 
       Do Polarizability Calculation     : false 
** Dipole moment part of electric properties **
        Magnitude of dipole moment (Debye) :        4.8479663534
        Electronic Contribution:
                  0    
      0     -27.368984
      1      -2.756047
      2      11.573021
        Nuclear Contribution:
                  0    
      0      28.468379
      1       3.780430
      2     -12.747650
        Total Dipole moment:
                  0    
      0       1.099395
      1       1.024383
      2      -1.174630
# -------------------------------------------------------------
----------------------- !GEOMETRIES! ------------------------
# -------------------------------------------------------------
------------------------ !GEOMETRY! -------------------------
    Number of atoms:    51 
    Geometry Index:     1 
    Coordinates:
               0 C     -4.896187355268   -3.130125116503    1.463182529161
               1 O     -5.234288122046   -1.828347178063    1.004118538951
               2 C     -4.227785502213   -0.899172831927    0.943356814845
               3 C     -2.870588183872   -1.179713737174    1.120650480321
               4 C     -1.911374087737   -0.158799223901    1.033676868970
               5 C     -0.481069982158   -0.424337238592    1.237275099116
               6 C      0.153855678268   -1.491073441355    0.728187543793
               7 C      1.587761884350   -1.712418766600    1.020920271315
               8 O      1.896260857809   -2.702810555959    1.678472823803
               9 N      2.495998758813   -0.792466682572    0.515679605379
              10 C      3.945789988899   -0.923553522753    0.953710498884
              11 C      5.025110783691   -1.449382403061   -0.095153881579
              12 C      5.895154818206   -0.415669651704   -0.945157399793
              13 C      5.423763682558    0.074590011982   -2.389765532454
              14 C      4.077168739759    0.894665809936   -2.488083243934
              15 C      3.312722661032    0.291337475925   -1.377249045318
              16 C      2.118502241716    0.270006125716   -0.506159455301
              17 C     -2.323347830679    1.161350462338    0.797478986260
              18 C     -3.675098338191    1.464330508239    0.616146028735
              19 O     -4.169825985747    2.718664195114    0.367285022724
              20 C     -3.278446079810    3.814978508712    0.515231175238
              21 C     -4.616134804590    0.422522685273    0.667762868065
              22 O     -5.955246287308    0.718225898688    0.530035489682
              23 C     -6.335951461752    0.603211839403   -0.839662957209
              24 H     -4.241620767596   -3.639416554585    0.748406388987
              25 H     -4.444446036773   -3.096232272301    2.460290071152
              26 H     -5.821614916156   -3.709539749215    1.536905617812
              27 H     -2.538458372969   -2.189569054344    1.338804574971
              28 H      0.064125401400    0.307909434621    1.829264681977
              29 H     -0.333802475267   -2.274397324099    0.162676271405
              30 H      3.969825968949   -1.622853124630    1.797980453871
              31 H      4.254300638648    0.043606614885    1.369547228957
              32 H      4.594727002440   -2.219010987979   -0.746055222820
              33 H      5.767618576313   -1.975377326712    0.522609436422
              34 H      6.861670737136   -0.909655113012   -1.116790568360
              35 H      6.118705955457    0.460431823608   -0.323330786871
              36 H      6.225112537127    0.676173096882   -2.835164425671
              37 H      5.323756477815   -0.821135543678   -3.017210713201
              38 H      4.264987604082    1.961795335159   -2.329448368227
              39 H      3.605646266634    0.759417435602   -3.465299421050
              40 H      3.974793285695    0.689008039213   -0.607899418154
              41 H      3.370761905974   -0.769017400704   -1.650866745490
              42 H      1.216642638135   -0.007519414354   -1.056128540116
              43 H      1.958081780828    1.210790322701    0.029546324421
              44 H     -1.568180140249    1.938970001388    0.746465319283
              45 H     -3.855493806727    4.735401654366    0.384056864252
              46 H     -2.503426733549    3.796153727197   -0.257795211211
              47 H     -2.837679380635    3.838379343913    1.517502555764
              48 H     -5.783429090762    1.309666353901   -1.468800117069
              49 H     -7.399822358732    0.848220203323   -0.912536108481
              50 H     -6.199528770953   -0.419166068373   -1.208669272206
