-------------------------------------------------------------
----------------------- !PROPERTIES! ------------------------
-------------------------------------------------------------
# -----------------------------------------------------------
$ PAL_Flags
   description: The PAL Flags
   geom. index: 1
   prop. index: 1
        Diskflag:     2
# -----------------------------------------------------------
$ SCF_Energy
   description: The SCF energy
   geom. index: 1
   prop. index: 1
        SCF Energy:     -725.0328249436
# -----------------------------------------------------------
$ Mayer_Pop
   description: The Mayer population analysis
   geom. index: 1
   prop. index: 1
     Number of atoms                     : 37
     Threshold for printing              : 0.1000000
     Number of bond orders printed       : 38
  NA   - Mulliken gross atomic population
  ZA   - Total nuclear charge
  QA   - Mulliken gross atomic charge
  VA   - Mayer's total valence
  BVA  - Mayer's bonded valence
  FA   - Mayer's free valence
  ATOM       NA         ZA         QA         VA         BVA        FA
  0   0     5.9251     6.0000     0.0749     3.9102     3.9102     0.0000
  1   0     6.2238     6.0000    -0.2238     3.9127     3.9127     0.0000
  2   0     6.0332     6.0000    -0.0332     3.9441     3.9441     0.0000
  3   0     6.0449     6.0000    -0.0449     3.8604     3.8604     0.0000
  4   0     6.0142     6.0000    -0.0142     3.8465     3.8465    -0.0000
  5   0     6.0925     6.0000    -0.0925     3.9007     3.9007    -0.0000
  6   0     5.8058     6.0000     0.1942     3.9013     3.9013    -0.0000
  7   0     7.4234     7.0000    -0.4234     3.0256     3.0256    -0.0000
  8   0     5.5267     6.0000     0.4733     3.9949     3.9949     0.0000
  9   0     8.4384     8.0000    -0.4384     2.0444     2.0444    -0.0000
 10   0     6.0117     6.0000    -0.0117     3.7939     3.7939     0.0000
 11   0     5.9704     6.0000     0.0296     3.9255     3.9255     0.0000
 12   0     7.6916     7.0000    -0.6916     2.7537     2.7537     0.0000
 13   0     5.8490     6.0000     0.1510     3.8438     3.8438    -0.0000
 14   0     6.0629     6.0000    -0.0629     3.9572     3.9572     0.0000
 15   0     6.0964     6.0000    -0.0964     3.9656     3.9656    -0.0000
 16   0     5.8017     6.0000     0.1983     3.8500     3.8500     0.0000
 17   0     0.9533     1.0000     0.0467     0.9791     0.9791    -0.0000
 18   0     0.9640     1.0000     0.0360     0.9927     0.9927    -0.0000
 19   0     0.9536     1.0000     0.0464     0.9784     0.9784    -0.0000
 20   0     0.9736     1.0000     0.0264     0.9932     0.9932     0.0000
 21   0     0.9685     1.0000     0.0315     0.9857     0.9857     0.0000
 22   0     0.9617     1.0000     0.0383     0.9863     0.9863     0.0000
 23   0     0.9261     1.0000     0.0739     1.0229     1.0229    -0.0000
 24   0     0.8031     1.0000     0.1969     1.0001     1.0001    -0.0000
 25   0     0.9331     1.0000     0.0669     0.9757     0.9757    -0.0000
 26   0     0.9401     1.0000     0.0599     0.9924     0.9924     0.0000
 27   0     0.9599     1.0000     0.0401     0.9919     0.9919    -0.0000
 28   0     0.9721     1.0000     0.0279     0.9837     0.9837    -0.0000
 29   0     0.9437     1.0000     0.0563     0.9858     0.9858    -0.0000
 30   0     0.9644     1.0000     0.0356     0.9724     0.9724     0.0000
 31   0     0.9607     1.0000     0.0393     0.9772     0.9772     0.0000
 32   0     0.9591     1.0000     0.0409     0.9741     0.9741     0.0000
 33   0     0.9600     1.0000     0.0400     0.9721     0.9721    -0.0000
 34   0     0.9610     1.0000     0.0390     0.9726     0.9726    -0.0000
 35   0     0.9625     1.0000     0.0375     0.9841     0.9841     0.0000
 36   0     0.9678     1.0000     0.0322     0.9747     0.9747     0.0000
      Bond orders larger than 0.1000000
           Atom A     A.N. of A          Atom B    A.N. of B              Bond order
                0             6               1            6                0.997938
                0             6              17            1                0.976760
                0             6              18            1                0.979324
                0             6              19            1                0.974376
                1             6               2            6                1.458752
                1             6               6            6                1.397295
                2             6               3            6                1.414629
                2             6              20            1                1.001742
                3             6               4            6                1.410641
                3             6              21            1                1.001457
                4             6               5            6                1.406051
                4             6              22            1                1.000490
                5             6               6            6                1.413266
                5             6              23            1                0.999265
                6             6               7            7                0.997372
                7             7               8            6                1.139845
                7             7              24            1                0.892259
                8             6               9            8                1.940400
                8             6              10            6                0.937366
               10             6              11            6                1.039932
               10             6              12            7                0.921639
               10             6              25            1                0.949254
               11             6              26            1                0.969345
               11             6              27            1                0.975102
               11             6              28            1                0.982282
               12             7              13            6                0.902523
               12             7              16            6                0.921297
               13             6              14            6                1.037952
               13             6              29            1                0.980715
               13             6              30            1                0.976380
               14             6              15            6                1.031292
               14             6              31            1                0.971337
               14             6              32            1                0.976505
               15             6              16            6                1.035137
               15             6              33            1                0.975210
               15             6              34            1                0.974345
               16             6              35            1                0.980330
               16             6              36            1                0.978567
# -----------------------------------------------------------
$ Calculation_Info
   description: Details of the calculation
   geom. index: 1
   prop. index: 1
     Multiplicity:                          1
     Charge:                                0
     number of atoms:                       37
     number of electrons:                   0
     number of frozen core electrons:       1
     number of correlated electrons:        0
     number of basis functions:             338
     number of aux C basis functions:       0
     number of aux J basis functions:       0
     number of aux JK basis functions:      0
     number of aux CABS basis functions:    0
     Total Energy                           -725.032825
# -----------------------------------------------------------
$ SCF_Electric_Properties
   description: The SCF Calculated Electric Properties
   geom. index: 1
   prop. index: 1
       Filename                          : ./ZINC000000000051/ZINC000000000051.scfp 
       Do Dipole Moment Calculation      : true 
       Do Quadrupole Moment Calculation  : false 
       Do Polarizability Calculation     : false 
** Dipole moment part of electric properties **
        Magnitude of dipole moment (Debye) :        4.4507301972
        Electronic Contribution:
                  0    
      0      15.107231
      1       4.766563
      2       1.766616
        Nuclear Contribution:
                  0    
      0     -16.369524
      1      -5.646295
      2      -2.602527
        Total Dipole moment:
                  0    
      0      -1.262293
      1      -0.879732
      2      -0.835910
# -------------------------------------------------------------
----------------------- !GEOMETRIES! ------------------------
# -------------------------------------------------------------
------------------------ !GEOMETRY! -------------------------
    Number of atoms:    37 
    Geometry Index:     1 
    Coordinates:
               0 C      2.069483607075   -1.655319279514   -1.832142974420
               1 C      2.903161813026   -0.810300931597   -0.906152503301
               2 C      4.281740898996   -1.075213091845   -0.818692486296
               3 C      5.100936139192   -0.326055820438    0.022752397325
               4 C      4.552152543411    0.697154612645    0.785748046751
               5 C      3.184311688478    0.972281443277    0.710043436785
               6 C      2.346070126217    0.227784732652   -0.127299564993
               7 N      0.964713107730    0.483216855565   -0.227898753725
               8 C      0.181591097614    1.370344250716    0.494882723928
               9 O      0.563362689253    2.128267447359    1.380997225938
              10 C     -1.293873823382    1.352728602594   -0.004348084121
              11 C     -2.217973003561    2.027746829408    1.009459955880
              12 N     -1.654227095061   -0.026050169227   -0.444235332379
              13 C     -1.843928061347   -0.990482334237    0.647573351316
              14 C     -3.333480124850   -1.041771865973    0.934991704032
              15 C     -4.003977106751   -0.563192193910   -0.339965969002
              16 C     -2.881399299409   -0.079694489625   -1.245990263903
              17 H      1.301484959616   -2.193646021071   -1.267240272317
              18 H      2.676606256385   -2.402799968618   -2.354015563312
              19 H      1.595113833258   -1.029371446797   -2.594870443778
              20 H      4.727738586910   -1.872192044702   -1.409885274450
              21 H      6.164680961613   -0.539848045411    0.081781266551
              22 H      5.184331655987    1.287982097406    1.443454796912
              23 H      2.801989895167    1.784341182542    1.320294938590
              24 H      0.410125677492   -0.109357653998   -0.839864516116
              25 H     -1.273302268971    1.986547989986   -0.902649365073
              26 H     -1.904913582907    3.064629171981    1.178470235372
              27 H     -2.190747975146    1.527073584221    1.982479996306
              28 H     -3.252357357344    2.060902125979    0.656248515737
              29 H     -1.253853951176   -0.775240210245    1.544656060346
              30 H     -1.514857522802   -1.973539848538    0.287980338407
              31 H     -3.596062326628   -0.379106742007    1.766574695666
              32 H     -3.657718183597   -2.051449170728    1.207222836066
              33 H     -4.566075906787   -1.373903385536   -0.816153742184
              34 H     -4.711056240227    0.243186453423   -0.117272647403
              35 H     -3.129694886964    0.867125386887   -1.738448754278
              36 H     -2.730096820508   -0.812778052622   -2.047966174221
