-------------------------------------------------------------
----------------------- !PROPERTIES! ------------------------
-------------------------------------------------------------
# -----------------------------------------------------------
$ PAL_Flags
   description: The PAL Flags
   geom. index: 1
   prop. index: 1
        Diskflag:     2
# -----------------------------------------------------------
$ SCF_Energy
   description: The SCF energy
   geom. index: 1
   prop. index: 1
        SCF Energy:    -1006.3385557205
# -----------------------------------------------------------
$ Mayer_Pop
   description: The Mayer population analysis
   geom. index: 1
   prop. index: 1
     Number of atoms                     : 45
     Threshold for printing              : 0.1000000
     Number of bond orders printed       : 47
  NA   - Mulliken gross atomic population
  ZA   - Total nuclear charge
  QA   - Mulliken gross atomic charge
  VA   - Mayer's total valence
  BVA  - Mayer's bonded valence
  FA   - Mayer's free valence
  ATOM       NA         ZA         QA         VA         BVA        FA
  0   0     5.9939     6.0000     0.0061     3.8955     3.8955    -0.0000
  1   0     6.3142     6.0000    -0.3142     3.8994     3.8994    -0.0000
  2   0     5.9557     6.0000     0.0443     3.9186     3.9186    -0.0000
  3   0     5.4669     6.0000     0.5331     3.8289     3.8289    -0.0000
  4   0     8.4423     8.0000    -0.4423     2.0337     2.0337     0.0000
  5   0     7.6797     7.0000    -0.6797     2.8793     2.8793    -0.0000
  6   0     5.6767     6.0000     0.3233     3.7188     3.7188     0.0000
  7   0     6.1383     6.0000    -0.1383     3.9129     3.9129     0.0000
  8   0     6.0124     6.0000    -0.0124     3.9130     3.9130    -0.0000
  9   0     5.8083     6.0000     0.1917     3.8611     3.8611    -0.0000
 10   0     7.6294     7.0000    -0.6294     2.8346     2.8346     0.0000
 11   0     5.8571     6.0000     0.1429     3.8652     3.8652     0.0000
 12   0     5.8480     6.0000     0.1520     3.8757     3.8757     0.0000
 13   0     6.1715     6.0000    -0.1715     3.8501     3.8501     0.0000
 14   0     5.9702     6.0000     0.0298     3.9638     3.9638     0.0000
 15   0     5.9157     6.0000     0.0843     3.6692     3.6692    -0.0000
 16   0     6.6519     7.0000     0.3481     3.8479     3.8479    -0.0000
 17   0     8.3658     8.0000    -0.3658     1.7638     1.7638    -0.0000
 18   0     8.3576     8.0000    -0.3576     1.7716     1.7716    -0.0000
 19   0     5.9676     6.0000     0.0324     3.8767     3.8767    -0.0000
 20   0     6.1014     6.0000    -0.1014     3.9115     3.9115    -0.0000
 21   0     5.6719     6.0000     0.3281     3.7660     3.7660    -0.0000
 22   0     0.9680     1.0000     0.0320     0.9854     0.9854    -0.0000
 23   0     0.9507     1.0000     0.0493     0.9824     0.9824     0.0000
 24   0     0.9471     1.0000     0.0529     0.9889     0.9889    -0.0000
 25   0     0.9434     1.0000     0.0566     0.9599     0.9599     0.0000
 26   0     0.9610     1.0000     0.0390     0.9850     0.9850    -0.0000
 27   0     0.9707     1.0000     0.0293     0.9811     0.9811     0.0000
 28   0     0.9450     1.0000     0.0550     0.9941     0.9941     0.0000
 29   0     0.9491     1.0000     0.0509     0.9766     0.9766    -0.0000
 30   0     0.9436     1.0000     0.0564     0.9883     0.9883     0.0000
 31   0     0.9364     1.0000     0.0636     0.9687     0.9687    -0.0000
 32   0     0.9562     1.0000     0.0438     0.9839     0.9839    -0.0000
 33   0     0.9514     1.0000     0.0486     0.9882     0.9882    -0.0000
 34   0     0.9963     1.0000     0.0037     0.9803     0.9803    -0.0000
 35   0     0.9835     1.0000     0.0165     0.9927     0.9927    -0.0000
 36   0     0.9627     1.0000     0.0373     0.9869     0.9869    -0.0000
 37   0     0.9587     1.0000     0.0413     0.9847     0.9847     0.0000
 38   0     0.9955     1.0000     0.0045     0.9821     0.9821    -0.0000
 39   0     0.9630     1.0000     0.0370     0.9857     0.9857    -0.0000
 40   0     0.9704     1.0000     0.0296     0.9853     0.9853     0.0000
 41   0     0.9967     1.0000     0.0033     0.9811     0.9811     0.0000
 42   0     0.9282     1.0000     0.0718     1.0212     1.0212    -0.0000
 43   0     0.9133     1.0000     0.0867     1.0066     1.0066     0.0000
 44   0     0.9125     1.0000     0.0875     1.0222     1.0222     0.0000
      Bond orders larger than 0.1000000
           Atom A     A.N. of A          Atom B    A.N. of B              Bond order
                0             6               1            6                1.003088
                0             6              22            1                0.985345
                0             6              23            1                0.987619
                0             6              24            1                0.980457
                1             6               2            6                1.032632
                1             6               3            6                0.928207
                1             6              25            1                0.959798
                2             6              26            1                0.986274
                2             6              27            1                0.986391
                2             6              28            1                0.977184
                3             6               4            8                1.937431
                3             6               5            7                1.031909
                5             7               6            6                0.851124
                5             7              21            6                0.938138
                6             6               7            6                1.007696
                6             6              29            1                0.968942
                6             6              30            1                0.978017
                7             6               8            6                1.031639
                7             6              13            6                0.974619
                7             6              31            1                0.932300
                8             6               9            6                1.032440
                8             6              32            1                0.969005
                8             6              33            1                0.961388
                9             6              10            7                0.955829
                9             6              34            1                0.962075
                9             6              35            1                0.976157
               10             7              11            6                0.935602
               10             7              12            6                0.945761
               11             6              36            1                0.991579
               11             6              37            1                0.991196
               11             6              38            1                0.975681
               12             6              39            1                0.992239
               12             6              40            1                0.991367
               12             6              41            1                0.976555
               13             6              14            6                1.468299
               13             6              21            6                1.374329
               14             6              15            6                1.375894
               14             6              42            1                1.003707
               15             6              16            7                0.837831
               15             6              19            6                1.391979
               16             7              17            8                1.494803
               16             7              18            8                1.506473
               17             8              18            8                0.195369
               19             6              20            6                1.400502
               19             6              43            1                0.994141
               20             6              21            6                1.407390
               20             6              44            1                1.003739
# -----------------------------------------------------------
$ Calculation_Info
   description: Details of the calculation
   geom. index: 1
   prop. index: 1
     Multiplicity:                          1
     Charge:                                0
     number of atoms:                       45
     number of electrons:                   0
     number of frozen core electrons:       1
     number of correlated electrons:        0
     number of basis functions:             423
     number of aux C basis functions:       0
     number of aux J basis functions:       0
     number of aux JK basis functions:      0
     number of aux CABS basis functions:    0
     Total Energy                           -1006.338556
# -----------------------------------------------------------
$ SCF_Electric_Properties
   description: The SCF Calculated Electric Properties
   geom. index: 1
   prop. index: 1
       Filename                          : ./ZINC000000000059/ZINC000000000059.scfp 
       Do Dipole Moment Calculation      : true 
       Do Quadrupole Moment Calculation  : false 
       Do Polarizability Calculation     : false 
** Dipole moment part of electric properties **
        Magnitude of dipole moment (Debye) :        8.6153523409
        Electronic Contribution:
                  0    
      0      14.547978
      1      35.610748
      2       7.151366
        Nuclear Contribution:
                  0    
      0     -15.441944
      1     -38.878160
      2      -7.266955
        Total Dipole moment:
                  0    
      0      -0.893966
      1      -3.267412
      2      -0.115589
# -------------------------------------------------------------
----------------------- !GEOMETRIES! ------------------------
# -------------------------------------------------------------
------------------------ !GEOMETRY! -------------------------
    Number of atoms:    45 
    Geometry Index:     1 
    Coordinates:
               0 C      3.200150446935   -2.792084795005    0.664222936223
               1 C      2.969271158651   -2.077955915766   -0.666622213875
               2 C      4.052698808161   -2.479333127825   -1.669165237940
               3 C      2.968683175421   -0.560208201235   -0.444478541746
               4 O      4.005537345857    0.082858031139   -0.616276665386
               5 N      1.777218089161   -0.003602294848    0.000920801709
               6 C      0.469618288475   -0.681853642757    0.058022500682
               7 C     -0.540154377376    0.297039587668    0.692148648888
               8 C     -1.879024638209    0.352035988588   -0.053079959759
               9 C     -2.660512243585   -0.965097120182    0.075182280898
              10 N     -3.862788773944   -1.000633872778   -0.771491308092
              11 C     -4.883207515845   -0.044536662084   -0.333672399178
              12 C     -4.432279209176   -2.351998657088   -0.781889738914
              13 C      0.240490282078    1.583901001955    0.659599466886
              14 C     -0.207205393771    2.855485473483    1.003472523216
              15 C      0.709156792069    3.915835847548    0.954739700617
              16 N      0.266937102752    5.271112025778    1.308758522553
              17 O     -0.914876141318    5.419151156149    1.652789394680
              18 O      1.099441478104    6.186550511613    1.244652838213
              19 C      2.047526791481    3.697209306464    0.580829411523
              20 C      2.481540881247    2.407707540638    0.250708837300
              21 C      1.571619842056    1.360584646635    0.291239232502
              22 H      2.448577625185   -2.518266176842    1.410297847013
              23 H      3.164298485944   -3.878616120434    0.533039845317
              24 H      4.178537869645   -2.533124555520    1.084870680294
              25 H      2.009185561227   -2.388719512894   -1.090099844279
              26 H      3.918204392029   -1.948128056550   -2.617728476405
              27 H      4.011734745622   -3.554235934312   -1.874559743055
              28 H      5.056170267511   -2.244942613170   -1.296841254301
              29 H      0.540372836986   -1.604138541062    0.641555248664
              30 H      0.197191728448   -0.949425918500   -0.970370600845
              31 H     -0.701432478454    0.025880746748    1.743578554173
              32 H     -2.479708546094    1.172892459627    0.354940537449
              33 H     -1.708025336495    0.585853400029   -1.112342174009
              34 H     -2.917652271928   -1.143261026374    1.127634256607
              35 H     -1.999214788791   -1.784625604061   -0.231584104052
              36 H     -5.779280027012   -0.124543846850   -0.960116992076
              37 H     -4.534444401194    0.986920044462   -0.442448497918
              38 H     -5.179495300659   -0.205853980272    0.709042499907
              39 H     -5.299479201019   -2.400618549200   -1.450078943725
              40 H     -3.703951360367   -3.074822978102   -1.166359945568
              41 H     -4.746245078398   -2.675145894696    0.217332570714
              42 H     -1.238135035204    3.012439140208    1.308696988790
              43 H      2.764228426347    4.515799587872    0.544574964943
              44 H      3.518719697445    2.256517101801   -0.031422427705
