-------------------------------------------------------------
----------------------- !PROPERTIES! ------------------------
-------------------------------------------------------------
# -----------------------------------------------------------
$ PAL_Flags
   description: The PAL Flags
   geom. index: 1
   prop. index: 1
        Diskflag:     2
# -----------------------------------------------------------
$ SCF_Energy
   description: The SCF energy
   geom. index: 1
   prop. index: 1
        SCF Energy:    -3297.3987900772
# -----------------------------------------------------------
$ Mayer_Pop
   description: The Mayer population analysis
   geom. index: 1
   prop. index: 1
     Number of atoms                     : 38
     Threshold for printing              : 0.1000000
     Number of bond orders printed       : 39
  NA   - Mulliken gross atomic population
  ZA   - Total nuclear charge
  QA   - Mulliken gross atomic charge
  VA   - Mayer's total valence
  BVA  - Mayer's bonded valence
  FA   - Mayer's free valence
  ATOM       NA         ZA         QA         VA         BVA        FA
  0   0     5.8465     6.0000     0.1535     3.8734     3.8734     0.0000
  1   0     7.6245     7.0000    -0.6245     2.8538     2.8538     0.0000
  2   0     5.8481     6.0000     0.1519     3.8760     3.8760     0.0000
  3   0     5.8154     6.0000     0.1846     3.8855     3.8855    -0.0000
  4   0     5.9983     6.0000     0.0017     3.8485     3.8485     0.0000
  5   0     6.0047     6.0000    -0.0047     3.8478     3.8478    -0.0000
  6   0     6.1075     6.0000    -0.1075     3.8234     3.8234     0.0000
  7   0     6.0304     6.0000    -0.0304     3.9219     3.9219    -0.0000
  8   0     5.9896     6.0000     0.0104     3.9318     3.9318     0.0000
  9   0     6.1019     6.0000    -0.1019     3.8511     3.8511    -0.0000
 10   0    35.0508    35.0000    -0.0508     1.0224     1.0224     0.0000
 11   0     5.9885     6.0000     0.0115     3.9295     3.9295    -0.0000
 12   0     6.0084     6.0000    -0.0084     3.8943     3.8943    -0.0000
 13   0     5.9307     6.0000     0.0693     3.8192     3.8192     0.0000
 14   0     6.0533     6.0000    -0.0533     3.8757     3.8757     0.0000
 15   0     5.9493     6.0000     0.0507     3.8753     3.8753     0.0000
 16   0     6.1261     6.0000    -0.1261     3.8652     3.8652     0.0000
 17   0     5.8303     6.0000     0.1697     3.9268     3.9268     0.0000
 18   0     7.3869     7.0000    -0.3869     2.9744     2.9744     0.0000
 19   0     0.9678     1.0000     0.0322     0.9879     0.9879     0.0000
 20   0     0.9739     1.0000     0.0261     0.9840     0.9840     0.0000
 21   0     0.9952     1.0000     0.0048     0.9780     0.9780     0.0000
 22   0     0.9708     1.0000     0.0292     0.9848     0.9848     0.0000
 23   0     0.9935     1.0000     0.0065     0.9761     0.9761     0.0000
 24   0     0.9749     1.0000     0.0251     0.9858     0.9858     0.0000
 25   0     0.9594     1.0000     0.0406     0.9931     0.9931    -0.0000
 26   0     0.9849     1.0000     0.0151     0.9822     0.9822     0.0000
 27   0     0.9444     1.0000     0.0556     0.9935     0.9935     0.0000
 28   0     0.9639     1.0000     0.0361     0.9798     0.9798    -0.0000
 29   0     0.9721     1.0000     0.0279     0.9843     0.9843     0.0000
 30   0     0.9636     1.0000     0.0364     0.9933     0.9933    -0.0000
 31   0     0.9517     1.0000     0.0483     0.9995     0.9995     0.0000
 32   0     0.9502     1.0000     0.0498     0.9997     0.9997    -0.0000
 33   0     0.9397     1.0000     0.0603     1.0035     1.0035    -0.0000
 34   0     0.9604     1.0000     0.0396     0.9973     0.9973    -0.0000
 35   0     0.9464     1.0000     0.0536     0.9856     0.9856     0.0000
 36   0     0.9489     1.0000     0.0511     0.9883     0.9883     0.0000
 37   0     0.9471     1.0000     0.0529     0.9897     0.9897     0.0000
      Bond orders larger than 0.1000000
           Atom A     A.N. of A          Atom B    A.N. of B              Bond order
                0             6               1            7                0.944972
                0             6              19            1                0.990686
                0             6              20            1                0.991384
                0             6              21            1                0.977736
                1             7               2            6                0.946675
                1             7               3            6                0.969878
                2             6              22            1                0.991642
                2             6              23            1                0.976886
                2             6              24            1                0.990263
                3             6               4            6                1.001745
                3             6              25            1                0.981586
                3             6              26            1                0.980850
                4             6               5            6                1.036696
                4             6              27            1                0.946995
                4             6              28            1                0.968414
                5             6               6            6                1.005192
                5             6              13            6                0.963300
                5             6              29            1                0.965731
                6             6               7            6                1.426797
                6             6              12            6                1.398088
                7             6               8            6                1.429388
                7             6              30            1                1.001559
                8             6               9            6                1.422446
                8             6              31            1                0.998292
                9             6              10           35                0.986594
                9             6              11            6                1.404706
               11             6              12            6                1.445573
               11             6              32            1                1.000043
               12             6              33            1                0.994645
               13             6              14            6                1.399766
               13             6              18            7                1.445265
               14             6              15            6                1.443175
               14             6              34            1                0.990134
               15             6              16            6                1.410199
               15             6              35            1                0.992638
               16             6              17            6                1.413116
               16             6              36            1                0.991176
               17             6              18            7                1.450180
               17             6              37            1                1.000183
# -----------------------------------------------------------
$ Calculation_Info
   description: Details of the calculation
   geom. index: 1
   prop. index: 1
     Multiplicity:                          1
     Charge:                                0
     number of atoms:                       38
     number of electrons:                   0
     number of frozen core electrons:       1
     number of correlated electrons:        0
     number of basis functions:             379
     number of aux C basis functions:       0
     number of aux J basis functions:       0
     number of aux JK basis functions:      0
     number of aux CABS basis functions:    0
     Total Energy                           -3297.398790
# -----------------------------------------------------------
$ SCF_Electric_Properties
   description: The SCF Calculated Electric Properties
   geom. index: 1
   prop. index: 1
       Filename                          : ./ZINC000000000096/ZINC000000000096.scfp 
       Do Dipole Moment Calculation      : true 
       Do Quadrupole Moment Calculation  : false 
       Do Polarizability Calculation     : false 
** Dipole moment part of electric properties **
        Magnitude of dipole moment (Debye) :        2.5484449482
        Electronic Contribution:
                  0    
      0     -60.854805
      1     -51.045623
      2      26.977699
        Nuclear Contribution:
                  0    
      0      60.630441
      1      51.693499
      2     -27.709242
        Total Dipole moment:
                  0    
      0      -0.224364
      1       0.647876
      2      -0.731543
# -------------------------------------------------------------
----------------------- !GEOMETRIES! ------------------------
# -------------------------------------------------------------
------------------------ !GEOMETRY! -------------------------
    Number of atoms:    38 
    Geometry Index:     1 
    Coordinates:
               0 C      3.553782773478    1.292961373038    0.979651597643
               1 N      3.476109070099    0.463109133774   -0.220218789837
               2 C      4.064619683059   -0.851507903811    0.012703898220
               3 C      2.111839173126    0.399533146043   -0.768729440623
               4 C      1.050260675215   -0.301800778753    0.097585140672
               5 C     -0.336619002257   -0.330719292691   -0.591967405716
               6 C     -1.267921428358   -1.298487986839    0.136752663477
               7 C     -1.661627047656   -2.497116895128   -0.480027806549
               8 C     -2.507594101536   -3.391745429735    0.180189767037
               9 C     -2.964524338369   -3.094716574365    1.462211637380
              10 Br    -4.109872012560   -4.305843199133    2.353827497868
              11 C     -2.583261377714   -1.912694344893    2.091436669636
              12 C     -1.737098679723   -1.019266193587    1.431395927452
              13 C     -0.970808393976    1.047775326007   -0.762911435980
              14 C     -1.873892029648    1.268276337697   -1.803949192148
              15 C     -2.462406960612    2.523062093192   -1.935259619804
              16 C     -2.143569132924    3.523101692055   -1.026241239653
              17 C     -1.247832454529    3.223877598599   -0.015331046403
              18 N     -0.662501318330    2.015879540822    0.138314211978
              19 H      3.133760229813    2.287554420265    0.793050481848
              20 H      4.600154376476    1.445685458166    1.267377225826
              21 H      3.031311516019    0.850455552726    1.834383598024
              22 H      5.128061235104   -0.752078570020    0.258057114828
              23 H      3.580844317922   -1.393137306438    0.832529491706
              24 H      4.009409935826   -1.467749259463   -0.891430152827
              25 H      1.793116046977    1.422834467042   -1.000486228871
              26 H      2.163286680287   -0.107306881396   -1.741426392273
              27 H      0.978614527027    0.180667437375    1.079574630894
              28 H      1.366508981970   -1.336415321962    0.281896623906
              29 H     -0.169798816200   -0.724545032766   -1.605261698457
              30 H     -1.311015993455   -2.746384414874   -1.479202438690
              31 H     -2.801972070885   -4.314565720366   -0.312428438444
              32 H     -2.936957008070   -1.674773851162    3.090894143119
              33 H     -1.448034242739   -0.095472433798    1.931320496553
              34 H     -2.123768383175    0.475171364463   -2.501504848409
              35 H     -3.167429080200    2.716030526756   -2.738723886345
              36 H     -2.585018392341    4.510262371082   -1.100768787341
              37 H     -0.968156957139    3.970089552077    0.722716030304
