-------------------------------------------------------------
----------------------- !PROPERTIES! ------------------------
-------------------------------------------------------------
# -----------------------------------------------------------
$ PAL_Flags
   description: The PAL Flags
   geom. index: 1
   prop. index: 1
        Diskflag:     2
# -----------------------------------------------------------
$ SCF_Energy
   description: The SCF energy
   geom. index: 1
   prop. index: 1
        SCF Energy:    -1178.1574724150
# -----------------------------------------------------------
$ Mayer_Pop
   description: The Mayer population analysis
   geom. index: 1
   prop. index: 1
     Number of atoms                     : 55
     Threshold for printing              : 0.1000000
     Number of bond orders printed       : 58
  NA   - Mulliken gross atomic population
  ZA   - Total nuclear charge
  QA   - Mulliken gross atomic charge
  VA   - Mayer's total valence
  BVA  - Mayer's bonded valence
  FA   - Mayer's free valence
  ATOM       NA         ZA         QA         VA         BVA        FA
  0   0     5.9988     6.0000     0.0012     3.9202     3.9202    -0.0000
  1   0     6.0205     6.0000    -0.0205     3.9220     3.9220    -0.0000
  2   0     5.9980     6.0000     0.0020     3.9172     3.9172     0.0000
  3   0     7.6116     7.0000    -0.6116     2.7677     2.7677    -0.0000
  4   0     5.8246     6.0000     0.1754     3.8979     3.8979     0.0000
  5   0     5.8230     6.0000     0.1770     3.8033     3.8033     0.0000
  6   0     7.7058     7.0000    -0.7058     2.8195     2.8195    -0.0000
  7   0     5.4351     6.0000     0.5649     3.9469     3.9469     0.0000
  8   0     8.4550     8.0000    -0.4550     2.0283     2.0283    -0.0000
  9   0     5.9850     6.0000     0.0150     3.8148     3.8148     0.0000
 10   0     6.0112     6.0000    -0.0112     3.9147     3.9147     0.0000
 11   0     6.0491     6.0000    -0.0491     3.9869     3.9869     0.0000
 12   0     5.8200     6.0000     0.1800     3.8601     3.8601     0.0000
 13   0     7.6476     7.0000    -0.6476     2.7900     2.7900     0.0000
 14   0     5.4386     6.0000     0.5614     3.9837     3.9837    -0.0000
 15   0     8.4162     8.0000    -0.4162     2.0453     2.0453    -0.0000
 16   0     6.1972     6.0000    -0.1972     3.8237     3.8237    -0.0000
 17   0     5.9782     6.0000     0.0218     3.9227     3.9227     0.0000
 18   0     6.0400     6.0000    -0.0400     3.8511     3.8511     0.0000
 19   0     6.0421     6.0000    -0.0421     3.8805     3.8805    -0.0000
 20   0     5.8466     6.0000     0.1534     3.8120     3.8120    -0.0000
 21   0     7.3394     7.0000    -0.3394     3.2227     3.2227     0.0000
 22   0     5.8262     6.0000     0.1738     3.7728     3.7728     0.0000
 23   0     6.0837     6.0000    -0.0837     3.9073     3.9073    -0.0000
 24   0     6.0281     6.0000    -0.0281     3.9124     3.9124    -0.0000
 25   0     5.8015     6.0000     0.1985     3.8107     3.8107     0.0000
 26   0     5.8662     6.0000     0.1338     3.8964     3.8964     0.0000
 27   0     0.9611     1.0000     0.0389     0.9880     0.9880    -0.0000
 28   0     0.9668     1.0000     0.0332     0.9815     0.9815    -0.0000
 29   0     0.9701     1.0000     0.0299     0.9844     0.9844    -0.0000
 30   0     0.9754     1.0000     0.0246     0.9556     0.9556    -0.0000
 31   0     0.9609     1.0000     0.0391     0.9883     0.9883     0.0000
 32   0     0.9747     1.0000     0.0253     0.9809     0.9809     0.0000
 33   0     0.9694     1.0000     0.0306     0.9846     0.9846     0.0000
 34   0     0.9664     1.0000     0.0336     0.9830     0.9830    -0.0000
 35   0     0.9572     1.0000     0.0428     0.9884     0.9884     0.0000
 36   0     0.9562     1.0000     0.0438     0.9749     0.9749     0.0000
 37   0     0.9619     1.0000     0.0381     0.9717     0.9717     0.0000
 38   0     0.9399     1.0000     0.0601     0.9751     0.9751    -0.0000
 39   0     0.9332     1.0000     0.0668     0.9894     0.9894     0.0000
 40   0     0.9678     1.0000     0.0322     0.9707     0.9707     0.0000
 41   0     0.9538     1.0000     0.0462     0.9746     0.9746    -0.0000
 42   0     0.9663     1.0000     0.0337     0.9744     0.9744     0.0000
 43   0     0.9662     1.0000     0.0338     0.9757     0.9757    -0.0000
 44   0     0.9283     1.0000     0.0717     0.9854     0.9854     0.0000
 45   0     0.9461     1.0000     0.0539     1.0039     1.0039     0.0000
 46   0     0.9603     1.0000     0.0397     0.9866     0.9866     0.0000
 47   0     0.9766     1.0000     0.0234     0.9934     0.9934    -0.0000
 48   0     0.8450     1.0000     0.1550     0.9811     0.9811    -0.0000
 49   0     0.9448     1.0000     0.0552     0.9956     0.9956     0.0000
 50   0     0.9528     1.0000     0.0472     1.0141     1.0141     0.0000
 51   0     0.9680     1.0000     0.0320     0.9794     0.9794    -0.0000
 52   0     0.9212     1.0000     0.0788     1.0029     1.0029    -0.0000
 53   0     0.9550     1.0000     0.0450     0.9890     0.9890     0.0000
 54   0     0.9647     1.0000     0.0353     0.9805     0.9805    -0.0000
      Bond orders larger than 0.1000000
           Atom A     A.N. of A          Atom B    A.N. of B              Bond order
                0             6               1            6                1.036806
                0             6              27            1                0.978289
                0             6              28            1                0.984236
                0             6              29            1                0.985664
                1             6               2            6                1.035478
                1             6               3            7                0.913289
                1             6              30            1                0.961319
                2             6              31            1                0.978167
                2             6              32            1                0.984225
                2             6              33            1                0.985779
                3             7               4            6                0.966026
                3             7              26            6                0.945367
                4             6               5            6                1.026119
                4             6              34            1                0.973156
                4             6              35            1                0.982928
                5             6               6            7                0.867852
                5             6              36            1                0.970966
                5             6              37            1                0.966617
                6             7               7            6                1.093554
                6             7              25            6                0.854237
                7             6               8            8                1.929298
                7             6               9            6                0.957140
                9             6              10            6                1.011342
                9             6              13            7                0.929706
                9             6              38            1                0.940646
               10             6              11            6                1.056810
               10             6              39            1                0.958575
               10             6              40            1                0.967520
               11             6              12            6                1.043918
               11             6              41            1                0.961936
               11             6              42            1                0.971171
               12             6              13            7                0.909338
               12             6              43            1                0.968968
               12             6              44            1                0.978064
               13             7              14            6                1.012377
               14             6              15            8                1.990421
               14             6              16            6                0.999043
               16             6              17            6                1.489237
               16             6              24            6                1.305630
               17             6              18            6                1.354773
               17             6              45            1                1.000530
               18             6              19            6                1.460332
               18             6              46            1                0.998254
               19             6              20            6                1.332997
               19             6              47            1                1.007523
               20             6              21            7                1.095586
               20             6              24            6                1.314806
               21             7              22            6                1.108309
               21             7              48            1                0.947052
               22             6              23            6                1.636579
               22             6              49            1                0.994106
               23             6              24            6                1.223013
               23             6              50            1                1.008252
               25             6              26            6                1.032767
               25             6              51            1                0.977162
               25             6              52            1                0.969860
               26             6              53            1                0.983945
               26             6              54            1                0.974714
# -----------------------------------------------------------
$ Calculation_Info
   description: Details of the calculation
   geom. index: 1
   prop. index: 1
     Multiplicity:                          1
     Charge:                                0
     number of atoms:                       55
     number of electrons:                   0
     number of frozen core electrons:       1
     number of correlated electrons:        0
     number of basis functions:             518
     number of aux C basis functions:       0
     number of aux J basis functions:       0
     number of aux JK basis functions:      0
     number of aux CABS basis functions:    0
     Total Energy                           -1178.157472
# -----------------------------------------------------------
$ SCF_Electric_Properties
   description: The SCF Calculated Electric Properties
   geom. index: 1
   prop. index: 1
       Filename                          : ./ZINC000000000191/ZINC000000000191.scfp 
       Do Dipole Moment Calculation      : true 
       Do Quadrupole Moment Calculation  : false 
       Do Polarizability Calculation     : false 
** Dipole moment part of electric properties **
        Magnitude of dipole moment (Debye) :        4.4791749005
        Electronic Contribution:
                  0    
      0     -40.935555
      1      -5.569565
      2       0.438624
        Nuclear Contribution:
                  0    
      0      40.339027
      1       6.988385
      2       0.419560
        Total Dipole moment:
                  0    
      0      -0.596528
      1       1.418820
      2       0.858184
# -------------------------------------------------------------
----------------------- !GEOMETRIES! ------------------------
# -------------------------------------------------------------
------------------------ !GEOMETRY! -------------------------
    Number of atoms:    55 
    Geometry Index:     1 
    Coordinates:
               0 C      5.779058171583   -1.934805220359   -0.921481483637
               1 C      5.034141816261   -0.689292822936   -0.411296860980
               2 C      6.007679304704    0.498267258017   -0.504779622371
               3 N      4.530115790424   -0.877450125748    0.971504918897
               4 C      3.819557222636    0.301809022455    1.512612442005
               5 C      2.465406550611    0.606530147233    0.840091421672
               6 N      1.586986230282   -0.558640194450    0.736550746820
               7 C      0.203229893961   -0.503860585971    0.562847953005
               8 O     -0.449672296345   -1.554046949509    0.527986926708
               9 C     -0.518779905711    0.879327545800    0.560463460566
              10 C     -0.026431289837    2.022882046536   -0.328773919775
              11 C     -1.251672789746    2.940826780164   -0.487342312485
              12 C     -2.395576911474    2.216670013297    0.225109693629
              13 N     -1.960206777276    0.832385439533    0.256936631009
              14 C     -2.347667067484    0.117839763981   -0.895906755619
              15 O     -1.570615365048   -0.155040854491   -1.808445389914
              16 C     -3.790057197553   -0.225786561364   -1.024710203806
              17 C     -4.330290453320   -0.331053474761   -2.320367048825
              18 C     -5.677808187514   -0.623460475187   -2.514443101813
              19 C     -6.528255952607   -0.827395965635   -1.426596545437
              20 C     -5.978412806112   -0.744128799111   -0.140890382838
              21 N     -6.582276830310   -0.922725413606    1.084208159487
              22 C     -5.667167259752   -0.778307631321    2.089471924735
              23 C     -4.451289392806   -0.500219086414    1.509786794941
              24 C     -4.628574781471   -0.455354444673    0.093369201820
              25 C      2.240808166325   -1.835038053816    0.415889503044
              26 C      3.600164899247   -2.024074289840    1.113021540671
              27 H      6.561308864508   -2.246871441717   -0.220551061813
              28 H      5.100623109810   -2.778037344275   -1.082438835963
              29 H      6.257521570065   -1.735194709905   -1.887107445092
              30 H      4.207668905648   -0.492124983833   -1.104345609706
              31 H      6.812305965934    0.413774132232    0.234165665652
              32 H      5.498553157666    1.455262972616   -0.355670366530
              33 H      6.470484664680    0.546310808133   -1.497098253117
              34 H      3.635503788535    0.117035082116    2.580459343154
              35 H      4.452313533805    1.194883512052    1.500313512177
              36 H      1.963523908985    1.374535520135    1.434281633352
              37 H      2.621679256624    0.993641851202   -0.172404110757
              38 H     -0.463002836663    1.212170123923    1.608139932517
              39 H      0.312322712244    1.658867342329   -1.305089382053
              40 H      0.797464527435    2.587583161302    0.113789939658
              41 H     -1.477968661382    3.070220227767   -1.551991274792
              42 H     -1.084234635863    3.934895364055   -0.060969017520
              43 H     -2.490916098664    2.564972141846    1.259768156606
              44 H     -3.350873524293    2.361927851733   -0.287888743278
              45 H     -3.686426160135   -0.179520993338   -3.184933189356
              46 H     -6.070692379654   -0.697430223046   -3.525952303481
              47 H     -7.577583369544   -1.059248725326   -1.580213572876
              48 H     -7.558561310606   -1.149750826263    1.213017820019
              49 H     -5.952484082618   -0.900319826321    3.125590546955
              50 H     -3.522364810407   -0.357310235300    2.046933965883
              51 H      2.361627775114   -1.865775093297   -0.673561030745
              52 H      1.589208871419   -2.672964526056    0.686946409290
              53 H      4.063653029816   -2.959939401261    0.785608853210
              54 H      3.416951445866   -2.173385701824    2.186380727097
