-------------------------------------------------------------
----------------------- !PROPERTIES! ------------------------
-------------------------------------------------------------
# -----------------------------------------------------------
$ PAL_Flags
   description: The PAL Flags
   geom. index: 1
   prop. index: 1
        Diskflag:     2
# -----------------------------------------------------------
$ SCF_Energy
   description: The SCF energy
   geom. index: 1
   prop. index: 1
        SCF Energy:    -1100.4935211536
# -----------------------------------------------------------
$ Mayer_Pop
   description: The Mayer population analysis
   geom. index: 1
   prop. index: 1
     Number of atoms                     : 43
     Threshold for printing              : 0.1000000
     Number of bond orders printed       : 47
  NA   - Mulliken gross atomic population
  ZA   - Total nuclear charge
  QA   - Mulliken gross atomic charge
  VA   - Mayer's total valence
  BVA  - Mayer's bonded valence
  FA   - Mayer's free valence
  ATOM       NA         ZA         QA         VA         BVA        FA
  0   0     8.4227     8.0000    -0.4227     2.0717     2.0717     0.0000
  1   0     5.3658     6.0000     0.6342     3.8292     3.8292    -0.0000
  2   0     6.3434     6.0000    -0.3434     3.7220     3.7220    -0.0000
  3   0     5.9333     6.0000     0.0667     3.8865     3.8865     0.0000
  4   0     5.8119     6.0000     0.1881     3.8554     3.8554    -0.0000
  5   0     6.0461     6.0000    -0.0461     3.8980     3.8980    -0.0000
  6   0     6.1285     6.0000    -0.1285     4.0058     4.0058    -0.0000
  7   0     5.6738     6.0000     0.3262     3.7997     3.7997    -0.0000
  8   0     8.6251     8.0000    -0.6251     1.7817     1.7817    -0.0000
  9   0     5.4112     6.0000     0.5888     3.8981     3.8981    -0.0000
 10   0     8.4208     8.0000    -0.4208     2.0846     2.0846    -0.0000
 11   0     7.4407     7.0000    -0.4407     2.8705     2.8705    -0.0000
 12   0     5.7173     6.0000     0.2827     3.7656     3.7656    -0.0000
 13   0     6.1051     6.0000    -0.1051     3.9324     3.9324     0.0000
 14   0     5.9981     6.0000     0.0019     3.8480     3.8480     0.0000
 15   0     6.0343     6.0000    -0.0343     3.8765     3.8765     0.0000
 16   0     6.0329     6.0000    -0.0329     3.9583     3.9583    -0.0000
 17   0     6.0453     6.0000    -0.0453     3.8693     3.8693    -0.0000
 18   0     6.0470     6.0000    -0.0470     3.8687     3.8687     0.0000
 19   0     6.0326     6.0000    -0.0326     3.9583     3.9583     0.0000
 20   0     6.0352     6.0000    -0.0352     3.8770     3.8770     0.0000
 21   0     5.9986     6.0000     0.0014     3.8498     3.8498     0.0000
 22   0     6.0976     6.0000    -0.0976     3.9365     3.9365     0.0000
 23   0     5.7159     6.0000     0.2841     3.7705     3.7705     0.0000
 24   0     7.4394     7.0000    -0.4394     2.8579     2.8579    -0.0000
 25   0     0.8922     1.0000     0.1078     0.9885     0.9885    -0.0000
 26   0     0.9295     1.0000     0.0705     0.9849     0.9849     0.0000
 27   0     0.9420     1.0000     0.0580     0.9864     0.9864     0.0000
 28   0     0.9786     1.0000     0.0214     0.9722     0.9722    -0.0000
 29   0     0.9575     1.0000     0.0425     0.9752     0.9752    -0.0000
 30   0     0.9440     1.0000     0.0560     0.9865     0.9865    -0.0000
 31   0     0.9636     1.0000     0.0364     0.9658     0.9658    -0.0000
 32   0     0.9524     1.0000     0.0476     0.9767     0.9767    -0.0000
 33   0     0.9596     1.0000     0.0404     0.9842     0.9842    -0.0000
 34   0     0.9783     1.0000     0.0217     0.9770     0.9770     0.0000
 35   0     0.9172     1.0000     0.0828     1.0224     1.0224     0.0000
 36   0     0.9506     1.0000     0.0494     0.9865     0.9865     0.0000
 37   0     0.9587     1.0000     0.0413     0.9864     0.9864     0.0000
 38   0     0.9622     1.0000     0.0378     0.9893     0.9893    -0.0000
 39   0     0.9629     1.0000     0.0371     0.9892     0.9892    -0.0000
 40   0     0.9592     1.0000     0.0408     0.9864     0.9864     0.0000
 41   0     0.9512     1.0000     0.0488     0.9865     0.9865     0.0000
 42   0     0.9178     1.0000     0.0822     1.0200     1.0200    -0.0000
      Bond orders larger than 0.1000000
           Atom A     A.N. of A          Atom B    A.N. of B              Bond order
                0             8               1            6                1.950516
                1             6               2            6                0.921552
                1             6              24            7                1.017678
                2             6               3            6                0.998021
                2             6               9            6                0.941615
                2             6              25            1                0.916527
                3             6               4            6                1.037493
                3             6              26            1                0.965444
                3             6              27            1                0.965495
                4             6               5            6                1.006585
                4             6               8            8                0.882213
                4             6              28            1                0.964724
                5             6               6            6                1.042440
                5             6              29            1                0.972051
                5             6              30            1                0.958372
                6             6               7            6                1.039175
                6             6              31            1                0.973567
                6             6              32            1                0.976449
                7             6               8            8                0.864538
                7             6              33            1                0.972139
                7             6              34            1                0.980882
                9             6              10            8                1.979701
                9             6              11            7                1.029119
               11             7              12            6                0.876148
               11             7              24            7                0.932273
               12             6              13            6                1.434505
               12             6              17            6                1.371872
               13             6              14            6                1.407857
               13             6              35            1                0.993149
               14             6              15            6                1.400884
               14             6              36            1                0.999175
               15             6              16            6                1.435877
               15             6              37            1                0.997713
               16             6              17            6                1.433556
               16             6              38            1                0.997152
               17             6              18            6                0.987667
               18             6              19            6                1.432123
               18             6              23            6                1.372900
               19             6              20            6                1.437414
               19             6              39            1                0.997120
               20             6              21            6                1.399472
               20             6              40            1                0.997711
               21             6              22            6                1.410483
               21             6              41            1                0.999192
               22             6              23            6                1.434663
               22             6              42            1                0.992832
               23             6              24            7                0.876710
# -----------------------------------------------------------
$ Calculation_Info
   description: Details of the calculation
   geom. index: 1
   prop. index: 1
     Multiplicity:                          1
     Charge:                                0
     number of atoms:                       43
     number of electrons:                   0
     number of frozen core electrons:       1
     number of correlated electrons:        0
     number of basis functions:             440
     number of aux C basis functions:       0
     number of aux J basis functions:       0
     number of aux JK basis functions:      0
     number of aux CABS basis functions:    0
     Total Energy                           -1100.493521
# -----------------------------------------------------------
$ SCF_Electric_Properties
   description: The SCF Calculated Electric Properties
   geom. index: 1
   prop. index: 1
       Filename                          : ./ZINC000000000152/ZINC000000000152.scfp 
       Do Dipole Moment Calculation      : true 
       Do Quadrupole Moment Calculation  : false 
       Do Polarizability Calculation     : false 
** Dipole moment part of electric properties **
        Magnitude of dipole moment (Debye) :        0.9824160146
        Electronic Contribution:
                  0    
      0     -15.279765
      1       3.913022
      2      -3.700839
        Nuclear Contribution:
                  0    
      0      15.004232
      1      -4.175319
      2       3.769155
        Total Dipole moment:
                  0    
      0      -0.275533
      1      -0.262297
      2       0.068316
# -------------------------------------------------------------
----------------------- !GEOMETRIES! ------------------------
# -------------------------------------------------------------
------------------------ !GEOMETRY! -------------------------
    Number of atoms:    43 
    Geometry Index:     1 
    Coordinates:
               0 O      1.449882103867   -1.403576514178   -0.950695777014
               1 C      0.839487994326   -0.370942673961   -0.715026987845
               2 C      1.468372817170    1.001363475273   -0.743933533448
               3 C      2.320477039922    1.347703818515    0.482484895626
               4 C      3.507857383364    0.445784531771    0.801123409331
               5 C      4.421761181886    0.062997453941   -0.347970510059
               6 C      5.097240743822   -1.163888549169    0.216867466930
               7 C      3.978275948458   -1.822383861731    1.000533219396
               8 O      3.065213728878   -0.783284789555    1.393395091924
               9 C      0.284712564454    1.941196014021   -0.753232584023
              10 O      0.390307025458    3.146974444950   -0.929473731929
              11 N     -0.848870649340    1.171133149755   -0.498673855339
              12 C     -2.187430084597    1.613308777016   -0.376261379882
              13 C     -2.517721651781    2.978005982411   -0.441414113881
              14 C     -3.838238754334    3.405966119642   -0.317726919292
              15 C     -4.845842076456    2.475007921257   -0.125977386592
              16 C     -4.532071606973    1.115869001370   -0.057013931979
              17 C     -3.204914238373    0.650151518486   -0.178391957424
              18 C     -2.849567953017   -0.791824549285   -0.108530462629
              19 C     -3.810086154995   -1.807086844788    0.090241667373
              20 C     -3.454381755752   -3.156275962049    0.155101756469
              21 C     -2.125535098188   -3.525901622002    0.026264364797
              22 C     -1.153585987658   -2.547145168455   -0.171074375605
              23 C     -1.498432351449   -1.186662715343   -0.246783691486
              24 N     -0.515533481806   -0.188000464897   -0.440033065590
              25 H      2.009824913942    1.125137981765   -1.687308845524
              26 H      2.701219135312    2.369197046567    0.347932451731
              27 H      1.671500455372    1.377200984595    1.369149255788
              28 H      4.105087545036    0.946996521935    1.575087756534
              29 H      5.123340892075    0.857994070054   -0.615181298244
              30 H      3.864093072110   -0.218292015002   -1.246277817886
              31 H      5.902348810760   -0.864191193334    0.898429837769
              32 H      5.526433879513   -1.819948347608   -0.545035836306
              33 H      3.429553930100   -2.541702614096    0.384997616619
              34 H      4.345341212140   -2.340733069650    1.891077500264
              35 H     -1.761700082421    3.743689095115   -0.586113650135
              36 H     -4.073085638516    4.466059021688   -0.371059781714
              37 H     -5.878444920130    2.801053070033   -0.028520274539
              38 H     -5.362077357455    0.432916219973    0.094888388304
              39 H     -4.865049798177   -1.577191870643    0.202032289770
              40 H     -4.218446540900   -3.913986203424    0.310285420128
              41 H     -1.838437799163   -4.572831453910    0.082085661838
              42 H     -0.122878396484   -2.879855737053   -0.251755393977
