-------------------------------------------------------------
----------------------- !PROPERTIES! ------------------------
-------------------------------------------------------------
# -----------------------------------------------------------
$ PAL_Flags
   description: The PAL Flags
   geom. index: 1
   prop. index: 1
        Diskflag:     2
# -----------------------------------------------------------
$ SCF_Energy
   description: The SCF energy
   geom. index: 1
   prop. index: 1
        SCF Energy:     -914.2201461511
# -----------------------------------------------------------
$ Mayer_Pop
   description: The Mayer population analysis
   geom. index: 1
   prop. index: 1
     Number of atoms                     : 42
     Threshold for printing              : 0.1000000
     Number of bond orders printed       : 44
  NA   - Mulliken gross atomic population
  ZA   - Total nuclear charge
  QA   - Mulliken gross atomic charge
  VA   - Mayer's total valence
  BVA  - Mayer's bonded valence
  FA   - Mayer's free valence
  ATOM       NA         ZA         QA         VA         BVA        FA
  0   0     8.4589     8.0000    -0.4589     1.9114     1.9114     0.0000
  1   0     5.6754     6.0000     0.3246     3.8341     3.8341    -0.0000
  2   0     5.7475     6.0000     0.2525     3.7909     3.7909     0.0000
  3   0     7.5008     7.0000    -0.5008     3.1675     3.1675    -0.0000
  4   0     5.9161     6.0000     0.0839     3.7667     3.7667     0.0000
  5   0     5.9584     6.0000     0.0416     3.9411     3.9411     0.0000
  6   0     7.3669     7.0000    -0.3669     3.0036     3.0036    -0.0000
  7   0     5.7447     6.0000     0.2553     3.8789     3.8789     0.0000
  8   0     6.2447     6.0000    -0.2447     3.7978     3.7978     0.0000
  9   0     6.0084     6.0000    -0.0084     3.9145     3.9145     0.0000
 10   0     6.0192     6.0000    -0.0192     3.9068     3.9068    -0.0000
 11   0     6.1504     6.0000    -0.1504     3.8305     3.8305    -0.0000
 12   0     5.9283     6.0000     0.0717     3.8765     3.8765     0.0000
 13   0     5.9289     6.0000     0.0711     3.8831     3.8831    -0.0000
 14   0     6.1547     6.0000    -0.1547     3.8481     3.8481    -0.0000
 15   0     6.0283     6.0000    -0.0283     3.8948     3.8948    -0.0000
 16   0     6.0278     6.0000    -0.0278     3.8850     3.8850    -0.0000
 17   0     6.0467     6.0000    -0.0467     3.8667     3.8667    -0.0000
 18   0     6.0278     6.0000    -0.0278     3.8850     3.8850    -0.0000
 19   0     6.0282     6.0000    -0.0282     3.8949     3.8949    -0.0000
 20   0     6.0182     6.0000    -0.0182     3.9034     3.9034    -0.0000
 21   0     6.0012     6.0000    -0.0012     3.8912     3.8912     0.0000
 22   0     0.7949     1.0000     0.2051     0.9938     0.9938    -0.0000
 23   0     0.9689     1.0000     0.0311     0.9972     0.9972    -0.0000
 24   0     0.9424     1.0000     0.0576     0.9946     0.9946    -0.0000
 25   0     0.9436     1.0000     0.0564     0.9986     0.9986    -0.0000
 26   0     0.9359     1.0000     0.0641     1.0052     1.0052     0.0000
 27   0     0.9582     1.0000     0.0418     0.9977     0.9977     0.0000
 28   0     0.9482     1.0000     0.0518     1.0035     1.0035     0.0000
 29   0     0.9640     1.0000     0.0360     0.9940     0.9940     0.0000
 30   0     0.9670     1.0000     0.0330     0.9930     0.9930    -0.0000
 31   0     0.9620     1.0000     0.0380     0.9860     0.9860    -0.0000
 32   0     0.9621     1.0000     0.0379     0.9860     0.9860    -0.0000
 33   0     0.9642     1.0000     0.0358     0.9856     0.9856    -0.0000
 34   0     0.9644     1.0000     0.0356     0.9856     0.9856    -0.0000
 35   0     0.9720     1.0000     0.0280     0.9928     0.9928     0.0000
 36   0     0.9598     1.0000     0.0402     0.9853     0.9853    -0.0000
 37   0     0.9594     1.0000     0.0406     0.9856     0.9856    -0.0000
 38   0     0.9598     1.0000     0.0402     0.9853     0.9853     0.0000
 39   0     0.9719     1.0000     0.0281     0.9928     0.9928     0.0000
 40   0     0.9661     1.0000     0.0339     0.9933     0.9933    -0.0000
 41   0     0.9538     1.0000     0.0462     1.0005     1.0005    -0.0000
      Bond orders larger than 0.1000000
           Atom A     A.N. of A          Atom B    A.N. of B              Bond order
                0             8               1            6                0.926769
                0             8              22            1                0.964224
                1             6               2            6                0.997813
                1             6               8            6                0.998124
                1             6              23            1                0.976570
                2             6               3            7                0.883153
                2             6              24            1                0.983830
                2             6              25            1                0.965893
                3             7               4            6                1.100315
                3             7               7            6                1.167810
                4             6               5            6                1.615147
                4             6              26            1                0.995040
                5             6               6            7                1.305048
                5             6              27            1                1.006610
                6             7               7            6                1.653533
                7             6              28            1                0.993997
                8             6               9            6                1.420614
                8             6              21            6                1.383264
                9             6              10            6                1.428837
                9             6              29            1                1.002536
               10             6              11            6                1.418630
               10             6              30            1                1.002284
               11             6              12            6                1.004191
               11             6              20            6                1.402540
               12             6              13            6                1.008920
               12             6              31            1                0.973196
               12             6              32            1                0.973112
               13             6              14            6                1.007502
               13             6              33            1                0.973742
               13             6              34            1                0.973690
               14             6              15            6                1.414489
               14             6              19            6                1.414620
               15             6              16            6                1.425302
               15             6              35            1                1.002522
               16             6              17            6                1.414543
               16             6              36            1                0.999458
               17             6              18            6                1.414579
               17             6              37            1                1.000107
               18             6              19            6                1.425256
               18             6              38            1                0.999454
               19             6              39            1                1.002525
               20             6              21            6                1.443770
               20             6              40            1                1.004070
               21             6              41            1                1.003290
# -----------------------------------------------------------
$ Calculation_Info
   description: Details of the calculation
   geom. index: 1
   prop. index: 1
     Multiplicity:                          1
     Charge:                                0
     number of atoms:                       42
     number of electrons:                   0
     number of frozen core electrons:       1
     number of correlated electrons:        0
     number of basis functions:             408
     number of aux C basis functions:       0
     number of aux J basis functions:       0
     number of aux JK basis functions:      0
     number of aux CABS basis functions:    0
     Total Energy                           -914.220146
# -----------------------------------------------------------
$ SCF_Electric_Properties
   description: The SCF Calculated Electric Properties
   geom. index: 1
   prop. index: 1
       Filename                          : ./ZINC000000000207/ZINC000000000207.scfp 
       Do Dipole Moment Calculation      : true 
       Do Quadrupole Moment Calculation  : false 
       Do Polarizability Calculation     : false 
** Dipole moment part of electric properties **
        Magnitude of dipole moment (Debye) :        5.8406215263
        Electronic Contribution:
                  0    
      0     -10.308582
      1       1.086264
      2       0.434676
        Nuclear Contribution:
                  0    
      0      12.540591
      1      -1.624946
      2      -0.524006
        Total Dipole moment:
                  0    
      0       2.232010
      1      -0.538682
      2      -0.089330
# -------------------------------------------------------------
----------------------- !GEOMETRIES! ------------------------
# -------------------------------------------------------------
------------------------ !GEOMETRY! -------------------------
    Number of atoms:    42 
    Geometry Index:     1 
    Coordinates:
               0 O     -3.645780946870   -1.325140535115    1.406473869149
               1 C     -3.379657328609   -0.106422866083    0.704317837932
               2 C     -4.227093301352   -0.038607169183   -0.573047590177
               3 N     -5.591186220596    0.379446170368   -0.301465311608
               4 C     -6.619519614678   -0.419133286354    0.111880439943
               5 C     -7.700465393671    0.423971054548    0.219674101575
               6 N     -7.354309001265    1.705650087654   -0.125312289179
               7 C     -6.080113071202    1.646860790468   -0.440522228004
               8 C     -1.898515195486   -0.039644827853    0.392946669784
               9 C     -1.156562703046    1.099767653466    0.732104923905
              10 C      0.206605823243    1.173778609934    0.435812883383
              11 C      0.852930760924    0.113082718056   -0.209637747292
              12 C      2.330037930498    0.186249452031   -0.511033449334
              13 C      3.170032969400   -0.365098085744    0.644206295743
              14 C      4.646266561395   -0.291263669693    0.342019353020
              15 C      5.292372270155   -1.351856825880   -0.306987308983
              16 C      6.653972732053   -1.274484875817   -0.603681094439
              17 C      7.380262700964   -0.136259377345   -0.258650347912
              18 C      6.745795119588    0.926230368293    0.382189220621
              19 C      5.384279068675    0.850982762903    0.679832811242
              20 C      0.116023536053   -1.028425005427   -0.544817591147
              21 C     -1.246560530534   -1.103108120546   -0.249249470654
              22 H     -2.922376334616   -1.448465047923    2.046777851595
              23 H     -3.647908394655    0.710582684455    1.385327262861
              24 H     -3.815172214729    0.683716659755   -1.288507731792
              25 H     -4.286463618044   -1.014060556387   -1.070885423115
              26 H     -6.498807700370   -1.477034789764    0.300598696577
              27 H     -8.707973784654    0.176879418819    0.527909848819
              28 H     -5.476059963264    2.482369987284   -0.769818819296
              29 H     -1.630763705584    1.942493383149    1.231679434697
              30 H      0.762717590305    2.067470135025    0.712132475691
              31 H      2.605761464138    1.227671570252   -0.723489723994
              32 H      2.539215506900   -0.366947701216   -1.436206864392
              33 H      2.960661791013    0.188012030517    1.569365572655
              34 H      2.894547326617   -1.406601931176    0.856487204366
              35 H      4.738676375498   -2.245749490367   -0.584902187097
              36 H      7.148298438749   -2.102617164185   -1.104751539135
              37 H      8.440494547473   -0.076954830090   -0.489794632514
              38 H      7.311757466959    1.814577290731    0.650063535926
              39 H      4.902897526658    1.689417042905    1.177965186549
              40 H      0.599492615477   -1.868670352510   -1.039039018607
              41 H     -1.797811099507   -2.002663361955   -0.518950909772
