-------------------------------------------------------------
----------------------- !PROPERTIES! ------------------------
-------------------------------------------------------------
# -----------------------------------------------------------
$ PAL_Flags
   description: The PAL Flags
   geom. index: 1
   prop. index: 1
        Diskflag:     2
# -----------------------------------------------------------
$ SCF_Energy
   description: The SCF energy
   geom. index: 1
   prop. index: 1
        SCF Energy:    -1454.9192436474
# -----------------------------------------------------------
$ Mayer_Pop
   description: The Mayer population analysis
   geom. index: 1
   prop. index: 1
     Number of atoms                     : 55
     Threshold for printing              : 0.1000000
     Number of bond orders printed       : 59
  NA   - Mulliken gross atomic population
  ZA   - Total nuclear charge
  QA   - Mulliken gross atomic charge
  VA   - Mayer's total valence
  BVA  - Mayer's bonded valence
  FA   - Mayer's free valence
  ATOM       NA         ZA         QA         VA         BVA        FA
  0   0     5.9994     6.0000     0.0006     3.9638     3.9638     0.0000
  1   0     5.8485     6.0000     0.1515     3.7965     3.7965     0.0000
  2   0     8.5326     8.0000    -0.5326     1.8801     1.8801     0.0000
  3   0     5.7712     6.0000     0.2288     3.8613     3.8613     0.0000
  4   0     6.0519     6.0000    -0.0519     3.9388     3.9388     0.0000
  5   0     6.0234     6.0000    -0.0234     3.8503     3.8503    -0.0000
  6   0     6.0292     6.0000    -0.0292     3.8824     3.8824     0.0000
  7   0     6.0884     6.0000    -0.0884     3.9338     3.9338     0.0000
  8   0     5.7352     6.0000     0.2648     3.6734     3.6734     0.0000
  9   0     7.6427     7.0000    -0.6427     2.9119     2.9119     0.0000
 10   0     5.8172     6.0000     0.1828     3.7884     3.7884     0.0000
 11   0     5.5434     6.0000     0.4566     3.9445     3.9445     0.0000
 12   0     8.4324     8.0000    -0.4324     2.0540     2.0540    -0.0000
 13   0     7.6941     7.0000    -0.6941     2.7779     2.7779    -0.0000
 14   0     5.8013     6.0000     0.1987     3.8548     3.8548    -0.0000
 15   0     6.0570     6.0000    -0.0570     3.9689     3.9689    -0.0000
 16   0     6.0526     6.0000    -0.0526     3.9341     3.9341     0.0000
 17   0     6.0074     6.0000    -0.0074     3.9750     3.9750    -0.0000
 18   0     5.8530     6.0000     0.1470     3.8477     3.8477     0.0000
 19   0     5.5589     6.0000     0.4411     3.6895     3.6895     0.0000
 20   0     7.4234     7.0000    -0.4234     2.9470     2.9470    -0.0000
 21   0     5.7076     6.0000     0.2924     4.0424     4.0424     0.0000
 22   0     6.2582     6.0000    -0.2582     3.8592     3.8592     0.0000
 23   0     5.9061     6.0000     0.0939     3.8919     3.8919     0.0000
 24   0     6.1177     6.0000    -0.1177     3.8764     3.8764    -0.0000
 25   0     5.8273     6.0000     0.1727     3.9140     3.9140    -0.0000
 26   0     7.3706     7.0000    -0.3706     3.0114     3.0114    -0.0000
 27   0     5.7779     6.0000     0.2221     3.9247     3.9247     0.0000
 28   0     7.0787     7.0000    -0.0787     2.7229     2.7229     0.0000
 29   0     8.3665     8.0000    -0.3665     2.1079     2.1079     0.0000
 30   0     5.5075     6.0000     0.4925     3.9156     3.9156    -0.0000
 31   0     8.4377     8.0000    -0.4377     2.0473     2.0473     0.0000
 32   0     0.9478     1.0000     0.0522     0.9896     0.9896    -0.0000
 33   0     0.9551     1.0000     0.0449     0.9843     0.9843     0.0000
 34   0     0.9422     1.0000     0.0578     0.9920     0.9920    -0.0000
 35   0     0.9380     1.0000     0.0620     0.9745     0.9745     0.0000
 36   0     0.9484     1.0000     0.0516     0.9971     0.9971     0.0000
 37   0     0.9550     1.0000     0.0450     0.9862     0.9862    -0.0000
 38   0     0.9585     1.0000     0.0415     0.9866     0.9866     0.0000
 39   0     0.9743     1.0000     0.0257     0.9905     0.9905    -0.0000
 40   0     0.9238     1.0000     0.0762     0.9823     0.9823     0.0000
 41   0     0.8869     1.0000     0.1131     1.0100     1.0100     0.0000
 42   0     0.9462     1.0000     0.0538     0.9817     0.9817    -0.0000
 43   0     0.9725     1.0000     0.0275     0.9688     0.9688    -0.0000
 44   0     0.9328     1.0000     0.0672     0.9885     0.9885     0.0000
 45   0     0.9566     1.0000     0.0434     0.9736     0.9736    -0.0000
 46   0     0.9635     1.0000     0.0365     0.9688     0.9688     0.0000
 47   0     0.9463     1.0000     0.0537     0.9794     0.9794     0.0000
 48   0     0.9511     1.0000     0.0489     0.9723     0.9723    -0.0000
 49   0     0.9381     1.0000     0.0619     0.9758     0.9758    -0.0000
 50   0     0.9049     1.0000     0.0951     0.9998     0.9998     0.0000
 51   0     0.9308     1.0000     0.0692     0.9992     0.9992     0.0000
 52   0     0.9485     1.0000     0.0515     0.9890     0.9890    -0.0000
 53   0     0.9407     1.0000     0.0593     0.9892     0.9892    -0.0000
 54   0     0.9189     1.0000     0.0811     1.0038     1.0038     0.0000
      Bond orders larger than 0.1000000
           Atom A     A.N. of A          Atom B    A.N. of B              Bond order
                0             6               1            6                1.060157
                0             6              32            1                0.980179
                0             6              33            1                0.983979
                0             6              34            1                0.972636
                1             6               2            8                0.860621
                1             6              30            6                0.931380
                1             6              35            1                0.947186
                2             8               3            6                0.984260
                3             6               4            6                1.437165
                3             6               8            6                1.348141
                4             6               5            6                1.411759
                4             6              36            1                1.004877
                5             6               6            6                1.410661
                5             6              37            1                1.000874
                6             6               7            6                1.424936
                6             6              38            1                0.998997
                7             6               8            6                1.382676
                7             6              39            1                1.004496
                8             6               9            7                0.889284
                9             7              10            6                0.916745
                9             7              30            6                1.071228
               10             6              11            6                0.964270
               10             6              40            1                0.970353
               10             6              41            1                0.946084
               11             6              12            8                1.959281
               11             6              13            7                1.066861
               13             7              14            6                0.852698
               13             7              18            6                0.889143
               14             6              15            6                1.068638
               14             6              42            1                0.969361
               14             6              43            1                0.971890
               15             6              16            6                1.022812
               15             6              44            1                0.957965
               15             6              45            1                0.974161
               16             6              17            6                1.017544
               16             6              46            1                0.973235
               16             6              47            1                0.970908
               17             6              18            6                1.085465
               17             6              48            1                0.967332
               17             6              49            1                0.974236
               18             6              19            6                0.947383
               18             6              50            1                0.943241
               19             6              20            7                1.664982
               19             6              29            8                1.109160
               20             7              21            6                1.263557
               21             6              22            6                1.051368
               21             6              28            7                1.733034
               22             6              23            6                1.409374
               22             6              27            6                1.378676
               23             6              24            6                1.438527
               23             6              51            1                0.991319
               24             6              25            6                1.398742
               24             6              52            1                0.991577
               25             6              26            7                1.453527
               25             6              53            1                0.999044
               26             7              27            6                1.478191
               27             6              54            1                1.001280
               28             7              29            8                0.900328
               30             6              31            8                1.941995
# -----------------------------------------------------------
$ Calculation_Info
   description: Details of the calculation
   geom. index: 1
   prop. index: 1
     Multiplicity:                          1
     Charge:                                0
     number of atoms:                       55
     number of electrons:                   0
     number of frozen core electrons:       1
     number of correlated electrons:        0
     number of basis functions:             563
     number of aux C basis functions:       0
     number of aux J basis functions:       0
     number of aux JK basis functions:      0
     number of aux CABS basis functions:    0
     Total Energy                           -1454.919244
# -----------------------------------------------------------
$ SCF_Electric_Properties
   description: The SCF Calculated Electric Properties
   geom. index: 1
   prop. index: 1
       Filename                          : ./ZINC000000000033/ZINC000000000033.scfp 
       Do Dipole Moment Calculation      : true 
       Do Quadrupole Moment Calculation  : false 
       Do Polarizability Calculation     : false 
** Dipole moment part of electric properties **
        Magnitude of dipole moment (Debye) :        8.9867987100
        Electronic Contribution:
                  0    
      0       2.109345
      1       5.069585
      2     -13.802448
        Nuclear Contribution:
                  0    
      0      -2.245297
      1      -6.013869
      2      17.206910
        Total Dipole moment:
                  0    
      0      -0.135953
      1      -0.944284
      2       3.404462
# -------------------------------------------------------------
----------------------- !GEOMETRIES! ------------------------
# -------------------------------------------------------------
------------------------ !GEOMETRY! -------------------------
    Number of atoms:    55 
    Geometry Index:     1 
    Coordinates:
               0 C     -3.925268103087   -1.876423437406   -3.256933630197
               1 C     -4.175176021900   -1.566846596086   -1.783592362518
               2 O     -4.961580673964   -0.388121916164   -1.732615496403
               3 C     -4.992592999756    0.187216007737   -0.491273719425
               4 C     -6.059495622345    1.063111631203   -0.270451785307
               5 C     -6.171980931977    1.739004475125    0.941026983692
               6 C     -5.207733940336    1.548719315857    1.925810627688
               7 C     -4.130584352537    0.683231293937    1.699952217184
               8 C     -4.007887650500   -0.013924001414    0.488074901367
               9 N     -2.907354878773   -0.874815249296    0.208914401673
              10 C     -1.722173658293   -0.906937076246    1.061809486061
              11 C     -0.794381618249    0.301216849610    0.842681694832
              12 O     -1.033978376486    1.164667185114   -0.003212091826
              13 N      0.333905066627    0.394881007321    1.658762221627
              14 C      0.635730428025   -0.525804406732    2.756682581841
              15 C      2.126166773548   -0.628255557650    3.048051948193
              16 C      2.765322043854    0.728081991363    3.339370891750
              17 C      1.978118277593    1.908033505654    2.765633653825
              18 C      1.201565332845    1.577111627920    1.484140456607
              19 C      2.114438360283    1.378326769087    0.310416262885
              20 N      3.113874888367    0.538550883569    0.141765067311
              21 C      3.529724373850    0.817339997223   -1.142582625818
              22 C      4.614019269648    0.089793421303   -1.777825441862
              23 C      5.367994662271   -0.853528462921   -1.070684927868
              24 C      6.400215949233   -1.540198502494   -1.708716142916
              25 C      6.647965551165   -1.260896537030   -3.042626762331
              26 N      5.942972495412   -0.360653967795   -3.763182163895
              27 C      4.942578869127    0.291417031922   -3.115539857784
              28 N      2.850428205293    1.817856069336   -1.726951375819
              29 O      1.904111332867    2.183686382844   -0.772144348656
              30 C     -2.853621864090   -1.559349372004   -1.002260568188
              31 O     -1.868607543609   -2.204877469633   -1.364698994220
              32 H     -3.315265730859   -1.091869559129   -3.718820576678
              33 H     -4.869660381635   -1.911272512074   -3.810312979320
              34 H     -3.409911580292   -2.832982796882   -3.389853836824
              35 H     -4.775858302540   -2.387303098455   -1.366810252661
              36 H     -6.799735387278    1.219413880800   -1.051033948571
              37 H     -7.002057042106    2.420260060805    1.110916138893
              38 H     -5.285051335929    2.084492266849    2.869365615025
              39 H     -3.400719289484    0.588354012736    2.496095777593
              40 H     -2.025622563964   -0.975460094850    2.110603071012
              41 H     -1.143889438483   -1.810373175685    0.835393213765
              42 H      0.248775484782   -1.523724938061    2.532738714857
              43 H      0.098534779451   -0.159154738157    3.639950232502
              44 H      2.626751572169   -1.084726900647    2.185188188707
              45 H      2.298931047914   -1.306668470251    3.892263780840
              46 H      2.860690760116    0.865044285045    4.424389962867
              47 H      3.789709543005    0.732420723534    2.945984165468
              48 H      1.254481104171    2.228807552820    3.527781985958
              49 H      2.653670086873    2.758309206081    2.608381032699
              50 H      0.556032057884    2.439692720295    1.269201791207
              51 H      5.156006445174   -1.056014433102   -0.023524429632
              52 H      6.993680135645   -2.275391263936   -1.178046913661
              53 H      7.440341359679   -1.768867448916   -3.584402298179
              54 H      4.393453031594    0.995401827924   -3.737382797736
