-------------------------------------------------------------
----------------------- !PROPERTIES! ------------------------
-------------------------------------------------------------
# -----------------------------------------------------------
$ PAL_Flags
   description: The PAL Flags
   geom. index: 1
   prop. index: 1
        Diskflag:     2
# -----------------------------------------------------------
$ SCF_Energy
   description: The SCF energy
   geom. index: 1
   prop. index: 1
        SCF Energy:    -1261.4964554547
# -----------------------------------------------------------
$ Mayer_Pop
   description: The Mayer population analysis
   geom. index: 1
   prop. index: 1
     Number of atoms                     : 42
     Threshold for printing              : 0.1000000
     Number of bond orders printed       : 44
  NA   - Mulliken gross atomic population
  ZA   - Total nuclear charge
  QA   - Mulliken gross atomic charge
  VA   - Mayer's total valence
  BVA  - Mayer's bonded valence
  FA   - Mayer's free valence
  ATOM       NA         ZA         QA         VA         BVA        FA
  0   0     5.8531     6.0000     0.1469     3.8689     3.8689    -0.0000
  1   0     7.6294     7.0000    -0.6294     2.8375     2.8375    -0.0000
  2   0     5.8427     6.0000     0.1573     3.8776     3.8776    -0.0000
  3   0     5.8049     6.0000     0.1951     3.8459     3.8459    -0.0000
  4   0     5.9402     6.0000     0.0598     3.9309     3.9309    -0.0000
  5   0     6.0697     6.0000    -0.0697     3.8924     3.8924    -0.0000
  6   0     6.0953     6.0000    -0.0953     3.8072     3.8072    -0.0000
  7   0     6.0266     6.0000    -0.0266     3.9400     3.9400    -0.0000
  8   0     6.0141     6.0000    -0.0141     3.9442     3.9442    -0.0000
  9   0     5.9530     6.0000     0.0470     3.7955     3.7955    -0.0000
 10   0    17.1416    17.0000    -0.1416     1.0260     1.0260    -0.0000
 11   0     6.0055     6.0000    -0.0055     3.9633     3.9633    -0.0000
 12   0     6.1619     6.0000    -0.1619     3.9033     3.9033    -0.0000
 13   0     5.8946     6.0000     0.1054     3.9381     3.9381     0.0000
 14   0     5.9366     6.0000     0.0634     3.8944     3.8944     0.0000
 15   0     6.1968     6.0000    -0.1968     3.8523     3.8523     0.0000
 16   0     5.9547     6.0000     0.0453     3.9367     3.9367     0.0000
 17   0     6.1085     6.0000    -0.1085     3.8798     3.8798    -0.0000
 18   0     5.8335     6.0000     0.1665     3.9238     3.9238     0.0000
 19   0     7.3845     7.0000    -0.3845     3.0370     3.0370     0.0000
 20   0     5.8756     6.0000     0.1244     3.8768     3.8768     0.0000
 21   0     1.0025     1.0000    -0.0025     0.9819     0.9819    -0.0000
 22   0     0.9595     1.0000     0.0405     0.9857     0.9857    -0.0000
 23   0     0.9703     1.0000     0.0297     0.9862     0.9862    -0.0000
 24   0     0.9701     1.0000     0.0299     0.9849     0.9849     0.0000
 25   0     1.0005     1.0000    -0.0005     0.9816     0.9816     0.0000
 26   0     0.9716     1.0000     0.0284     0.9854     0.9854    -0.0000
 27   0     0.9914     1.0000     0.0086     0.9877     0.9877     0.0000
 28   0     0.9879     1.0000     0.0121     0.9854     0.9854     0.0000
 29   0     0.9496     1.0000     0.0504     0.9964     0.9964     0.0000
 30   0     0.9616     1.0000     0.0384     0.9918     0.9918     0.0000
 31   0     0.9415     1.0000     0.0585     0.9673     0.9673    -0.0000
 32   0     0.9554     1.0000     0.0446     0.9960     0.9960    -0.0000
 33   0     0.9573     1.0000     0.0427     1.0006     1.0006    -0.0000
 34   0     0.9680     1.0000     0.0320     1.0103     1.0103    -0.0000
 35   0     0.9683     1.0000     0.0317     0.9844     0.9844     0.0000
 36   0     0.9537     1.0000     0.0463     0.9762     0.9762     0.0000
 37   0     0.9496     1.0000     0.0504     0.9752     0.9752    -0.0000
 38   0     0.9518     1.0000     0.0482     0.9733     0.9733    -0.0000
 39   0     0.9607     1.0000     0.0393     0.9934     0.9934    -0.0000
 40   0     0.9540     1.0000     0.0460     0.9881     0.9881    -0.0000
 41   0     0.9517     1.0000     0.0483     0.9898     0.9898     0.0000
      Bond orders larger than 0.1000000
           Atom A     A.N. of A          Atom B    A.N. of B              Bond order
                0             6               1            7                0.940727
                0             6              21            1                0.974141
                0             6              22            1                0.991943
                0             6              23            1                0.991672
                1             7               2            6                0.950124
                1             7               3            6                0.950124
                2             6              24            1                0.992090
                2             6              25            1                0.975667
                2             6              26            1                0.991538
                3             6               4            6                1.030411
                3             6              27            1                0.966504
                3             6              28            1                0.971168
                4             6               5            6                1.070735
                4             6              29            1                0.960262
                4             6              30            1                0.953054
                5             6               6            6                0.954150
                5             6              20            6                0.966221
                5             6              31            1                0.961317
                6             6               7            6                1.444201
                6             6              12            6                1.420305
                7             6               8            6                1.424602
                7             6              32            1                0.997610
                8             6               9            6                1.415265
                8             6              33            1                1.002460
                9             6              10           17                0.943322
                9             6              11            6                1.401676
               11             6              12            6                1.441063
               11             6              34            1                1.003847
               12             6              13            6                0.999504
               13             6              14            6                1.067974
               13             6              35            1                0.962266
               13             6              36            1                0.960982
               14             6              15            6                0.950672
               14             6              37            1                0.964698
               14             6              38            1                0.966248
               15             6              16            6                1.463766
               15             6              20            6                1.408455
               16             6              17            6                1.440691
               16             6              39            1                0.993473
               17             6              18            6                1.397965
               17             6              40            1                0.990660
               18             6              19            7                1.463787
               18             6              41            1                1.000559
               19             7              20            6                1.489332
# -----------------------------------------------------------
$ Calculation_Info
   description: Details of the calculation
   geom. index: 1
   prop. index: 1
     Multiplicity:                          1
     Charge:                                0
     number of atoms:                       42
     number of electrons:                   0
     number of frozen core electrons:       1
     number of correlated electrons:        0
     number of basis functions:             403
     number of aux C basis functions:       0
     number of aux J basis functions:       0
     number of aux JK basis functions:      0
     number of aux CABS basis functions:    0
     Total Energy                           -1261.496455
# -----------------------------------------------------------
$ SCF_Electric_Properties
   description: The SCF Calculated Electric Properties
   geom. index: 1
   prop. index: 1
       Filename                          : ./ZINC000000000179/ZINC000000000179.scfp 
       Do Dipole Moment Calculation      : true 
       Do Quadrupole Moment Calculation  : false 
       Do Polarizability Calculation     : false 
** Dipole moment part of electric properties **
        Magnitude of dipole moment (Debye) :        2.3346390772
        Electronic Contribution:
                  0    
      0     -21.711652
      1      20.968353
      2      -3.793133
        Nuclear Contribution:
                  0    
      0      21.011262
      1     -21.562190
      2       3.814397
        Total Dipole moment:
                  0    
      0      -0.700390
      1      -0.593837
      2       0.021265
# -------------------------------------------------------------
----------------------- !GEOMETRIES! ------------------------
# -------------------------------------------------------------
------------------------ !GEOMETRY! -------------------------
    Number of atoms:    42 
    Geometry Index:     1 
    Coordinates:
               0 C      4.230775542561    0.081951904008    0.560752552873
               1 N      3.630594944130   -0.886941325099   -0.358530396267
               2 C      4.433772825876   -0.969321469000   -1.581605175615
               3 C      2.235604804008   -0.544557014051   -0.694381478380
               4 C      1.277530765965   -0.661152082096    0.505021044700
               5 C     -0.213711898006   -0.499977584873    0.092393544657
               6 C     -0.591022084409    0.862380127313   -0.494340679236
               7 C      0.101538865787    2.044085455082   -0.183246729372
               8 C     -0.277437344738    3.266290470582   -0.743962431459
               9 C     -1.366524297454    3.324749304174   -1.606042447979
              10 Cl    -1.833325799126    4.830872842619   -2.294631957373
              11 C     -2.093683418096    2.174384115401   -1.899535987720
              12 C     -1.721313730074    0.943149115041   -1.338432584165
              13 C     -2.566453116321   -0.283914236447   -1.579793563297
              14 C     -3.317593859217   -0.724989385756   -0.318453006468
              15 C     -2.574531836184   -1.029394440013    0.968615044108
              16 C     -3.371302937323   -1.438853739603    2.055394652156
              17 C     -2.807497372287   -1.695948030446    3.297534876763
              18 C     -1.447355750975   -1.530926811480    3.430239498168
              19 N     -0.642846587440   -1.143730860193    2.420675386297
              20 C     -1.192711681577   -0.901578546002    1.197190897256
              21 H      4.196964972304    1.103207698302    0.164431213550
              22 H      3.731808730647    0.068589077147    1.534459482113
              23 H      5.278431078696   -0.173311026041    0.758245344344
              24 H      5.461116224521   -1.271496197418   -1.348973423267
              25 H      4.467405032468   -0.014610881107   -2.119081343316
              26 H      4.031513028194   -1.732588499236   -2.257123003397
              27 H      2.191189400041    0.457606642905   -1.135858679012
              28 H      1.883785014628   -1.244165763233   -1.463987856875
              29 H      1.417352520388   -1.658470901089    0.945570735963
              30 H      1.535790869073    0.059080349619    1.289183995793
              31 H     -0.333953587783   -1.255523230865   -0.694740673703
              32 H      0.943060557521    2.037204153364    0.505056250601
              33 H      0.277980012480    4.166830756035   -0.496095566594
              34 H     -2.961353712846    2.240539928973   -2.551398046736
              35 H     -3.305176076296   -0.074005974024   -2.364493953617
              36 H     -1.953334400653   -1.097183301912   -1.983656959491
              37 H     -4.050095395033    0.060058039704   -0.081281413480
              38 H     -3.893880326972   -1.621388597790   -0.584865828204
              39 H     -4.447329941584   -1.548259848353    1.934026702808
              40 H     -3.415640262452   -2.008036494351    4.138164067970
              41 H     -0.948139772442   -1.710653739788    4.377557894905
