-------------------------------------------------------------
----------------------- !PROPERTIES! ------------------------
-------------------------------------------------------------
# -----------------------------------------------------------
$ PAL_Flags
   description: The PAL Flags
   geom. index: 1
   prop. index: 1
        Diskflag:     2
# -----------------------------------------------------------
$ SCF_Energy
   description: The SCF energy
   geom. index: 1
   prop. index: 1
        SCF Energy:     -746.0058734245
# -----------------------------------------------------------
$ Mayer_Pop
   description: The Mayer population analysis
   geom. index: 1
   prop. index: 1
     Number of atoms                     : 38
     Threshold for printing              : 0.1000000
     Number of bond orders printed       : 38
  NA   - Mulliken gross atomic population
  ZA   - Total nuclear charge
  QA   - Mulliken gross atomic charge
  VA   - Mayer's total valence
  BVA  - Mayer's bonded valence
  FA   - Mayer's free valence
  ATOM       NA         ZA         QA         VA         BVA        FA
  0   0     6.0004     6.0000    -0.0004     3.9499     3.9499    -0.0000
  1   0     6.0910     6.0000    -0.0910     3.8894     3.8894    -0.0000
  2   0     5.9989     6.0000     0.0011     3.7380     3.7380     0.0000
  3   0     5.9432     6.0000     0.0568     3.8660     3.8660    -0.0000
  4   0     5.7782     6.0000     0.2218     3.7981     3.7981    -0.0000
  5   0     7.6359     7.0000    -0.6359     2.8125     2.8125    -0.0000
  6   0     5.8530     6.0000     0.1470     3.8819     3.8819    -0.0000
  7   0     5.8514     6.0000     0.1486     3.8856     3.8856    -0.0000
  8   0     8.5915     8.0000    -0.5915     1.8199     1.8199     0.0000
  9   0     5.3324     6.0000     0.6676     3.9650     3.9650    -0.0000
 10   0     8.4234     8.0000    -0.4234     2.0484     2.0484    -0.0000
 11   0     6.2821     6.0000    -0.2821     3.7731     3.7731    -0.0000
 12   0     5.9655     6.0000     0.0345     3.9195     3.9195    -0.0000
 13   0     6.0532     6.0000    -0.0532     3.8674     3.8674    -0.0000
 14   0     6.0075     6.0000    -0.0075     3.8534     3.8534     0.0000
 15   0     6.0531     6.0000    -0.0531     3.8668     3.8668    -0.0000
 16   0     5.9537     6.0000     0.0463     3.8869     3.8869     0.0000
 17   0     0.9671     1.0000     0.0329     0.9864     0.9864    -0.0000
 18   0     0.9675     1.0000     0.0325     0.9797     0.9797    -0.0000
 19   0     0.9745     1.0000     0.0255     0.9821     0.9821    -0.0000
 20   0     0.9480     1.0000     0.0520     0.9675     0.9675    -0.0000
 21   0     0.9359     1.0000     0.0641     0.9887     0.9887    -0.0000
 22   0     0.9759     1.0000     0.0241     0.9919     0.9919    -0.0000
 23   0     0.9645     1.0000     0.0355     0.9895     0.9895    -0.0000
 24   0     0.9493     1.0000     0.0507     0.9984     0.9984    -0.0000
 25   0     0.9440     1.0000     0.0560     1.0134     1.0134    -0.0000
 26   0     0.9726     1.0000     0.0274     0.9912     0.9912    -0.0000
 27   0     0.9909     1.0000     0.0091     0.9829     0.9829    -0.0000
 28   0     0.9710     1.0000     0.0290     0.9846     0.9846     0.0000
 29   0     0.9651     1.0000     0.0349     0.9892     0.9892    -0.0000
 30   0     0.9699     1.0000     0.0301     0.9856     0.9856     0.0000
 31   0     0.9672     1.0000     0.0328     0.9825     0.9825     0.0000
 32   0     0.9929     1.0000     0.0071     0.9794     0.9794     0.0000
 33   0     0.9323     1.0000     0.0677     1.0036     1.0036     0.0000
 34   0     0.9535     1.0000     0.0465     0.9866     0.9866    -0.0000
 35   0     0.9514     1.0000     0.0486     0.9849     0.9849     0.0000
 36   0     0.9546     1.0000     0.0454     0.9866     0.9866    -0.0000
 37   0     0.9373     1.0000     0.0627     1.0024     1.0024     0.0000
      Bond orders larger than 0.1000000
           Atom A     A.N. of A          Atom B    A.N. of B              Bond order
                0             6               1            6                1.038186
                0             6              17            1                0.983739
                0             6              18            1                0.987555
                0             6              19            1                0.984019
                1             6               2            6                0.995353
                1             6              20            1                0.963820
                1             6              21            1                0.968557
                2             6               3            6                1.010813
                2             6               4            6                1.021626
                2             6               8            8                0.712790
                3             6              22            1                0.981464
                3             6              23            1                0.981356
                3             6              24            1                0.979191
                4             6               5            7                0.926406
                4             6              25            1                0.967435
                4             6              26            1                0.973810
                5             7               6            6                0.939187
                5             7               7            6                0.946355
                6             6              27            1                0.979382
                6             6              28            1                0.990408
                6             6              29            1                0.989420
                7             6              30            1                0.991491
                7             6              31            1                0.991640
                7             6              32            1                0.978049
                8             8               9            6                1.087253
                9             6              10            8                1.948175
                9             6              11            6                0.982022
               11             6              12            6                1.409240
               11             6              16            6                1.394545
               12             6              13            6                1.426406
               12             6              33            1                0.997365
               13             6              14            6                1.403601
               13             6              34            1                1.001289
               14             6              15            6                1.406616
               14             6              35            1                0.998506
               15             6              16            6                1.423848
               15             6              36            1                1.000381
               16             6              37            1                0.997580
# -----------------------------------------------------------
$ Calculation_Info
   description: Details of the calculation
   geom. index: 1
   prop. index: 1
     Multiplicity:                          1
     Charge:                                0
     number of atoms:                       38
     number of electrons:                   0
     number of frozen core electrons:       1
     number of correlated electrons:        0
     number of basis functions:             343
     number of aux C basis functions:       0
     number of aux J basis functions:       0
     number of aux JK basis functions:      0
     number of aux CABS basis functions:    0
     Total Energy                           -746.005873
# -----------------------------------------------------------
$ SCF_Electric_Properties
   description: The SCF Calculated Electric Properties
   geom. index: 1
   prop. index: 1
       Filename                          : ./ZINC000000000038/ZINC000000000038.scfp 
       Do Dipole Moment Calculation      : true 
       Do Quadrupole Moment Calculation  : false 
       Do Polarizability Calculation     : false 
** Dipole moment part of electric properties **
        Magnitude of dipole moment (Debye) :        1.5016327270
        Electronic Contribution:
                  0    
      0      20.405024
      1       4.233733
      2       1.170082
        Nuclear Contribution:
                  0    
      0     -20.191037
      1      -4.545783
      2      -0.716374
        Total Dipole moment:
                  0    
      0       0.213987
      1      -0.312050
      2       0.453708
# -------------------------------------------------------------
----------------------- !GEOMETRIES! ------------------------
# -------------------------------------------------------------
------------------------ !GEOMETRY! -------------------------
    Number of atoms:    38 
    Geometry Index:     1 
    Coordinates:
               0 C     -0.310637513064   -1.670412403655   -2.458355577156
               1 C     -1.180684412694   -0.683217078799   -1.685969501904
               2 C     -0.889127562420   -0.605747033568   -0.167793356949
               3 C     -1.269404737449   -1.941962038317    0.503266673508
               4 C     -1.656714013470    0.556010737452    0.549469813333
               5 N     -3.129936723899    0.413778884221    0.570420106166
               6 C     -3.756124343079    1.237151395079   -0.469368333661
               7 C     -3.666660937750    0.801191378942    1.877864879843
               8 O      0.544397970742   -0.486202660601    0.088642420079
               9 C      1.232873238867    0.598434454520   -0.336559975374
              10 O      0.777923105372    1.556039482768   -0.939466460562
              11 C      2.669069965790    0.475529460343    0.035962147107
              12 C      3.534637314194    1.521707352861   -0.312968270660
              13 C      4.890554819404    1.453770683362    0.013564145729
              14 C      5.389595747124    0.341360462237    0.689560431906
              15 C      4.536166519470   -0.704361786537    1.039945303185
              16 C      3.178808999577   -0.640181297372    0.715056160254
              17 H      0.753074480829   -1.434823687848   -2.363189743226
              18 H     -0.563807535498   -1.632220490958   -3.523127996568
              19 H     -0.470530908329   -2.698014881064   -2.120332375161
              20 H     -2.229646008396   -0.956295692750   -1.850298578172
              21 H     -1.041723066394    0.303981995931   -2.141088974302
              22 H     -1.131207473785   -1.881625061918    1.589480136495
              23 H     -0.619211061112   -2.757063617897    0.167109489786
              24 H     -2.308028672747   -2.223697992254    0.303210937451
              25 H     -1.375712860041    1.531126062904    0.134730148870
              26 H     -1.267688388001    0.588511054093    1.578262634074
              27 H     -3.574385233590    2.307239345002   -0.314494660554
              28 H     -4.839686049939    1.073299671257   -0.481951714190
              29 H     -3.393184649492    0.972855216609   -1.466120124727
              30 H     -4.755419915852    0.678669823970    1.900093829901
              31 H     -3.265731679876    0.151598821915    2.664131354538
              32 H     -3.429551641471    1.840916957370    2.131409725781
              33 H      3.155497978276    2.394357461446   -0.841763530392
              34 H      5.556209511116    2.268648893531   -0.260407097892
              35 H      6.445749212158    0.288888203097    0.943145118153
              36 H      4.927759179939   -1.571550213513    1.566321643628
              37 H      2.532487345489   -1.467691861862    0.996866292621
