-------------------------------------------------------------
----------------------- !PROPERTIES! ------------------------
-------------------------------------------------------------
# -----------------------------------------------------------
$ PAL_Flags
   description: The PAL Flags
   geom. index: 1
   prop. index: 1
        Diskflag:     2
# -----------------------------------------------------------
$ SCF_Energy
   description: The SCF energy
   geom. index: 1
   prop. index: 1
        SCF Energy:    -1143.3023242450
# -----------------------------------------------------------
$ Mayer_Pop
   description: The Mayer population analysis
   geom. index: 1
   prop. index: 1
     Number of atoms                     : 53
     Threshold for printing              : 0.1000000
     Number of bond orders printed       : 54
  NA   - Mulliken gross atomic population
  ZA   - Total nuclear charge
  QA   - Mulliken gross atomic charge
  VA   - Mayer's total valence
  BVA  - Mayer's bonded valence
  FA   - Mayer's free valence
  ATOM       NA         ZA         QA         VA         BVA        FA
  0   0     6.0265     6.0000    -0.0265     3.9274     3.9274     0.0000
  1   0     5.8879     6.0000     0.1121     3.8645     3.8645    -0.0000
  2   0     6.0030     6.0000    -0.0030     3.9132     3.9132     0.0000
  3   0     8.5544     8.0000    -0.5544     1.8731     1.8731    -0.0000
  4   0     5.4093     6.0000     0.5907     4.0710     4.0710     0.0000
  5   0     8.4292     8.0000    -0.4292     2.0507     2.0507     0.0000
  6   0     5.9711     6.0000     0.0289     3.6172     3.6172    -0.0000
  7   0     5.9608     6.0000     0.0392     3.9253     3.9253     0.0000
  8   0     6.1549     6.0000    -0.1549     3.8067     3.8067     0.0000
  9   0     5.6372     6.0000     0.3628     3.8425     3.8425     0.0000
 10   0     8.5747     8.0000    -0.5747     1.8794     1.8794    -0.0000
 11   0     5.7116     6.0000     0.2884     3.7715     3.7715     0.0000
 12   0     5.8184     6.0000     0.1816     3.9050     3.9050    -0.0000
 13   0     8.4867     8.0000    -0.4867     1.9010     1.9010     0.0000
 14   0     5.8485     6.0000     0.1515     3.8554     3.8554     0.0000
 15   0     7.4835     7.0000    -0.4835     2.8052     2.8052    -0.0000
 16   0     6.2673     6.0000    -0.2673     3.9764     3.9764    -0.0000
 17   0     5.9331     6.0000     0.0669     3.8546     3.8546    -0.0000
 18   0     5.9405     6.0000     0.0595     3.8253     3.8253    -0.0000
 19   0     5.9640     6.0000     0.0360     3.8497     3.8497     0.0000
 20   0     6.1807     6.0000    -0.1807     3.8283     3.8283     0.0000
 21   0     5.9720     6.0000     0.0280     3.8584     3.8584     0.0000
 22   0     6.1048     6.0000    -0.1048     3.8791     3.8791    -0.0000
 23   0     5.7701     6.0000     0.2299     3.8249     3.8249    -0.0000
 24   0     7.3423     7.0000    -0.3423     3.2515     3.2515    -0.0000
 25   0     0.9641     1.0000     0.0359     0.9862     0.9862     0.0000
 26   0     0.9648     1.0000     0.0352     0.9841     0.9841    -0.0000
 27   0     0.9473     1.0000     0.0527     0.9941     0.9941    -0.0000
 28   0     0.9406     1.0000     0.0594     0.9838     0.9838     0.0000
 29   0     0.9647     1.0000     0.0353     0.9833     0.9833     0.0000
 30   0     0.9592     1.0000     0.0408     0.9860     0.9860     0.0000
 31   0     0.9645     1.0000     0.0355     0.9873     0.9873     0.0000
 32   0     0.9493     1.0000     0.0507     1.0105     1.0105     0.0000
 33   0     0.9444     1.0000     0.0556     0.9913     0.9913     0.0000
 34   0     0.9630     1.0000     0.0370     0.9937     0.9937    -0.0000
 35   0     0.9835     1.0000     0.0165     0.9914     0.9914     0.0000
 36   0     0.7877     1.0000     0.2123     1.0225     1.0225     0.0000
 37   0     0.9564     1.0000     0.0436     0.9927     0.9927     0.0000
 38   0     0.9773     1.0000     0.0227     0.9884     0.9884     0.0000
 39   0     0.8617     1.0000     0.1383     0.9712     0.9712    -0.0000
 40   0     0.9655     1.0000     0.0345     0.9921     0.9921    -0.0000
 41   0     0.9804     1.0000     0.0196     0.9894     0.9894    -0.0000
 42   0     0.9750     1.0000     0.0250     0.9858     0.9858    -0.0000
 43   0     0.9674     1.0000     0.0326     0.9901     0.9901    -0.0000
 44   0     0.9715     1.0000     0.0285     0.9874     0.9874    -0.0000
 45   0     0.9797     1.0000     0.0203     0.9913     0.9913    -0.0000
 46   0     0.9650     1.0000     0.0350     0.9866     0.9866    -0.0000
 47   0     0.9590     1.0000     0.0410     0.9872     0.9872     0.0000
 48   0     0.9561     1.0000     0.0439     0.9853     0.9853    -0.0000
 49   0     0.9559     1.0000     0.0441     0.9933     0.9933     0.0000
 50   0     0.9544     1.0000     0.0456     0.9861     0.9861    -0.0000
 51   0     0.9773     1.0000     0.0227     0.9951     0.9951    -0.0000
 52   0     0.8314     1.0000     0.1686     0.9872     0.9872    -0.0000
      Bond orders larger than 0.1000000
           Atom A     A.N. of A          Atom B    A.N. of B              Bond order
                0             6               1            6                1.044928
                0             6              25            1                0.975575
                0             6              26            1                0.982584
                0             6              27            1                0.982853
                1             6               2            6                1.034904
                1             6               3            8                0.771138
                1             6              28            1                0.968906
                2             6              29            1                0.981612
                2             6              30            1                0.985148
                2             6              31            1                0.977736
                3             8               4            6                1.130535
                4             6               5            8                1.965348
                4             6               6            6                1.001231
                6             6               7            6                1.598044
                6             6              24            7                1.084505
                7             6               8            6                1.205496
                7             6              32            1                1.017315
                8             6               9            6                1.285957
                8             6              23            6                1.328678
                9             6              10            8                1.032121
                9             6              20            6                1.448091
               10             8              11            6                0.829206
               11             6              12            6                1.034941
               11             6              33            1                0.976427
               11             6              34            1                0.966911
               12             6              13            8                0.938521
               12             6              14            6                1.001890
               12             6              35            1                0.955986
               13             8              36            1                0.939115
               14             6              15            7                0.962631
               14             6              37            1                0.966294
               14             6              38            1                0.975105
               15             7              16            6                0.900019
               15             7              39            1                0.954962
               16             6              17            6                1.013220
               16             6              18            6                0.996605
               16             6              19            6                1.006419
               17             6              40            1                0.983778
               17             6              41            1                0.981383
               17             6              42            1                0.984484
               18             6              43            1                0.981361
               18             6              44            1                0.980431
               18             6              45            1                0.980010
               19             6              46            1                0.980791
               19             6              47            1                0.980066
               19             6              48            1                0.978769
               20             6              21            6                1.309194
               20             6              49            1                1.003312
               21             6              22            6                1.504632
               21             6              50            1                0.993537
               22             6              23            6                1.287120
               22             6              51            1                1.013619
               23             6              24            7                1.145094
               24             7              52            1                0.937889
# -----------------------------------------------------------
$ Calculation_Info
   description: Details of the calculation
   geom. index: 1
   prop. index: 1
     Multiplicity:                          1
     Charge:                                0
     number of atoms:                       53
     number of electrons:                   0
     number of frozen core electrons:       1
     number of correlated electrons:        0
     number of basis functions:             490
     number of aux C basis functions:       0
     number of aux J basis functions:       0
     number of aux JK basis functions:      0
     number of aux CABS basis functions:    0
     Total Energy                           -1143.302324
# -----------------------------------------------------------
$ SCF_Electric_Properties
   description: The SCF Calculated Electric Properties
   geom. index: 1
   prop. index: 1
       Filename                          : ./ZINC000000000127/ZINC000000000127.scfp 
       Do Dipole Moment Calculation      : true 
       Do Quadrupole Moment Calculation  : false 
       Do Polarizability Calculation     : false 
** Dipole moment part of electric properties **
        Magnitude of dipole moment (Debye) :        2.6225377234
        Electronic Contribution:
                  0    
      0     -25.218220
      1     -19.070706
      2       4.518420
        Nuclear Contribution:
                  0    
      0      25.726431
      1      19.777782
      2      -5.071867
        Total Dipole moment:
                  0    
      0       0.508211
      1       0.707076
      2      -0.553447
# -------------------------------------------------------------
----------------------- !GEOMETRIES! ------------------------
# -------------------------------------------------------------
------------------------ !GEOMETRY! -------------------------
    Number of atoms:    53 
    Geometry Index:     1 
    Coordinates:
               0 C     -6.847852855147    1.874324943221    0.464646313832
               1 C     -5.851261514983    1.985913388180   -0.684179509327
               2 C     -5.338615764601    3.414838574831   -0.816453172010
               3 O     -4.712512435149    1.150469751413   -0.412349904990
               4 C     -4.821512671956   -0.153792139486   -0.780331884567
               5 O     -5.795963819582   -0.661534934851   -1.318006278718
               6 C     -3.614315132177   -0.865477199647   -0.447867515446
               7 C     -2.442607830576   -0.444751944146    0.155392965579
               8 C     -1.554636234024   -1.555822126616    0.252549403674
               9 C     -0.250297590542   -1.724160679387    0.773130985008
              10 O      0.357265572473   -0.616721995962    1.300891398017
              11 C      1.414541692768   -0.819553920781    2.239075144152
              12 C      2.785522012673   -0.659985497855    1.576109603957
              13 O      3.817003516790   -0.869503495262    2.550005679215
              14 C      2.964178402650    0.739388701066    0.950665827304
              15 N      4.374307168569    0.963207941721    0.569523830730
              16 C      4.692269960139    0.819223102250   -0.867529558943
              17 C      6.226137585347    0.929674091396   -0.970066945197
              18 C      4.070474330218    1.958973936191   -1.693328732634
              19 C      4.269475338510   -0.539778676702   -1.445635541921
              20 C      0.337882706419   -2.994602496033    0.679822397995
              21 C     -0.349585776926   -4.069566617912    0.112229242925
              22 C     -1.643556399681   -3.918336364212   -0.389354034844
              23 C     -2.217665200387   -2.647251924903   -0.307007189440
              24 N     -3.453846321853   -2.206064160253   -0.717632676790
              25 H     -6.373019015652    2.123064455737    1.420944540833
              26 H     -7.702782319699    2.540376286068    0.313412245527
              27 H     -7.221737022212    0.849010847901    0.558135725684
              28 H     -6.325310776186    1.697557633349   -1.630867594335
              29 H     -6.153855389929    4.112138198660   -1.031397019884
              30 H     -4.600646168386    3.480373372497   -1.623179731583
              31 H     -4.832399050916    3.737507825524    0.099470849021
              32 H     -2.235704527956    0.560686281808    0.498131067816
              33 H      1.331625846854   -1.768979462726    2.783811859327
              34 H      1.302156060750   -0.051357600232    3.014981651340
              35 H      2.911336984721   -1.423199519461    0.803705846628
              36 H      4.607919880540   -0.456731809056    2.141999515845
              37 H      2.258766588030    0.908971534704    0.132246430770
              38 H      2.730938833648    1.486677979219    1.719788953131
              39 H      4.630156584315    1.912305866423    0.852467351765
              40 H      6.723303002994    0.137153155957   -0.397803286831
              41 H      6.588107013762    1.892996647656   -0.588560629245
              42 H      6.560000184462    0.845127027231   -2.010551191839
              43 H      2.977219995419    1.908725947336   -1.709064622764
              44 H      4.411138737635    1.913981026039   -2.734822982437
              45 H      4.353893536291    2.940407164909   -1.298149355698
              46 H      4.621540196018   -0.652627526935   -2.478364668220
              47 H      3.181102649329   -0.658575503497   -1.464857504573
              48 H      4.694947138779   -1.366992428052   -0.865601669477
              49 H      1.346354047459   -3.177403502243    1.037527404705
              50 H      0.133228526893   -5.042864532679    0.057799435347
              51 H     -2.173849935746   -4.757137196982   -0.828187429395
              52 H     -4.159260340190   -2.780302425417   -1.161169331438
