-------------------------------------------------------------
----------------------- !PROPERTIES! ------------------------
-------------------------------------------------------------
# -----------------------------------------------------------
$ PAL_Flags
   description: The PAL Flags
   geom. index: 1
   prop. index: 1
        Diskflag:     2
# -----------------------------------------------------------
$ SCF_Energy
   description: The SCF energy
   geom. index: 1
   prop. index: 1
        SCF Energy:    -1424.7918876403
# -----------------------------------------------------------
$ Mayer_Pop
   description: The Mayer population analysis
   geom. index: 1
   prop. index: 1
     Number of atoms                     : 39
     Threshold for printing              : 0.1000000
     Number of bond orders printed       : 41
  NA   - Mulliken gross atomic population
  ZA   - Total nuclear charge
  QA   - Mulliken gross atomic charge
  VA   - Mayer's total valence
  BVA  - Mayer's bonded valence
  FA   - Mayer's free valence
  ATOM       NA         ZA         QA         VA         BVA        FA
  0   0     5.8439     6.0000     0.1561     3.8219     3.8219    -0.0000
  1   0     7.6796     7.0000    -0.6796     2.8821     2.8821     0.0000
  2   0     5.5796     6.0000     0.4204     3.9390     3.9390    -0.0000
  3   0     8.4606     8.0000    -0.4606     2.0109     2.0109     0.0000
  4   0     5.7748     6.0000     0.2252     3.7633     3.7633    -0.0000
  5   0     7.6744     7.0000    -0.6744     2.7359     2.7359     0.0000
  6   0     5.4149     6.0000     0.5851     4.1685     4.1685    -0.0000
  7   0     7.2968     7.0000    -0.2968     3.0674     3.0674    -0.0000
  8   0     8.4743     8.0000    -0.4743     2.0045     2.0045    -0.0000
  9   0     5.6516     6.0000     0.3484     3.7189     3.7189     0.0000
 10   0     6.1931     6.0000    -0.1931     3.8898     3.8898     0.0000
 11   0     6.0310     6.0000    -0.0310     3.8925     3.8925    -0.0000
 12   0     6.0351     6.0000    -0.0351     3.8959     3.8959    -0.0000
 13   0     6.0297     6.0000    -0.0297     3.8573     3.8573    -0.0000
 14   0     6.0362     6.0000    -0.0362     3.8887     3.8887     0.0000
 15   0     5.9947     6.0000     0.0053     3.9160     3.9160     0.0000
 16   0     6.1784     6.0000    -0.1784     3.8799     3.8799    -0.0000
 17   0     6.0306     6.0000    -0.0306     3.9679     3.9679    -0.0000
 18   0     5.9558     6.0000     0.0442     3.8237     3.8237     0.0000
 19   0    17.1273    17.0000    -0.1273     1.0389     1.0389    -0.0000
 20   0     5.9888     6.0000     0.0112     3.9409     3.9409     0.0000
 21   0     6.0936     6.0000    -0.0936     3.9478     3.9478     0.0000
 22   0     5.6888     6.0000     0.3112     3.7631     3.7631     0.0000
 23   0     0.9550     1.0000     0.0450     0.9839     0.9839     0.0000
 24   0     0.9509     1.0000     0.0491     0.9792     0.9792    -0.0000
 25   0     0.9029     1.0000     0.0971     1.0070     1.0070    -0.0000
 26   0     0.9238     1.0000     0.0762     0.9951     0.9951    -0.0000
 27   0     0.8724     1.0000     0.1276     1.0242     1.0242    -0.0000
 28   0     0.8281     1.0000     0.1719     0.9962     0.9962    -0.0000
 29   0     0.8422     1.0000     0.1578     1.0011     1.0011    -0.0000
 30   0     0.9093     1.0000     0.0907     0.9789     0.9789     0.0000
 31   0     0.9531     1.0000     0.0469     0.9938     0.9938    -0.0000
 32   0     0.9525     1.0000     0.0475     0.9857     0.9857     0.0000
 33   0     0.9531     1.0000     0.0469     0.9855     0.9855    -0.0000
 34   0     0.9521     1.0000     0.0479     0.9862     0.9862     0.0000
 35   0     0.9449     1.0000     0.0551     1.0030     1.0030     0.0000
 36   0     0.9343     1.0000     0.0657     1.0159     1.0159    -0.0000
 37   0     0.9464     1.0000     0.0536     1.0005     1.0005     0.0000
 38   0     0.9453     1.0000     0.0547     0.9939     0.9939     0.0000
      Bond orders larger than 0.1000000
           Atom A     A.N. of A          Atom B    A.N. of B              Bond order
                0             6               1            7                0.870792
                0             6              23            1                0.986824
                0             6              24            1                0.989127
                0             6              25            1                0.977723
                1             7               2            6                1.046531
                1             7              22            6                0.912038
                2             6               3            8                1.905114
                2             6               4            6                0.977067
                4             6               5            7                0.868874
                4             6              26            1                0.977717
                4             6              27            1                0.946921
                5             7               6            6                1.027871
                5             7               9            6                0.886312
                6             6               7            7                1.176602
                6             6               8            8                1.930048
                7             7              28            1                0.951155
                7             7              29            1                0.941796
                9             6              10            6                0.988125
                9             6              16            6                0.965586
                9             6              30            1                0.958085
               10             6              11            6                1.398708
               10             6              15            6                1.443925
               11             6              12            6                1.441764
               11             6              31            1                1.004477
               12             6              13            6                1.402718
               12             6              32            1                0.999378
               13             6              14            6                1.420287
               13             6              33            1                0.999418
               14             6              15            6                1.418468
               14             6              34            1                0.998637
               15             6              35            1                0.994043
               16             6              17            6                1.434117
               16             6              22            6                1.420419
               17             6              18            6                1.415493
               17             6              36            1                0.990909
               18             6              19           17                0.955311
               18             6              20            6                1.410526
               20             6              21            6                1.425278
               20             6              37            1                1.002063
               21             6              22            6                1.406993
               21             6              38            1                0.997260
# -----------------------------------------------------------
$ Calculation_Info
   description: Details of the calculation
   geom. index: 1
   prop. index: 1
     Multiplicity:                          1
     Charge:                                0
     number of atoms:                       39
     number of electrons:                   0
     number of frozen core electrons:       1
     number of correlated electrons:        0
     number of basis functions:             406
     number of aux C basis functions:       0
     number of aux J basis functions:       0
     number of aux JK basis functions:      0
     number of aux CABS basis functions:    0
     Total Energy                           -1424.791888
# -----------------------------------------------------------
$ SCF_Electric_Properties
   description: The SCF Calculated Electric Properties
   geom. index: 1
   prop. index: 1
       Filename                          : ./ZINC000000000123/ZINC000000000123.scfp 
       Do Dipole Moment Calculation      : true 
       Do Quadrupole Moment Calculation  : false 
       Do Polarizability Calculation     : false 
** Dipole moment part of electric properties **
        Magnitude of dipole moment (Debye) :        5.3724958952
        Electronic Contribution:
                  0    
      0      -6.581154
      1       0.796983
      2     -12.283840
        Nuclear Contribution:
                  0    
      0       6.668586
      1      -2.290555
      2      10.790805
        Total Dipole moment:
                  0    
      0       0.087432
      1      -1.493572
      2      -1.493035
# -------------------------------------------------------------
----------------------- !GEOMETRIES! ------------------------
# -------------------------------------------------------------
------------------------ !GEOMETRY! -------------------------
    Number of atoms:    39 
    Geometry Index:     1 
    Coordinates:
               0 C     -3.263297054325   -0.844730066685    2.413769792899
               1 N     -2.082429224702   -0.216055584190    1.802070899222
               2 C     -1.203201302802    0.372564237231    2.719247406762
               3 O     -1.412601185768    0.270289700734    3.940184944037
               4 C      0.009168607460    1.231880381435    2.325785665179
               5 N      0.454583275252    1.258324909644    0.951121304825
               6 C      0.416797468052    2.470040997027    0.304833823166
               7 N      0.759704850799    2.501136963863   -0.999933637237
               8 O      0.135237745392    3.534161808141    0.849041660633
               9 C      0.534708071314   -0.071210276077    0.351863373512
              10 C      1.851546829730   -0.445461645128   -0.334298642708
              11 C      1.995391471480   -1.723801585539   -0.912923837425
              12 C      3.194950467114   -2.121832900171   -1.507819962610
              13 C      4.287682314484   -1.261720136270   -1.511910569603
              14 C      4.185190827886   -0.013036858829   -0.906838575328
              15 C      2.984466008369    0.384508836967   -0.311284801407
              16 C     -0.784275817729   -0.280445382973   -0.370856839664
              17 C     -0.822993674788   -0.400306485815   -1.782598834892
              18 C     -2.025232864645   -0.538610490676   -2.466889202057
              19 Cl    -2.028747386729   -0.681824538691   -4.179247016416
              20 C     -3.216681366510   -0.547850971629   -1.767520803136
              21 C     -3.197188862298   -0.423545722004   -0.375497674793
              22 C     -1.996189118894   -0.287988848129    0.360796941976
              23 H     -3.539478791852   -1.757262116874    1.874749759740
              24 H     -4.088688628831   -0.125622478018    2.409752688961
              25 H     -3.082019470227   -1.147250223509    3.449590975654
              26 H      0.859044667850    0.848072676181    2.906002790010
              27 H     -0.195076782368    2.240818735510    2.700247695259
              28 H      0.625294262232    3.399102016618   -1.446070463099
              29 H      0.672066854134    1.695535216480   -1.593236639227
              30 H      0.537810897883   -0.795591598748    1.182125241319
              31 H      1.167123106597   -2.431017096316   -0.900633635822
              32 H      3.278320776047   -3.107792082158   -1.958329023733
              33 H      5.223870330549   -1.569836784222   -1.970035681067
              34 H      5.044509527974    0.653092701950   -0.886133278541
              35 H      2.958524762962    1.355388627173    0.179445326025
              36 H      0.094436920602   -0.378846653160   -2.367606512925
              37 H     -4.165829347280   -0.640999378942   -2.288751465026
              38 H     -4.166499164413   -0.402277904203    0.117786807536
