-------------------------------------------------------------
----------------------- !PROPERTIES! ------------------------
-------------------------------------------------------------
# -----------------------------------------------------------
$ PAL_Flags
   description: The PAL Flags
   geom. index: 1
   prop. index: 1
        Diskflag:     2
# -----------------------------------------------------------
$ SCF_Energy
   description: The SCF energy
   geom. index: 1
   prop. index: 1
        SCF Energy:    -1028.5775206441
# -----------------------------------------------------------
$ Mayer_Pop
   description: The Mayer population analysis
   geom. index: 1
   prop. index: 1
     Number of atoms                     : 48
     Threshold for printing              : 0.1000000
     Number of bond orders printed       : 48
  NA   - Mulliken gross atomic population
  ZA   - Total nuclear charge
  QA   - Mulliken gross atomic charge
  VA   - Mayer's total valence
  BVA  - Mayer's bonded valence
  FA   - Mayer's free valence
  ATOM       NA         ZA         QA         VA         BVA        FA
  0   0     5.8428     6.0000     0.1572     3.8821     3.8821     0.0000
  1   0     7.4833     7.0000    -0.4833     2.9624     2.9624    -0.0000
  2   0     5.6379     6.0000     0.3621     4.0200     4.0200    -0.0000
  3   0     8.4464     8.0000    -0.4464     2.0299     2.0299     0.0000
  4   0     5.6953     6.0000     0.3047     3.7124     3.7124     0.0000
  5   0     8.5538     8.0000    -0.5538     1.8673     1.8673    -0.0000
  6   0     5.8148     6.0000     0.1852     3.7684     3.7684    -0.0000
  7   0     6.0222     6.0000    -0.0222     3.8808     3.8808    -0.0000
  8   0     6.0351     6.0000    -0.0351     3.8152     3.8152    -0.0000
  9   0     6.0228     6.0000    -0.0228     3.8181     3.8181     0.0000
 10   0     6.0510     6.0000    -0.0510     3.8859     3.8859     0.0000
 11   0     5.8031     6.0000     0.1969     3.7994     3.7994     0.0000
 12   0     8.5796     8.0000    -0.5796     1.8337     1.8337     0.0000
 13   0     5.6550     6.0000     0.3450     3.7117     3.7117    -0.0000
 14   0     5.8041     6.0000     0.1959     3.8852     3.8852     0.0000
 15   0     8.4858     8.0000    -0.4858     1.8890     1.8890     0.0000
 16   0     5.8582     6.0000     0.1418     3.8364     3.8364     0.0000
 17   0     7.5053     7.0000    -0.5053     2.7674     2.7674    -0.0000
 18   0     6.2535     6.0000    -0.2535     3.9687     3.9687    -0.0000
 19   0     5.9539     6.0000     0.0461     3.8285     3.8285    -0.0000
 20   0     5.9503     6.0000     0.0497     3.8513     3.8513    -0.0000
 21   0     5.9459     6.0000     0.0541     3.8620     3.8620    -0.0000
 22   0     0.9613     1.0000     0.0387     0.9811     0.9811     0.0000
 23   0     0.9664     1.0000     0.0336     0.9833     0.9833     0.0000
 24   0     0.9320     1.0000     0.0680     0.9990     0.9990     0.0000
 25   0     0.8402     1.0000     0.1598     0.9762     0.9762     0.0000
 26   0     0.9422     1.0000     0.0578     1.0029     1.0029     0.0000
 27   0     0.9330     1.0000     0.0670     0.9891     0.9891     0.0000
 28   0     0.9332     1.0000     0.0668     1.0074     1.0074    -0.0000
 29   0     0.9566     1.0000     0.0434     0.9865     0.9865     0.0000
 30   0     0.9589     1.0000     0.0411     0.9861     0.9861     0.0000
 31   0     0.9588     1.0000     0.0412     0.9967     0.9967     0.0000
 32   0     0.9847     1.0000     0.0153     1.0011     1.0011    -0.0000
 33   0     0.9654     1.0000     0.0346     0.9871     0.9871     0.0000
 34   0     0.9664     1.0000     0.0336     0.9880     0.9880     0.0000
 35   0     0.7935     1.0000     0.2065     1.0180     1.0180     0.0000
 36   0     0.9514     1.0000     0.0486     0.9873     0.9873    -0.0000
 37   0     0.9719     1.0000     0.0281     0.9710     0.9710     0.0000
 38   0     0.8661     1.0000     0.1339     0.9729     0.9729    -0.0000
 39   0     0.9772     1.0000     0.0228     0.9907     0.9907     0.0000
 40   0     0.9692     1.0000     0.0308     0.9872     0.9872     0.0000
 41   0     0.9647     1.0000     0.0353     0.9856     0.9856    -0.0000
 42   0     0.9693     1.0000     0.0307     0.9867     0.9867     0.0000
 43   0     0.9685     1.0000     0.0315     0.9868     0.9868     0.0000
 44   0     0.9583     1.0000     0.0417     0.9901     0.9901    -0.0000
 45   0     0.9606     1.0000     0.0394     0.9906     0.9906     0.0000
 46   0     0.9711     1.0000     0.0289     0.9868     0.9868     0.0000
 47   0     0.9788     1.0000     0.0212     0.9886     0.9886    -0.0000
      Bond orders larger than 0.1000000
           Atom A     A.N. of A          Atom B    A.N. of B              Bond order
                0             6               1            7                0.896145
                0             6              22            1                0.994101
                0             6              23            1                0.992601
                0             6              24            1                0.985000
                1             7               2            6                1.118801
                1             7              25            1                0.942739
                2             6               3            8                1.943333
                2             6               4            6                0.939992
                4             6               5            8                0.888463
                4             6              26            1                0.985095
                4             6              27            1                0.956327
                5             8               6            6                0.953669
                6             6               7            6                1.427301
                6             6              11            6                1.360844
                7             6               8            6                1.387379
                7             6              28            1                0.999729
                8             6               9            6                1.410086
                8             6              29            1                1.000443
                9             6              10            6                1.389276
                9             6              30            1                0.999398
               10             6              11            6                1.425212
               10             6              31            1                1.006286
               11             6              12            8                0.958066
               12             8              13            6                0.846548
               13             6              14            6                0.988339
               13             6              32            1                0.957453
               13             6              33            1                0.969665
               14             6              15            8                0.907767
               14             6              16            6                1.039396
               14             6              34            1                0.965901
               15             8              35            1                0.951711
               16             6              17            7                0.911139
               16             6              36            1                0.970236
               16             6              37            1                0.964378
               17             7              18            6                0.911760
               17             7              38            1                0.946168
               18             6              19            6                0.991367
               18             6              20            6                1.006166
               18             6              21            6                1.018808
               19             6              39            1                0.980479
               19             6              40            1                0.981004
               19             6              41            1                0.981732
               20             6              42            1                0.981226
               20             6              43            1                0.982968
               20             6              44            1                0.981321
               21             6              45            1                0.983895
               21             6              46            1                0.984634
               21             6              47            1                0.981678
# -----------------------------------------------------------
$ Calculation_Info
   description: Details of the calculation
   geom. index: 1
   prop. index: 1
     Multiplicity:                          1
     Charge:                                0
     number of atoms:                       48
     number of electrons:                   0
     number of frozen core electrons:       1
     number of correlated electrons:        0
     number of basis functions:             438
     number of aux C basis functions:       0
     number of aux J basis functions:       0
     number of aux JK basis functions:      0
     number of aux CABS basis functions:    0
     Total Energy                           -1028.577521
# -----------------------------------------------------------
$ SCF_Electric_Properties
   description: The SCF Calculated Electric Properties
   geom. index: 1
   prop. index: 1
       Filename                          : ./ZINC000000000131/ZINC000000000131.scfp 
       Do Dipole Moment Calculation      : true 
       Do Quadrupole Moment Calculation  : false 
       Do Polarizability Calculation     : false 
** Dipole moment part of electric properties **
        Magnitude of dipole moment (Debye) :        2.2711870274
        Electronic Contribution:
                  0    
      0      27.919530
      1      -3.061347
      2      -8.791970
        Nuclear Contribution:
                  0    
      0     -28.774971
      1       2.803496
      2       8.780127
        Total Dipole moment:
                  0    
      0      -0.855440
      1      -0.257851
      2      -0.011843
# -------------------------------------------------------------
----------------------- !GEOMETRIES! ------------------------
# -------------------------------------------------------------
------------------------ !GEOMETRY! -------------------------
    Number of atoms:    48 
    Geometry Index:     1 
    Coordinates:
               0 C      6.727133810158   -1.270595221820    1.165328536443
               1 N      5.289296993241   -1.193545097170    1.208874829602
               2 C      4.635960318596   -0.015928307884    0.890420573024
               3 O      5.229182858837    1.034619134718    0.657725817713
               4 C      3.105953200571   -0.142650981978    0.885122159926
               5 O      2.437355810809    0.821074485594    0.074125792387
               6 C      2.436469677103    0.443492297726   -1.242705797933
               7 C      3.273427572803    1.127379052930   -2.121480829625
               8 C      3.282997042200    0.786183029417   -3.475174915951
               9 C      2.451188940186   -0.230739699808   -3.949314226944
              10 C      1.596483292776   -0.900365856527   -3.073227460344
              11 C      1.573622984652   -0.544671411415   -1.726616656007
              12 O      0.731176359428   -1.221663658615   -0.887492521595
              13 C     -0.464936680342   -0.456231590450   -0.650658191097
              14 C     -1.036748703959   -0.848331110813    0.718702715108
              15 O     -1.595181069780   -2.171120514666    0.656008427007
              16 C     -2.140012726357    0.117921002687    1.201698659770
              17 N     -3.346629513288   -0.016608451817    0.364633593915
              18 C     -4.546304457397    0.695191789836    0.852414969089
              19 C     -4.308932088400    2.208129457758    0.981616843845
              20 C     -5.041647160588    0.121588534651    2.190055007124
              21 C     -5.642997244600    0.460749926072   -0.205875419905
              22 H      7.038772309928   -1.399672979225    0.124741477499
              23 H      7.047451379495   -2.133289501257    1.756289653687
              24 H      7.173154155974   -0.357066763348    1.567467124412
              25 H      4.767347689139   -2.059679079618    1.165295747765
              26 H      2.813087076397   -1.168537929330    0.635579656221
              27 H      2.778634388831    0.032582505673    1.917693611163
              28 H      3.928115655305    1.912330032783   -1.749923780688
              29 H      3.945469538760    1.311777887815   -4.159154262117
              30 H      2.466036468293   -0.494976727386   -5.003269020832
              31 H      0.950207575142   -1.693303708433   -3.437761181433
              32 H     -1.173366990058   -0.701520211787   -1.451563033461
              33 H     -0.264728340410    0.623352380575   -0.666869735209
              34 H     -0.228250989258   -0.882301123416    1.457530540215
              35 H     -2.529899631640   -2.037354605515    0.397893312584
              36 H     -2.375855304022   -0.158950979993    2.234182398813
              37 H     -1.762517174156    1.145372982145    1.197051875171
              38 H     -3.134797434789    0.319131853294   -0.578024472531
              39 H     -3.923846590106    2.632710027136    0.047337396582
              40 H     -5.243342511299    2.731157950310    1.219244187298
              41 H     -3.595799725610    2.444531518557    1.778948076534
              42 H     -4.358843430826    0.348868057542    3.015927446774
              43 H     -6.017634122622    0.544006578928    2.457819197430
              44 H     -5.159678343123   -0.967871054346    2.137617306655
              45 H     -5.850315756614   -0.608570409142   -0.337248299534
              46 H     -6.582302559981    0.944897508328    0.085456054230
              47 H     -5.353956549404    0.868498981286   -1.182279354306
