-------------------------------------------------------------
----------------------- !PROPERTIES! ------------------------
-------------------------------------------------------------
# -----------------------------------------------------------
$ PAL_Flags
   description: The PAL Flags
   geom. index: 1
   prop. index: 1
        Diskflag:     2
# -----------------------------------------------------------
$ SCF_Energy
   description: The SCF energy
   geom. index: 1
   prop. index: 1
        SCF Energy:    -1681.5857045588
# -----------------------------------------------------------
$ Mayer_Pop
   description: The Mayer population analysis
   geom. index: 1
   prop. index: 1
     Number of atoms                     : 40
     Threshold for printing              : 0.1000000
     Number of bond orders printed       : 41
  NA   - Mulliken gross atomic population
  ZA   - Total nuclear charge
  QA   - Mulliken gross atomic charge
  VA   - Mayer's total valence
  BVA  - Mayer's bonded valence
  FA   - Mayer's free valence
  ATOM       NA         ZA         QA         VA         BVA        FA
  0   0     5.9895     6.0000     0.0105     3.9215     3.9215    -0.0000
  1   0     6.0325     6.0000    -0.0325     3.8734     3.8734    -0.0000
  2   0     5.9513     6.0000     0.0487     3.7444     3.7444     0.0000
  3   0     5.6025     6.0000     0.3975     4.0644     4.0644     0.0000
  4   0     8.4394     8.0000    -0.4394     2.0421     2.0421     0.0000
  5   0     7.4239     7.0000    -0.4239     2.9962     2.9962     0.0000
  6   0     5.8058     6.0000     0.1942     3.9463     3.9463     0.0000
  7   0     6.0812     6.0000    -0.0812     3.9045     3.9045     0.0000
  8   0     5.9822     6.0000     0.0178     3.9066     3.9066     0.0000
  9   0     5.9766     6.0000     0.0234     3.7847     3.7847     0.0000
 10   0    17.1348    17.0000    -0.1348     1.0276     1.0276     0.0000
 11   0     5.9702     6.0000     0.0298     3.9942     3.9942     0.0000
 12   0     5.9873     6.0000     0.0127     3.8310     3.8310     0.0000
 13   0    17.1229    17.0000    -0.1229     1.0898     1.0898    -0.0000
 14   0     7.6838     7.0000    -0.6838     2.7191     2.7191     0.0000
 15   0     5.8485     6.0000     0.1515     3.8315     3.8315    -0.0000
 16   0     6.0204     6.0000    -0.0204     3.9497     3.9497    -0.0000
 17   0     6.0698     6.0000    -0.0698     3.9535     3.9535    -0.0000
 18   0     6.0286     6.0000    -0.0286     3.9483     3.9483     0.0000
 19   0     5.8348     6.0000     0.1652     3.8382     3.8382     0.0000
 20   0     0.9656     1.0000     0.0344     0.9822     0.9822     0.0000
 21   0     0.9569     1.0000     0.0431     0.9818     0.9818     0.0000
 22   0     0.9611     1.0000     0.0389     0.9852     0.9852     0.0000
 23   0     0.9478     1.0000     0.0522     0.9707     0.9707    -0.0000
 24   0     0.9411     1.0000     0.0589     0.9941     0.9941    -0.0000
 25   0     0.9394     1.0000     0.0606     1.0092     1.0092    -0.0000
 26   0     0.7928     1.0000     0.2072     1.0058     1.0058     0.0000
 27   0     0.9069     1.0000     0.0931     1.0253     1.0253     0.0000
 28   0     0.9454     1.0000     0.0546     1.0005     1.0005     0.0000
 29   0     0.9480     1.0000     0.0520     1.0151     1.0151     0.0000
 30   0     0.9828     1.0000     0.0172     0.9748     0.9748    -0.0000
 31   0     0.9654     1.0000     0.0346     0.9791     0.9791    -0.0000
 32   0     0.9665     1.0000     0.0335     0.9728     0.9728    -0.0000
 33   0     0.9679     1.0000     0.0321     0.9847     0.9847    -0.0000
 34   0     0.9782     1.0000     0.0218     0.9726     0.9726    -0.0000
 35   0     0.9625     1.0000     0.0375     0.9715     0.9715    -0.0000
 36   0     0.9638     1.0000     0.0362     0.9966     0.9966    -0.0000
 37   0     0.9681     1.0000     0.0319     0.9730     0.9730    -0.0000
 38   0     0.9904     1.0000     0.0096     0.9748     0.9748     0.0000
 39   0     0.9638     1.0000     0.0362     0.9798     0.9798    -0.0000
      Bond orders larger than 0.1000000
           Atom A     A.N. of A          Atom B    A.N. of B              Bond order
                0             6               1            6                1.034741
                0             6              20            1                0.976010
                0             6              21            1                0.979571
                0             6              22            1                0.985657
                1             6               2            6                0.972853
                1             6              14            7                0.904878
                1             6              23            1                0.974672
                2             6               3            6                0.992133
                2             6              24            1                0.954929
                2             6              25            1                0.971961
                3             6               4            8                1.945782
                3             6               5            7                1.099496
                5             7               6            6                1.027110
                5             7              26            1                0.881175
                6             6               7            6                1.398762
                6             6              12            6                1.392988
                7             6               8            6                1.412283
                7             6              27            1                0.994856
                8             6               9            6                1.399134
                8             6              28            1                1.003457
                9             6              10           17                0.938898
                9             6              11            6                1.406249
               11             6              12            6                1.425297
               11             6              29            1                1.005784
               12             6              13           17                0.956716
               14             7              15            6                0.900477
               14             7              19            6                0.903929
               15             6              16            6                1.040075
               15             6              30            1                0.962367
               15             6              31            1                0.976818
               16             6              17            6                1.031156
               16             6              32            1                0.975880
               16             6              33            1                0.967191
               17             6              18            6                1.032013
               17             6              34            1                0.972945
               17             6              35            1                0.978347
               18             6              19            6                1.040967
               18             6              36            1                0.964816
               18             6              37            1                0.974746
               19             6              38            1                0.965113
               19             6              39            1                0.977143
# -----------------------------------------------------------
$ Calculation_Info
   description: Details of the calculation
   geom. index: 1
   prop. index: 1
     Multiplicity:                          1
     Charge:                                0
     number of atoms:                       40
     number of electrons:                   0
     number of frozen core electrons:       1
     number of correlated electrons:        0
     number of basis functions:             388
     number of aux C basis functions:       0
     number of aux J basis functions:       0
     number of aux JK basis functions:      0
     number of aux CABS basis functions:    0
     Total Energy                           -1681.585705
# -----------------------------------------------------------
$ SCF_Electric_Properties
   description: The SCF Calculated Electric Properties
   geom. index: 1
   prop. index: 1
       Filename                          : ./ZINC000000000162/ZINC000000000162.scfp 
       Do Dipole Moment Calculation      : true 
       Do Quadrupole Moment Calculation  : false 
       Do Polarizability Calculation     : false 
** Dipole moment part of electric properties **
        Magnitude of dipole moment (Debye) :        4.5669147269
        Electronic Contribution:
                  0    
      0      45.412594
      1      -5.374140
      2     -21.358548
        Nuclear Contribution:
                  0    
      0     -47.071731
      1       4.820312
      2      21.769356
        Total Dipole moment:
                  0    
      0      -1.659137
      1      -0.553828
      2       0.410808
# -------------------------------------------------------------
----------------------- !GEOMETRIES! ------------------------
# -------------------------------------------------------------
------------------------ !GEOMETRY! -------------------------
    Number of atoms:    40 
    Geometry Index:     1 
    Coordinates:
               0 C     -2.402582981804    1.901159480389    1.759506305295
               1 C     -1.209432702400    1.330390821243    0.976393416286
               2 C      0.084590452024    1.515871445291    1.790836697892
               3 C      1.316518095260    1.616122666667    0.909026320920
               4 O      2.024349237177    2.617710515048    0.950103933141
               5 N      1.542719436700    0.484819787520    0.153409284416
               6 C      2.607930880668    0.232003409633   -0.742388236704
               7 C      3.573937378875    1.190846664926   -1.065543932071
               8 C      4.598507238108    0.897419490267   -1.972795807289
               9 C      4.666413837864   -0.360241176468   -2.563851145521
              10 Cl     5.924889411429   -0.714209402725   -3.680846893489
              11 C      3.723522075110   -1.333252999243   -2.253672613202
              12 C      2.702731244267   -1.036731577379   -1.347074244631
              13 Cl     1.581183031975   -2.297161507324   -0.966988895349
              14 N     -1.368162672647   -0.083510526524    0.535805588147
              15 C     -1.844840999839   -0.992152440969    1.593473896419
              16 C     -1.864850493060   -2.442922287329    1.111029512289
              17 C     -2.716374407944   -2.596410357920   -0.140442012325
              18 C     -2.294415927260   -1.593528081831   -1.203995246640
              19 C     -2.244479391769   -0.171180435123   -0.647892189120
              20 H     -2.506125781013    1.433948384313    2.742689887388
              21 H     -2.266737553453    2.977250533497    1.925329238575
              22 H     -3.344083115710    1.778804632591    1.213962133969
              23 H     -1.099107811779    1.951685395899    0.075245022572
              24 H      0.243589936544    0.720634564468    2.527669902384
              25 H      0.032177817874    2.451992455806    2.362128377777
              26 H      0.841774553997   -0.255394414805    0.240422123119
              27 H      3.554302370553    2.189077647362   -0.638897336275
              28 H      5.334197795437    1.660876365514   -2.214259934586
              29 H      3.782338180957   -2.317464015939   -2.711124101522
              30 H     -2.853109206118   -0.719930402740    1.930275086786
              31 H     -1.185780207037   -0.944023251804    2.467252481221
              32 H     -2.257112800714   -3.090240926237    1.903372508122
              33 H     -0.841345170232   -2.778446928172    0.905569282087
              34 H     -3.770932228628   -2.433856292556    0.111296066984
              35 H     -2.634641075225   -3.617125056993   -0.532927624655
              36 H     -1.311385650920   -1.869809375188   -1.600087071817
              37 H     -2.993378065190   -1.637342043380   -2.046154118840
              38 H     -3.263258633932    0.159310967656   -0.413919885500
              39 H     -1.863536098151    0.482326941659   -1.441935776252
