-------------------------------------------------------------
----------------------- !PROPERTIES! ------------------------
-------------------------------------------------------------
# -----------------------------------------------------------
$ PAL_Flags
   description: The PAL Flags
   geom. index: 1
   prop. index: 1
        Diskflag:     2
# -----------------------------------------------------------
$ SCF_Energy
   description: The SCF energy
   geom. index: 1
   prop. index: 1
        SCF Energy:     -817.8301102754
# -----------------------------------------------------------
$ Mayer_Pop
   description: The Mayer population analysis
   geom. index: 1
   prop. index: 1
     Number of atoms                     : 40
     Threshold for printing              : 0.1000000
     Number of bond orders printed       : 41
  NA   - Mulliken gross atomic population
  ZA   - Total nuclear charge
  QA   - Mulliken gross atomic charge
  VA   - Mayer's total valence
  BVA  - Mayer's bonded valence
  FA   - Mayer's free valence
  ATOM       NA         ZA         QA         VA         BVA        FA
  0   0     5.9490     6.0000     0.0510     3.9007     3.9007    -0.0000
  1   0     6.0250     6.0000    -0.0250     3.9270     3.9270     0.0000
  2   0     6.0489     6.0000    -0.0489     3.8267     3.8267    -0.0000
  3   0     5.8163     6.0000     0.1837     3.8754     3.8754     0.0000
  4   0     7.6246     7.0000    -0.6246     2.8464     2.8464     0.0000
  5   0     5.8489     6.0000     0.1511     3.8738     3.8738    -0.0000
  6   0     5.8458     6.0000     0.1542     3.8757     3.8757     0.0000
  7   0     7.4052     7.0000    -0.4052     2.9425     2.9425    -0.0000
  8   0     5.8210     6.0000     0.1790     3.9165     3.9165    -0.0000
  9   0     6.1436     6.0000    -0.1436     3.8586     3.8586     0.0000
 10   0     5.6709     6.0000     0.3291     3.8197     3.8197     0.0000
 11   0     8.3658     8.0000    -0.3658     2.0518     2.0518    -0.0000
 12   0     6.1378     6.0000    -0.1378     3.8023     3.8023     0.0000
 13   0     6.0482     6.0000    -0.0482     3.8680     3.8680    -0.0000
 14   0     5.9458     6.0000     0.0542     3.8992     3.8992    -0.0000
 15   0     6.0974     6.0000    -0.0974     3.8746     3.8746     0.0000
 16   0     5.8458     6.0000     0.1542     3.9197     3.9197     0.0000
 17   0     7.4006     7.0000    -0.4006     3.0110     3.0110     0.0000
 18   0     5.8846     6.0000     0.1154     3.8643     3.8643    -0.0000
 19   0     0.9799     1.0000     0.0201     0.9905     0.9905    -0.0000
 20   0     0.9801     1.0000     0.0199     0.9804     0.9804     0.0000
 21   0     0.9645     1.0000     0.0355     0.9894     0.9894    -0.0000
 22   0     0.9571     1.0000     0.0429     0.9751     0.9751    -0.0000
 23   0     0.9713     1.0000     0.0287     0.9807     0.9807     0.0000
 24   0     0.9717     1.0000     0.0283     0.9866     0.9866     0.0000
 25   0     0.9761     1.0000     0.0239     0.9863     0.9863     0.0000
 26   0     0.9518     1.0000     0.0482     0.9811     0.9811     0.0000
 27   0     0.9967     1.0000     0.0033     0.9757     0.9757    -0.0000
 28   0     0.9729     1.0000     0.0271     0.9845     0.9845    -0.0000
 29   0     0.9679     1.0000     0.0321     0.9900     0.9900    -0.0000
 30   0     0.9713     1.0000     0.0287     0.9847     0.9847     0.0000
 31   0     0.9738     1.0000     0.0262     0.9862     0.9862     0.0000
 32   0     0.9970     1.0000     0.0030     0.9757     0.9757    -0.0000
 33   0     0.8326     1.0000     0.1674     1.0016     1.0016    -0.0000
 34   0     0.9622     1.0000     0.0378     1.0066     1.0066     0.0000
 35   0     0.7901     1.0000     0.2099     0.9883     0.9883    -0.0000
 36   0     0.9989     1.0000     0.0011     1.0049     1.0049     0.0000
 37   0     0.9589     1.0000     0.0411     0.9930     0.9930     0.0000
 38   0     0.9495     1.0000     0.0505     0.9880     0.9880     0.0000
 39   0     0.9506     1.0000     0.0494     0.9908     0.9908     0.0000
      Bond orders larger than 0.1000000
           Atom A     A.N. of A          Atom B    A.N. of B              Bond order
                0             6               1            6                1.043079
                0             6              19            1                0.977404
                0             6              20            1                0.983497
                0             6              21            1                0.984798
                1             6               2            6                1.008810
                1             6               7            7                0.914805
                1             6              22            1                0.967490
                2             6               3            6                0.997303
                2             6              23            1                0.969033
                2             6              24            1                0.955228
                3             6               4            7                0.962941
                3             6              25            1                0.983188
                3             6              26            1                0.981253
                4             7               5            6                0.946513
                4             7               6            6                0.947048
                5             6              27            1                0.977167
                5             6              28            1                0.991359
                5             6              29            1                0.990301
                6             6              30            1                0.991675
                6             6              31            1                0.990373
                6             6              32            1                0.976194
                7             7               8            6                1.123811
                7             7              33            1                0.927096
                8             6               9            6                1.494150
                8             6              18            6                1.220436
                9             6              10            6                1.251452
                9             6              34            1                1.021178
               10             6              11            8                1.064698
               10             6              12            6                1.460778
               11             8              35            1                0.959960
               12             6              13            6                1.236808
               12             6              36            1                1.006520
               13             6              14            6                1.288994
               13             6              18            6                1.267230
               14             6              15            6                1.545812
               14             6              37            1                0.994128
               15             6              16            6                1.289613
               15             6              38            1                0.989379
               16             6              17            7                1.562392
               16             6              39            1                1.001650
               17             7              18            6                1.323686
# -----------------------------------------------------------
$ Calculation_Info
   description: Details of the calculation
   geom. index: 1
   prop. index: 1
     Multiplicity:                          1
     Charge:                                0
     number of atoms:                       40
     number of electrons:                   0
     number of frozen core electrons:       1
     number of correlated electrons:        0
     number of basis functions:             371
     number of aux C basis functions:       0
     number of aux J basis functions:       0
     number of aux JK basis functions:      0
     number of aux CABS basis functions:    0
     Total Energy                           -817.830110
# -----------------------------------------------------------
$ SCF_Electric_Properties
   description: The SCF Calculated Electric Properties
   geom. index: 1
   prop. index: 1
       Filename                          : ./ZINC000000000148/ZINC000000000148.scfp 
       Do Dipole Moment Calculation      : true 
       Do Quadrupole Moment Calculation  : false 
       Do Polarizability Calculation     : false 
** Dipole moment part of electric properties **
        Magnitude of dipole moment (Debye) :        2.1020728230
        Electronic Contribution:
                  0    
      0      25.469367
      1       0.341179
      2      -3.428453
        Nuclear Contribution:
                  0    
      0     -25.163940
      1      -0.517278
      2       2.680365
        Total Dipole moment:
                  0    
      0       0.305427
      1      -0.176100
      2      -0.748088
# -------------------------------------------------------------
----------------------- !GEOMETRIES! ------------------------
# -------------------------------------------------------------
------------------------ !GEOMETRY! -------------------------
    Number of atoms:    40 
    Geometry Index:     1 
    Coordinates:
               0 C     -1.103627104840    0.083105249717    3.321791145723
               1 C     -0.692836754219    0.405006660140    1.880489382403
               2 C     -1.836688326886    0.020046002126    0.920042255937
               3 C     -1.670296299160    0.629468733062   -0.481666485466
               4 N     -2.758740791856    0.378999588997   -1.442337466708
               5 C     -2.895780159875   -1.035516369443   -1.777230547145
               6 C     -4.035286174817    0.950798895415   -1.029037178525
               7 N      0.522786799836   -0.366744923974    1.605945800573
               8 C      1.479211747583    0.152712391332    0.697763495570
               9 C      1.948431037988    1.468602841160    0.807730588233
              10 C      2.904600758179    1.946245304998   -0.077833467151
              11 O      3.319672497415    3.236822048823    0.069992076618
              12 C      3.420936571583    1.129062995115   -1.074204694609
              13 C      2.976957678777   -0.198733510043   -1.183414495726
              14 C      3.478907012730   -1.054835877154   -2.173425940823
              15 C      3.016438541441   -2.361602450743   -2.260073481442
              16 C      2.061348800707   -2.771946728135   -1.351536353843
              17 N      1.551074675936   -1.978854881218   -0.385147003759
              18 C      2.003738529338   -0.705391179267   -0.292389408076
              19 H     -1.318956100758   -0.984177276381    3.447068902669
              20 H     -1.996436610382    0.647835735167    3.610061421006
              21 H     -0.300916114030    0.343481749586    4.020788201660
              22 H     -0.520409295799    1.485732372432    1.830212112130
              23 H     -2.779403175267    0.378054976932    1.350431172901
              24 H     -1.910895068138   -1.072000625309    0.852892171658
              25 H     -1.541421313331    1.715450565705   -0.386565182662
              26 H     -0.742540241997    0.268631562671   -0.936881504452
              27 H     -3.257689093097   -1.635145725605   -0.935256867370
              28 H     -3.599489614345   -1.162189491992   -2.607701887173
              29 H     -1.939074852979   -1.450708875877   -2.113252442268
              30 H     -4.760853371712    0.888522746785   -1.847980467631
              31 H     -3.925940710209    2.014259430762   -0.789622613621
              32 H     -4.466239882871    0.441665996481   -0.160508731479
              33 H      0.330637172957   -1.334566486930    1.321121412394
              34 H      1.591514220220    2.120311921127    1.598628506356
              35 H      3.993650491885    3.432075852098   -0.601373439927
              36 H      4.168335197015    1.508854711167   -1.764167348811
              37 H      4.229060558050   -0.709146904311   -2.880007888455
              38 H      3.390915677974   -3.040979172686   -3.017090832256
              39 H      1.665303086957   -3.783207852729   -1.375050018322
