-------------------------------------------------------------
----------------------- !PROPERTIES! ------------------------
-------------------------------------------------------------
# -----------------------------------------------------------
$ PAL_Flags
   description: The PAL Flags
   geom. index: 1
   prop. index: 1
        Diskflag:     2
# -----------------------------------------------------------
$ SCF_Energy
   description: The SCF energy
   geom. index: 1
   prop. index: 1
        SCF Energy:    -1291.7740849266
# -----------------------------------------------------------
$ Mayer_Pop
   description: The Mayer population analysis
   geom. index: 1
   prop. index: 1
     Number of atoms                     : 44
     Threshold for printing              : 0.1000000
     Number of bond orders printed       : 46
  NA   - Mulliken gross atomic population
  ZA   - Total nuclear charge
  QA   - Mulliken gross atomic charge
  VA   - Mayer's total valence
  BVA  - Mayer's bonded valence
  FA   - Mayer's free valence
  ATOM       NA         ZA         QA         VA         BVA        FA
  0   0     5.9923     6.0000     0.0077     3.9104     3.9104    -0.0000
  1   0     6.2176     6.0000    -0.2176     3.9050     3.9050    -0.0000
  2   0     5.8011     6.0000     0.1989     3.8009     3.8009    -0.0000
  3   0     7.6368     7.0000    -0.6368     2.8189     2.8189    -0.0000
  4   0     5.8643     6.0000     0.1357     3.8653     3.8653    -0.0000
  5   0     5.8474     6.0000     0.1526     3.8773     3.8773    -0.0000
  6   0     5.7773     6.0000     0.2227     3.7546     3.7546    -0.0000
  7   0     7.6748     7.0000    -0.6748     2.8663     2.8663    -0.0000
  8   0     5.7236     6.0000     0.2764     3.8778     3.8778    -0.0000
  9   0     6.0987     6.0000    -0.0987     3.9415     3.9415    -0.0000
 10   0     6.0079     6.0000    -0.0079     3.8652     3.8652     0.0000
 11   0     6.0464     6.0000    -0.0464     3.8935     3.8935     0.0000
 12   0     5.9991     6.0000     0.0009     3.9527     3.9527    -0.0000
 13   0     6.1599     6.0000    -0.1599     3.9033     3.9033     0.0000
 14   0    15.8551    16.0000     0.1449     2.0469     2.0469    -0.0000
 15   0     6.1387     6.0000    -0.1387     3.9190     3.9190    -0.0000
 16   0     6.0107     6.0000    -0.0107     3.9656     3.9656    -0.0000
 17   0     5.9723     6.0000     0.0277     3.9357     3.9357    -0.0000
 18   0     6.1762     6.0000    -0.1762     3.8480     3.8480    -0.0000
 19   0     5.9595     6.0000     0.0405     4.0336     4.0336    -0.0000
 20   0     7.1044     7.0000    -0.1044     3.0985     3.0985    -0.0000
 21   0     6.0162     6.0000    -0.0162     3.9798     3.9798     0.0000
 22   0     5.7280     6.0000     0.2720     3.8937     3.8937    -0.0000
 23   0     0.9668     1.0000     0.0332     0.9823     0.9823    -0.0000
 24   0     0.9774     1.0000     0.0226     0.9869     0.9869    -0.0000
 25   0     0.9461     1.0000     0.0539     0.9809     0.9809    -0.0000
 26   0     0.9462     1.0000     0.0538     0.9686     0.9686    -0.0000
 27   0     0.9829     1.0000     0.0171     0.9883     0.9883     0.0000
 28   0     0.9864     1.0000     0.0136     0.9875     0.9875    -0.0000
 29   0     0.9942     1.0000     0.0058     0.9830     0.9830    -0.0000
 30   0     0.9613     1.0000     0.0387     0.9891     0.9891    -0.0000
 31   0     0.9540     1.0000     0.0460     0.9869     0.9869     0.0000
 32   0     0.9637     1.0000     0.0363     0.9863     0.9863     0.0000
 33   0     0.9705     1.0000     0.0295     0.9843     0.9843    -0.0000
 34   0     0.9961     1.0000     0.0039     0.9814     0.9814    -0.0000
 35   0     0.9376     1.0000     0.0624     0.9984     0.9984    -0.0000
 36   0     0.9611     1.0000     0.0389     0.9956     0.9956     0.0000
 37   0     0.9531     1.0000     0.0469     0.9886     0.9886     0.0000
 38   0     0.9583     1.0000     0.0417     0.9866     0.9866     0.0000
 39   0     0.9559     1.0000     0.0441     0.9862     0.9862     0.0000
 40   0     0.9569     1.0000     0.0431     0.9953     0.9953    -0.0000
 41   0     0.9464     1.0000     0.0536     0.9959     0.9959    -0.0000
 42   0     0.9439     1.0000     0.0561     0.9932     0.9932    -0.0000
 43   0     0.9333     1.0000     0.0667     1.0044     1.0044     0.0000
      Bond orders larger than 0.1000000
           Atom A     A.N. of A          Atom B    A.N. of B              Bond order
                0             6               1            6                1.025377
                0             6              23            1                0.984137
                0             6              24            1                0.981622
                0             6              25            1                0.983816
                1             6               2            6                1.010088
                1             6               6            6                0.978277
                1             6              26            1                0.955181
                2             6               3            7                0.936517
                2             6              27            1                0.972561
                2             6              28            1                0.971923
                3             7               4            6                0.933991
                3             7               5            6                0.945215
                4             6              29            1                0.976149
                4             6              30            1                0.990971
                4             6              31            1                0.991014
                5             6              32            1                0.992146
                5             6              33            1                0.991719
                5             6              34            1                0.976981
                6             6               7            7                0.895426
                6             6              35            1                0.980113
                6             6              36            1                0.975164
                7             7               8            6                0.937894
                7             7              22            6                0.952826
                8             6               9            6                1.421907
                8             6              13            6                1.432204
                9             6              10            6                1.423206
                9             6              37            1                0.996875
               10             6              11            6                1.402738
               10             6              38            1                0.998018
               11             6              12            6                1.444787
               11             6              39            1                1.001078
               12             6              13            6                1.417403
               12             6              40            1                0.997566
               13             6              14           16                0.958431
               14            16              15            6                0.975634
               15             6              16            6                1.416428
               15             6              22            6                1.418214
               16             6              17            6                1.453387
               16             6              41            1                0.995796
               17             6              18            6                1.379361
               17             6              42            1                1.001313
               18             6              19            6                1.030841
               18             6              21            6                1.381681
               19             6              20            7                3.028191
               21             6              22            6                1.436483
               21             6              43            1                1.002592
# -----------------------------------------------------------
$ Calculation_Info
   description: Details of the calculation
   geom. index: 1
   prop. index: 1
     Multiplicity:                          1
     Charge:                                0
     number of atoms:                       44
     number of electrons:                   0
     number of frozen core electrons:       1
     number of correlated electrons:        0
     number of basis functions:             431
     number of aux C basis functions:       0
     number of aux J basis functions:       0
     number of aux JK basis functions:      0
     number of aux CABS basis functions:    0
     Total Energy                           -1291.774085
# -----------------------------------------------------------
$ SCF_Electric_Properties
   description: The SCF Calculated Electric Properties
   geom. index: 1
   prop. index: 1
       Filename                          : ./ZINC000000000188/ZINC000000000188.scfp 
       Do Dipole Moment Calculation      : true 
       Do Quadrupole Moment Calculation  : false 
       Do Polarizability Calculation     : false 
** Dipole moment part of electric properties **
        Magnitude of dipole moment (Debye) :        4.7571174019
        Electronic Contribution:
                  0    
      0     -25.751135
      1       8.240572
      2      16.617597
        Nuclear Contribution:
                  0    
      0      25.853944
      1     -10.106063
      2     -16.727566
        Total Dipole moment:
                  0    
      0       0.102809
      1      -1.865492
      2      -0.109969
# -------------------------------------------------------------
----------------------- !GEOMETRIES! ------------------------
# -------------------------------------------------------------
------------------------ !GEOMETRY! -------------------------
    Number of atoms:    44 
    Geometry Index:     1 
    Coordinates:
               0 C      0.071852650142   -1.946109353001   -1.590299903479
               1 C      0.678775783404   -0.593490413103   -1.201092467285
               2 C      2.058751471088   -0.441864451971   -1.879674951637
               3 N      2.649514514599    0.892610233306   -1.674418552916
               4 C      2.057279715191    1.884176428470   -2.582536118984
               5 C      4.101004368847    0.844921912168   -1.899371219003
               6 C      0.819647068871   -0.466584592183    0.337147922671
               7 N     -0.490901415298   -0.287739924179    1.021840578654
               8 C     -1.060748267802   -1.442444122273    1.620543678867
               9 C     -0.259162314711   -2.387033656479    2.287044932973
              10 C     -0.799595195064   -3.547468011323    2.853465914481
              11 C     -2.164654040359   -3.781444909601    2.799072462439
              12 C     -2.988815781833   -2.836616389391    2.206239457081
              13 C     -2.452187823057   -1.670029577096    1.630302490165
              14 S     -3.616956062305   -0.544663543616    0.909250468785
              15 C     -2.619371964708    0.912285187025    0.665822821624
              16 C     -3.314423114410    2.096524789250    0.363150488865
              17 C     -2.631602496917    3.285015113316    0.113891369386
              18 C     -1.241140731583    3.299623698591    0.171748904193
              19 C     -0.524433164958    4.506590471071   -0.100317698985
              20 N      0.054592121004    5.473984797373   -0.345937574528
              21 C     -0.544276671025    2.121689666581    0.473388403540
              22 C     -1.211363474016    0.897845375865    0.712453364698
              23 H      0.001518597834   -2.041306295523   -2.678866241581
              24 H      0.678982724522   -2.778484943326   -1.217028476807
              25 H     -0.940076139759   -2.055837258087   -1.191398684034
              26 H      0.006401515869    0.177939796112   -1.589617243491
              27 H      2.722187310189   -1.209750885339   -1.452710309021
              28 H      1.983609398717   -0.664295923035   -2.953836372071
              29 H      2.216991543574    1.624828960628   -3.636426537360
              30 H      0.976646004492    1.990739173014   -2.416486465453
              31 H      2.493276383425    2.875788769466   -2.401842131221
              32 H      4.550764181727    1.833519898272   -1.740751360730
              33 H      4.579169598461    0.166781177796   -1.188364892511
              34 H      4.346740063420    0.515867386910   -2.914199567216
              35 H      1.483541693444    0.358587851970    0.615671667295
              36 H      1.366789358169   -1.349072586695    0.685300862800
              37 H      0.809353167938   -2.219906240362    2.416363286209
              38 H     -0.147876403724   -4.263138787763    3.336365826634
              39 H     -2.590116471600   -4.681584637285    3.234468887831
              40 H     -4.058585019243   -3.017197626057    2.190688540634
              41 H     -4.402420571853    2.094795670910    0.317673963705
              42 H     -3.192500141799    4.188009073395   -0.119835943783
              43 H      0.543818031070    2.183938696214    0.537302211969
