-------------------------------------------------------------
----------------------- !PROPERTIES! ------------------------
-------------------------------------------------------------
# -----------------------------------------------------------
$ PAL_Flags
   description: The PAL Flags
   geom. index: 1
   prop. index: 1
        Diskflag:     2
# -----------------------------------------------------------
$ SCF_Energy
   description: The SCF energy
   geom. index: 1
   prop. index: 1
        SCF Energy:     -788.1928668353
# -----------------------------------------------------------
$ Mayer_Pop
   description: The Mayer population analysis
   geom. index: 1
   prop. index: 1
     Number of atoms                     : 46
     Threshold for printing              : 0.1000000
     Number of bond orders printed       : 47
  NA   - Mulliken gross atomic population
  ZA   - Total nuclear charge
  QA   - Mulliken gross atomic charge
  VA   - Mayer's total valence
  BVA  - Mayer's bonded valence
  FA   - Mayer's free valence
  ATOM       NA         ZA         QA         VA         BVA        FA
  0   0     5.9808     6.0000     0.0192     3.8995     3.8995    -0.0000
  1   0     6.2757     6.0000    -0.2757     4.0015     4.0015    -0.0000
  2   0     5.9693     6.0000     0.0307     3.8755     3.8755    -0.0000
  3   0     6.0272     6.0000    -0.0272     3.8820     3.8820    -0.0000
  4   0     5.6910     6.0000     0.3090     3.8409     3.8409    -0.0000
  5   0     8.6267     8.0000    -0.6267     1.7750     1.7750     0.0000
  6   0     5.6595     6.0000     0.3405     3.8080     3.8080    -0.0000
  7   0     5.7659     6.0000     0.2341     3.8128     3.8128    -0.0000
  8   0     7.6761     7.0000    -0.6761     2.7827     2.7827    -0.0000
  9   0     5.8130     6.0000     0.1870     3.8798     3.8798     0.0000
 10   0     6.0574     6.0000    -0.0574     3.9917     3.9917     0.0000
 11   0     6.0672     6.0000    -0.0672     3.9983     3.9983     0.0000
 12   0     5.8149     6.0000     0.1851     3.8664     3.8664     0.0000
 13   0     6.1799     6.0000    -0.1799     3.8511     3.8511    -0.0000
 14   0     6.0052     6.0000    -0.0052     3.9012     3.9012    -0.0000
 15   0     6.0352     6.0000    -0.0352     3.8652     3.8652    -0.0000
 16   0     6.0385     6.0000    -0.0385     3.8583     3.8583    -0.0000
 17   0     6.0391     6.0000    -0.0391     3.8875     3.8875    -0.0000
 18   0     6.0080     6.0000    -0.0080     3.9143     3.9143    -0.0000
 19   0     0.9715     1.0000     0.0285     0.9819     0.9819    -0.0000
 20   0     0.9772     1.0000     0.0228     0.9812     0.9812    -0.0000
 21   0     0.9761     1.0000     0.0239     0.9844     0.9844    -0.0000
 22   0     0.9764     1.0000     0.0236     0.9580     0.9580    -0.0000
 23   0     0.9623     1.0000     0.0377     0.9967     0.9967    -0.0000
 24   0     0.9756     1.0000     0.0244     0.9876     0.9876    -0.0000
 25   0     0.9833     1.0000     0.0167     0.9792     0.9792    -0.0000
 26   0     0.9744     1.0000     0.0256     0.9764     0.9764     0.0000
 27   0     0.9607     1.0000     0.0393     0.9867     0.9867     0.0000
 28   0     0.9833     1.0000     0.0167     0.9741     0.9741     0.0000
 29   0     0.9965     1.0000     0.0035     0.9744     0.9744     0.0000
 30   0     0.9752     1.0000     0.0248     0.9961     0.9961    -0.0000
 31   0     0.9670     1.0000     0.0330     0.9924     0.9924    -0.0000
 32   0     0.9927     1.0000     0.0073     0.9916     0.9916    -0.0000
 33   0     0.9971     1.0000     0.0029     0.9743     0.9743     0.0000
 34   0     0.9620     1.0000     0.0380     0.9793     0.9793     0.0000
 35   0     0.9601     1.0000     0.0399     0.9706     0.9706     0.0000
 36   0     0.9680     1.0000     0.0320     0.9722     0.9722     0.0000
 37   0     0.9627     1.0000     0.0373     0.9706     0.9706     0.0000
 38   0     0.9675     1.0000     0.0325     0.9718     0.9718     0.0000
 39   0     0.9972     1.0000     0.0028     0.9759     0.9759    -0.0000
 40   0     0.9676     1.0000     0.0324     0.9736     0.9736    -0.0000
 41   0     0.9505     1.0000     0.0495     1.0036     1.0036    -0.0000
 42   0     0.9642     1.0000     0.0358     0.9859     0.9859     0.0000
 43   0     0.9645     1.0000     0.0355     0.9854     0.9854    -0.0000
 44   0     0.9654     1.0000     0.0346     0.9856     0.9856    -0.0000
 45   0     0.9703     1.0000     0.0297     1.0012     1.0012    -0.0000
      Bond orders larger than 0.1000000
           Atom A     A.N. of A          Atom B    A.N. of B              Bond order
                0             6               1            6                1.028888
                0             6              19            1                0.987784
                0             6              20            1                0.986146
                0             6              21            1                0.981892
                1             6               2            6                1.010462
                1             6               3            6                1.008800
                1             6              22            1                0.965574
                2             6              23            1                0.983745
                2             6              24            1                0.979796
                2             6              25            1                0.985074
                3             6               4            6                1.038158
                3             6              26            1                0.973217
                3             6              27            1                0.963506
                4             6               5            8                0.878338
                4             6              28            1                0.974993
                4             6              29            1                0.964053
                5             8               6            6                0.862718
                6             6               7            6                1.014172
                6             6              13            6                0.988712
                6             6              30            1                0.977705
                7             6               8            7                0.936967
                7             6              31            1                0.964071
                7             6              32            1                0.971711
                8             7               9            6                0.923980
                8             7              12            6                0.919239
                9             6              10            6                1.063404
                9             6              33            1                0.964329
                9             6              34            1                0.975396
               10             6              11            6                1.036247
               10             6              35            1                0.967452
               10             6              36            1                0.976213
               11             6              12            6                1.063690
               11             6              37            1                0.970079
               11             6              38            1                0.974084
               12             6              39            1                0.962632
               12             6              40            1                0.973526
               13             6              14            6                1.426865
               13             6              18            6                1.424818
               14             6              15            6                1.417363
               14             6              41            1                0.999888
               15             6              16            6                1.410735
               15             6              42            1                1.001715
               16             6              17            6                1.412802
               16             6              43            1                1.000062
               17             6              18            6                1.428917
               17             6              44            1                1.000243
               18             6              45            1                0.998048
# -----------------------------------------------------------
$ Calculation_Info
   description: Details of the calculation
   geom. index: 1
   prop. index: 1
     Multiplicity:                          1
     Charge:                                0
     number of atoms:                       46
     number of electrons:                   0
     number of frozen core electrons:       1
     number of correlated electrons:        0
     number of basis functions:             401
     number of aux C basis functions:       0
     number of aux J basis functions:       0
     number of aux JK basis functions:      0
     number of aux CABS basis functions:    0
     Total Energy                           -788.192867
# -----------------------------------------------------------
$ SCF_Electric_Properties
   description: The SCF Calculated Electric Properties
   geom. index: 1
   prop. index: 1
       Filename                          : ./ZINC000000000035/ZINC000000000035.scfp 
       Do Dipole Moment Calculation      : true 
       Do Quadrupole Moment Calculation  : false 
       Do Polarizability Calculation     : false 
** Dipole moment part of electric properties **
        Magnitude of dipole moment (Debye) :        2.2372539258
        Electronic Contribution:
                  0    
      0     -11.261687
      1      14.605710
      2      -2.519530
        Nuclear Contribution:
                  0    
      0      11.116062
      1     -15.297390
      2       3.044028
        Total Dipole moment:
                  0    
      0      -0.145625
      1      -0.691680
      2       0.524498
# -------------------------------------------------------------
----------------------- !GEOMETRIES! ------------------------
# -------------------------------------------------------------
------------------------ !GEOMETRY! -------------------------
    Number of atoms:    46 
    Geometry Index:     1 
    Coordinates:
               0 C      5.357143971702   -0.978810397539    0.002000180596
               1 C      3.826726673182   -0.972790490277    0.066927081249
               2 C      3.256510206635   -0.839830075301   -1.345276845168
               3 C      3.355845707987    0.142731096855    1.022927517861
               4 C      1.851985119494    0.151196994158    1.293269241281
               5 O      1.167596055810    0.715309292460    0.178837802197
               6 C     -0.265071484847    0.696061685518    0.330954931784
               7 C     -0.825657429511   -0.615967128442   -0.288583492347
               8 N     -2.188033177160   -0.977933515978    0.141714127133
               9 C     -2.723263059475   -2.097902793958   -0.635012658039
              10 C     -3.933996259459   -2.524879713929    0.178392507631
              11 C     -3.607902662469   -2.123028114228    1.612282893870
              12 C     -2.260265671481   -1.418626240443    1.535450415340
              13 C     -0.853258845117    1.934096894983   -0.331370588275
              14 C     -0.187614749830    2.605533943132   -1.369138693801
              15 C     -0.752666678383    3.732938758864   -1.969155991556
              16 C     -1.993883791898    4.201611824427   -1.544910177163
              17 C     -2.672196874294    3.542200174048   -0.522590517999
              18 C     -2.106905707718    2.415859411995    0.078774275651
              19 H      5.717332406405   -1.794955214311   -0.633390641464
              20 H      5.789261720314   -1.119476074988    0.998443758132
              21 H      5.741083464625   -0.037121083775   -0.405061025183
              22 H      3.506956348417   -1.940403817254    0.474250283142
              23 H      2.177897641805   -1.019068353703   -1.357393804383
              24 H      3.446553372949    0.155911265209   -1.759544561572
              25 H      3.708020589353   -1.576933258935   -2.018368966058
              26 H      3.867833810361    0.009553417511    1.984307682983
              27 H      3.661701850912    1.117710114658    0.622896085382
              28 H      1.655482648526    0.776042751079    2.172298924593
              29 H      1.491597997709   -0.862664992892    1.498501655545
              30 H     -0.493910215826    0.753365307579    1.402783734472
              31 H     -0.812744053642   -0.505883391859   -1.382079438378
              32 H     -0.139101092001   -1.446233604920   -0.076383511755
              33 H     -2.006132302789   -2.926382720407   -0.699051550584
              34 H     -3.005583559205   -1.799688853173   -1.649592074911
              35 H     -4.833076317770   -1.995347138011   -0.158680362885
              36 H     -4.123872681315   -3.599123483708    0.088982292373
              37 H     -4.382118606318   -1.447667729629    1.994516332927
              38 H     -3.564330845285   -2.993373756966    2.275064137414
              39 H     -1.459039836953   -2.127979499568    1.778850927677
              40 H     -2.212331045405   -0.584265749985    2.241581440042
              41 H      0.781459211627    2.252244385215   -1.715701914258
              42 H     -0.222248124715    4.242765640517   -2.768751298563
              43 H     -2.433943040358    5.077301770139   -2.013731132413
              44 H     -3.644605211579    3.900060119129   -0.195581278211
              45 H     -2.657235473011    1.903842346706    0.865342295693
