-------------------------------------------------------------
----------------------- !PROPERTIES! ------------------------
-------------------------------------------------------------
# -----------------------------------------------------------
$ PAL_Flags
   description: The PAL Flags
   geom. index: 1
   prop. index: 1
        Diskflag:     2
# -----------------------------------------------------------
$ SCF_Energy
   description: The SCF energy
   geom. index: 1
   prop. index: 1
        SCF Energy:    -1016.6207597497
# -----------------------------------------------------------
$ Mayer_Pop
   description: The Mayer population analysis
   geom. index: 1
   prop. index: 1
     Number of atoms                     : 55
     Threshold for printing              : 0.1000000
     Number of bond orders printed       : 59
  NA   - Mulliken gross atomic population
  ZA   - Total nuclear charge
  QA   - Mulliken gross atomic charge
  VA   - Mayer's total valence
  BVA  - Mayer's bonded valence
  FA   - Mayer's free valence
  ATOM       NA         ZA         QA         VA         BVA        FA
  0   0     5.8943     6.0000     0.1057     3.8346     3.8346    -0.0000
  1   0     6.4510     6.0000    -0.4510     3.8349     3.8349     0.0000
  2   0     5.7436     6.0000     0.2564     3.7066     3.7066     0.0000
  3   0     6.3497     6.0000    -0.3497     3.9359     3.9359     0.0000
  4   0     5.6862     6.0000     0.3138     3.8054     3.8054    -0.0000
  5   0     8.3774     8.0000    -0.3774     2.1027     2.1027    -0.0000
  6   0     7.0961     7.0000    -0.0961     2.7435     2.7435     0.0000
  7   0     5.9956     6.0000     0.0044     3.9092     3.9092     0.0000
  8   0     5.8148     6.0000     0.1852     3.8536     3.8536    -0.0000
  9   0     6.1809     6.0000    -0.1809     3.8712     3.8712    -0.0000
 10   0     5.9322     6.0000     0.0678     3.8966     3.8966    -0.0000
 11   0     5.9545     6.0000     0.0455     3.9366     3.9366    -0.0000
 12   0     6.0500     6.0000    -0.0500     3.8804     3.8804     0.0000
 13   0     6.1158     6.0000    -0.1158     3.8020     3.8020     0.0000
 14   0     5.9572     6.0000     0.0428     3.9872     3.9872     0.0000
 15   0     5.8399     6.0000     0.1601     3.8488     3.8488     0.0000
 16   0     6.4939     6.0000    -0.4939     3.7102     3.7102     0.0000
 17   0     5.9175     6.0000     0.0825     3.8390     3.8390    -0.0000
 18   0     6.0519     6.0000    -0.0519     3.7931     3.7931    -0.0000
 19   0     5.9440     6.0000     0.0560     3.9993     3.9993    -0.0000
 20   0     5.9066     6.0000     0.0934     3.8660     3.8660    -0.0000
 21   0     6.0073     6.0000    -0.0073     3.8125     3.8125     0.0000
 22   0     5.9281     6.0000     0.0719     3.9080     3.9080     0.0000
 23   0     8.4533     8.0000    -0.4533     1.8942     1.8942    -0.0000
 24   0     0.9700     1.0000     0.0300     0.9875     0.9875    -0.0000
 25   0     0.9686     1.0000     0.0314     0.9867     0.9867    -0.0000
 26   0     0.9653     1.0000     0.0347     0.9878     0.9878    -0.0000
 27   0     0.9576     1.0000     0.0424     0.9874     0.9874     0.0000
 28   0     0.9618     1.0000     0.0382     0.9890     0.9890     0.0000
 29   0     0.9340     1.0000     0.0660     1.0048     1.0048    -0.0000
 30   0     0.9427     1.0000     0.0573     0.9979     0.9979    -0.0000
 31   0     0.9387     1.0000     0.0613     0.9866     0.9866     0.0000
 32   0     0.9655     1.0000     0.0345     0.9641     0.9641    -0.0000
 33   0     0.9814     1.0000     0.0186     0.9753     0.9753     0.0000
 34   0     0.9714     1.0000     0.0286     0.9770     0.9770    -0.0000
 35   0     0.9706     1.0000     0.0294     0.9690     0.9690    -0.0000
 36   0     0.9749     1.0000     0.0251     0.9776     0.9776    -0.0000
 37   0     0.9817     1.0000     0.0183     0.9649     0.9649     0.0000
 38   0     0.9843     1.0000     0.0157     0.9719     0.9719     0.0000
 39   0     0.9755     1.0000     0.0245     0.9736     0.9736     0.0000
 40   0     0.9726     1.0000     0.0274     0.9729     0.9729    -0.0000
 41   0     0.9999     1.0000     0.0001     0.9963     0.9963     0.0000
 42   0     0.9844     1.0000     0.0156     0.9786     0.9786     0.0000
 43   0     0.9689     1.0000     0.0311     0.9914     0.9914    -0.0000
 44   0     0.9720     1.0000     0.0280     0.9888     0.9888    -0.0000
 45   0     0.9677     1.0000     0.0323     0.9839     0.9839    -0.0000
 46   0     0.9528     1.0000     0.0472     0.9821     0.9821     0.0000
 47   0     0.9739     1.0000     0.0261     0.9716     0.9716    -0.0000
 48   0     0.9755     1.0000     0.0245     0.9748     0.9748    -0.0000
 49   0     0.9753     1.0000     0.0247     0.9788     0.9788    -0.0000
 50   0     0.9587     1.0000     0.0413     0.9908     0.9908    -0.0000
 51   0     0.9842     1.0000     0.0158     0.9871     0.9871     0.0000
 52   0     0.9672     1.0000     0.0328     0.9895     0.9895     0.0000
 53   0     0.9563     1.0000     0.0437     0.9886     0.9886     0.0000
 54   0     0.8048     1.0000     0.1952     0.9974     0.9974     0.0000
      Bond orders larger than 0.1000000
           Atom A     A.N. of A          Atom B    A.N. of B              Bond order
                0             6               1            6                0.985686
                0             6              24            1                0.983021
                0             6              25            1                0.978591
                0             6              26            1                0.985216
                1             6               2            6                0.979824
                1             6               9            6                0.980152
                1             6              13            6                0.983688
                2             6               3            6                0.943470
                2             6              27            1                0.958346
                2             6              28            1                0.965384
                3             6               4            6                1.689731
                3             6               7            6                1.234853
                4             6               5            8                1.064000
                4             6              29            1                1.001456
                5             8               6            7                0.922498
                6             7               7            6                1.696551
                7             6               8            6                0.978175
                8             6               9            6                1.045361
                8             6              30            1                0.962747
                8             6              31            1                0.962841
                9             6              10            6                1.014343
                9             6              32            1                0.956063
               10             6              11            6                1.049060
               10             6              33            1                0.959548
               10             6              34            1                0.973512
               11             6              12            6                1.028507
               11             6              35            1                0.966544
               11             6              36            1                0.969515
               12             6              13            6                0.995141
               12             6              18            6                1.017081
               12             6              37            1                0.944002
               13             6              14            6                1.043126
               13             6              38            1                0.933411
               14             6              15            6                1.074777
               14             6              39            1                0.976267
               14             6              40            1                0.950539
               15             6              16            6                0.955530
               15             6              41            1                0.962420
               15             6              42            1                0.971599
               16             6              17            6                0.978115
               16             6              18            6                0.961387
               16             6              21            6                0.942389
               17             6              43            1                0.982257
               17             6              44            1                0.986159
               17             6              45            1                0.977598
               18             6              19            6                1.043296
               18             6              46            1                0.939253
               19             6              20            6                1.083583
               19             6              47            1                0.959564
               19             6              48            1                0.962965
               20             6              21            6                0.994074
               20             6              49            1                0.973964
               20             6              50            1                0.944671
               21             6              22            6                1.040652
               21             6              23            8                0.902880
               22             6              51            1                0.979591
               22             6              52            1                0.968555
               22             6              53            1                0.981945
               23             8              54            1                0.970849
# -----------------------------------------------------------
$ Calculation_Info
   description: Details of the calculation
   geom. index: 1
   prop. index: 1
     Multiplicity:                          1
     Charge:                                0
     number of atoms:                       55
     number of electrons:                   0
     number of frozen core electrons:       1
     number of correlated electrons:        0
     number of basis functions:             491
     number of aux C basis functions:       0
     number of aux J basis functions:       0
     number of aux JK basis functions:      0
     number of aux CABS basis functions:    0
     Total Energy                           -1016.620760
# -----------------------------------------------------------
$ SCF_Electric_Properties
   description: The SCF Calculated Electric Properties
   geom. index: 1
   prop. index: 1
       Filename                          : ./ZINC000000000040/ZINC000000000040.scfp 
       Do Dipole Moment Calculation      : true 
       Do Quadrupole Moment Calculation  : false 
       Do Polarizability Calculation     : false 
** Dipole moment part of electric properties **
        Magnitude of dipole moment (Debye) :        4.7642898738
        Electronic Contribution:
                  0    
      0      27.151375
      1       1.756378
      2       3.424799
        Nuclear Contribution:
                  0    
      0     -28.835572
      1      -0.942960
      2      -3.301829
        Total Dipole moment:
                  0    
      0      -1.684198
      1       0.813418
      2       0.122971
# -------------------------------------------------------------
----------------------- !GEOMETRIES! ------------------------
# -------------------------------------------------------------
------------------------ !GEOMETRY! -------------------------
    Number of atoms:    55 
    Geometry Index:     1 
    Coordinates:
               0 C      2.438040955285    0.839167808007   -1.835688764992
               1 C      2.047273565071    0.331608768548   -0.428154355013
               2 C      2.734846846403    1.250314437793    0.645772334998
               3 C      4.129521069756    0.864833050425    0.940821441669
               4 C      5.132547382662    1.525480726890    1.600964666189
               5 O      6.237252055556    0.736343149393    1.650800893712
               6 N      5.970113857748   -0.469268077464    1.014731326958
               7 C      4.703627784548   -0.371208455427    0.603040204107
               8 C      4.025280129372   -1.428961532447   -0.172210657039
               9 C      2.501439092152   -1.190138766192   -0.322196732830
              10 C      1.678920494434   -1.928060607684    0.751703488447
              11 C      0.186407705718   -2.000257511108    0.366812197182
              12 C     -0.224845790213   -0.877599438011   -0.600346620392
              13 C      0.489063857840    0.430542165165   -0.186201731322
              14 C     -0.222299211501    1.664967698873   -0.763207718637
              15 C     -1.680815774165    1.802214356769   -0.265701753221
              16 C     -2.389819923679    0.451453134726    0.019254385344
              17 C     -2.347998498614    0.165547881696    1.543892165842
              18 C     -1.727657436541   -0.660803797842   -0.826737416042
              19 C     -2.687168699804   -1.844014173003   -0.731473964427
              20 C     -4.084321584477   -1.203980547412   -0.593608287738
              21 C     -3.859113977768    0.326209897823   -0.505903943752
              22 C     -4.936359404239    1.021644448075    0.321735079853
              23 O     -3.958143122579    0.823768611600   -1.848857777151
              24 H      1.902940661982    0.288093048171   -2.616646259305
              25 H      2.209846983490    1.902594727794   -1.962937258901
              26 H      3.510257600035    0.720603931369   -2.024183223136
              27 H      2.193637818023    1.192912769143    1.599092369046
              28 H      2.691742186874    2.300441776386    0.331611865991
              29 H      5.227276523904    2.491091519340    2.074475785474
              30 H      4.220459391522   -2.413953591113    0.267683825391
              31 H      4.472953440772   -1.444992260496   -1.174960674483
              32 H      2.249456345553   -1.688433027187   -1.270793946110
              33 H      1.786266134609   -1.418796667073    1.717309567323
              34 H      2.050390031647   -2.949259309939    0.897674139727
              35 H     -0.011259137259   -2.967305576495   -0.112371770201
              36 H     -0.411988135783   -1.981383911248    1.283794152682
              37 H      0.156016075743   -1.171491924253   -1.589593910105
              38 H      0.365154252393    0.516536728803    0.899292536912
              39 H      0.320533376816    2.581364695527   -0.504814255822
              40 H     -0.234192667801    1.604279025331   -1.858680308112
              41 H     -2.225712370604    2.400317439523   -1.003143410329
              42 H     -1.679542129327    2.415080332646    0.645144633631
              43 H     -1.333943446578    0.114358661957    1.941975904298
              44 H     -2.838574006733   -0.775871521760    1.809492404005
              45 H     -2.853702539705    0.962119314438    2.101619178549
              46 H     -1.787469410657   -0.330909834380   -1.878364589316
              47 H     -2.626346781663   -2.482301865962   -1.619123944469
              48 H     -2.487226959165   -2.474201429528    0.140933474550
              49 H     -4.567290366431   -1.595595876080    0.309144079831
              50 H     -4.711038608158   -1.473771440737   -1.451225509248
              51 H     -4.716676509988    2.090103899052    0.423902199409
              52 H     -5.039342742378    0.592189657792    1.322537319274
              53 H     -5.910389354086    0.948895718778   -0.175846558616
              54 H     -4.078027030008    1.787481761009   -1.812080199402
