-------------------------------------------------------------
----------------------- !PROPERTIES! ------------------------
-------------------------------------------------------------
# -----------------------------------------------------------
$ PAL_Flags
   description: The PAL Flags
   geom. index: 1
   prop. index: 1
        Diskflag:     2
# -----------------------------------------------------------
$ SCF_Energy
   description: The SCF energy
   geom. index: 1
   prop. index: 1
        SCF Energy:    -1132.0082170078
# -----------------------------------------------------------
$ Mayer_Pop
   description: The Mayer population analysis
   geom. index: 1
   prop. index: 1
     Number of atoms                     : 40
     Threshold for printing              : 0.1000000
     Number of bond orders printed       : 42
  NA   - Mulliken gross atomic population
  ZA   - Total nuclear charge
  QA   - Mulliken gross atomic charge
  VA   - Mayer's total valence
  BVA  - Mayer's bonded valence
  FA   - Mayer's free valence
  ATOM       NA         ZA         QA         VA         BVA        FA
  0   0    17.1426    17.0000    -0.1426     1.0238     1.0238     0.0000
  1   0     5.9746     6.0000     0.0254     3.7948     3.7948    -0.0000
  2   0     6.0040     6.0000    -0.0040     3.9382     3.9382    -0.0000
  3   0     6.0234     6.0000    -0.0234     3.9056     3.9056    -0.0000
  4   0     6.1578     6.0000    -0.1578     3.8333     3.8333     0.0000
  5   0     5.8516     6.0000     0.1484     3.8595     3.8595     0.0000
  6   0     6.3099     6.0000    -0.3099     3.9470     3.9470     0.0000
  7   0     5.9723     6.0000     0.0277     3.9064     3.9064     0.0000
  8   0     5.9295     6.0000     0.0705     3.9222     3.9222    -0.0000
  9   0     5.9837     6.0000     0.0163     3.8431     3.8431    -0.0000
 10   0     6.0093     6.0000    -0.0093     3.8534     3.8534    -0.0000
 11   0     6.0278     6.0000    -0.0278     3.9353     3.9353    -0.0000
 12   0     6.0665     6.0000    -0.0665     3.9210     3.9210    -0.0000
 13   0     5.8252     6.0000     0.1748     3.8828     3.8828    -0.0000
 14   0     7.6518     7.0000    -0.6518     2.7786     2.7786    -0.0000
 15   0     5.6871     6.0000     0.3129     3.7240     3.7240    -0.0000
 16   0     6.0191     6.0000    -0.0191     3.8874     3.8874     0.0000
 17   0     6.0035     6.0000    -0.0035     3.9429     3.9429    -0.0000
 18   0     0.9548     1.0000     0.0452     1.0000     1.0000    -0.0000
 19   0     0.9604     1.0000     0.0396     0.9938     0.9938     0.0000
 20   0     0.9715     1.0000     0.0285     0.9883     0.9883    -0.0000
 21   0     0.9632     1.0000     0.0368     0.9824     0.9824     0.0000
 22   0     0.9668     1.0000     0.0332     0.9680     0.9680     0.0000
 23   0     0.9760     1.0000     0.0240     0.9755     0.9755    -0.0000
 24   0     0.9712     1.0000     0.0288     0.9768     0.9768    -0.0000
 25   0     0.9773     1.0000     0.0227     0.9813     0.9813     0.0000
 26   0     0.9722     1.0000     0.0278     0.9715     0.9715     0.0000
 27   0     0.9763     1.0000     0.0237     0.9711     0.9711    -0.0000
 28   0     0.9784     1.0000     0.0216     0.9785     0.9785     0.0000
 29   0     0.9738     1.0000     0.0262     0.9723     0.9723     0.0000
 30   0     0.9794     1.0000     0.0206     0.9719     0.9719    -0.0000
 31   0     0.9688     1.0000     0.0312     0.9714     0.9714    -0.0000
 32   0     0.9699     1.0000     0.0301     0.9732     0.9732     0.0000
 33   0     0.9717     1.0000     0.0283     0.9754     0.9754     0.0000
 34   0     0.9771     1.0000     0.0229     0.9800     0.9800     0.0000
 35   0     0.9713     1.0000     0.0287     0.9815     0.9815    -0.0000
 36   0     0.9863     1.0000     0.0137     0.9913     0.9913    -0.0000
 37   0     0.9782     1.0000     0.0218     0.9781     0.9781     0.0000
 38   0     0.9608     1.0000     0.0392     0.9934     0.9934    -0.0000
 39   0     0.9548     1.0000     0.0452     1.0001     1.0001    -0.0000
      Bond orders larger than 0.1000000
           Atom A     A.N. of A          Atom B    A.N. of B              Bond order
                0            17               1            6                0.944469
                1             6               2            6                1.412892
                1             6              17            6                1.402484
                2             6               3            6                1.420485
                2             6              18            1                1.001915
                3             6               4            6                1.422189
                3             6              19            1                1.000116
                4             6               5            6                1.001254
                4             6              16            6                1.399910
                5             6               6            6                1.026812
                5             6              20            1                0.969472
                5             6              21            1                0.971131
                6             6               7            6                1.016078
                6             6              15            6                0.977359
                6             6              22            1                0.959292
                7             6               8            6                1.051639
                7             6              23            1                0.977095
                7             6              24            1                0.959244
                8             6               9            6                1.010787
                8             6              25            1                0.975457
                8             6              26            1                0.975308
                9             6              10            6                0.989673
                9             6              14            7                0.941190
                9             6              27            1                0.967540
               10             6              11            6                1.032635
               10             6              28            1                0.963826
               10             6              29            1                0.968530
               11             6              12            6                1.022055
               11             6              30            1                0.973340
               11             6              31            1                0.980011
               12             6              13            6                1.022177
               12             6              32            1                0.974223
               12             6              33            1                0.968156
               13             6              14            7                0.951493
               13             6              34            1                0.977372
               13             6              35            1                0.981368
               14             7              15            6                0.912926
               15             6              36            1                0.969497
               15             6              37            1                0.972244
               16             6              17            6                1.435372
               16             6              38            1                0.999369
               17             6              39            1                1.002152
# -----------------------------------------------------------
$ Calculation_Info
   description: Details of the calculation
   geom. index: 1
   prop. index: 1
     Multiplicity:                          1
     Charge:                                0
     number of atoms:                       40
     number of electrons:                   0
     number of frozen core electrons:       1
     number of correlated electrons:        0
     number of basis functions:             366
     number of aux C basis functions:       0
     number of aux J basis functions:       0
     number of aux JK basis functions:      0
     number of aux CABS basis functions:    0
     Total Energy                           -1132.008217
# -----------------------------------------------------------
$ SCF_Electric_Properties
   description: The SCF Calculated Electric Properties
   geom. index: 1
   prop. index: 1
       Filename                          : ./ZINC000000000172/ZINC000000000172.scfp 
       Do Dipole Moment Calculation      : true 
       Do Quadrupole Moment Calculation  : false 
       Do Polarizability Calculation     : false 
** Dipole moment part of electric properties **
        Magnitude of dipole moment (Debye) :        1.8654435671
        Electronic Contribution:
                  0    
      0      36.365269
      1      10.678440
      2       9.377866
        Nuclear Contribution:
                  0    
      0     -36.917876
      1     -10.930049
      2      -9.790102
        Total Dipole moment:
                  0    
      0      -0.552607
      1      -0.251609
      2      -0.412236
# -------------------------------------------------------------
----------------------- !GEOMETRIES! ------------------------
# -------------------------------------------------------------
------------------------ !GEOMETRY! -------------------------
    Number of atoms:    40 
    Geometry Index:     1 
    Coordinates:
               0 Cl     5.549686700625    2.546864703046    1.745804528847
               1 C      4.466369045740    1.376246804933    1.100215901475
               2 C      4.017329802181    0.331080728544    1.904019956389
               3 C      3.137058136702   -0.618574248959    1.380578041512
               4 C      2.701336080989   -0.526676209613    0.051232514390
               5 C      1.737991674858   -1.545531506261   -0.512726293600
               6 C      0.309806055095   -0.999372384334   -0.699481555254
               7 C     -0.563811903453   -2.010130072657   -1.438389080492
               8 C     -1.942416285820   -1.413493221986   -1.725434459422
               9 C     -2.476670855502   -0.487206399086   -0.613788753819
              10 C     -2.461182917775    0.998926963870   -1.016343618529
              11 C     -3.087041052942    1.863360538335    0.077344987342
              12 C     -2.446997202738    1.587747761397    1.434313438015
              13 C     -2.403658096699    0.088005674230    1.745681757462
              14 N     -1.810982140364   -0.720393996124    0.672079337930
              15 C     -0.343778665954   -0.620069509271    0.646626683067
              16 C      3.163300463064    0.530426664063   -0.746113079530
              17 C      4.043631684429    1.479859596599   -0.222833934264
              18 H      4.347158423989    0.249238675532    2.936081210267
              19 H      2.792174184508   -1.429503266601    2.018905910242
              20 H      1.719304625795   -2.437793618971    0.126658852304
              21 H      2.135368374003   -1.884653953626   -1.478745071450
              22 H      0.365071761906   -0.096634484067   -1.322946142621
              23 H     -0.098673583523   -2.317159540516   -2.382530477323
              24 H     -0.675727272380   -2.919268362093   -0.833229231952
              25 H     -1.905458961166   -0.871278108666   -2.678488942101
              26 H     -2.642162186560   -2.245700468594   -1.875476687327
              27 H     -3.534698302914   -0.761299894823   -0.489889263724
              28 H     -1.438933994441    1.342875689913   -1.210648175577
              29 H     -3.024155506879    1.140469739357   -1.946763520415
              30 H     -4.162068987122    1.651989294119    0.134842040148
              31 H     -2.983845057193    2.923865458789   -0.177670617822
              32 H     -3.011329281708    2.107603482691    2.217123015044
              33 H     -1.434696068019    2.007904987704    1.449681501717
              34 H     -3.427813238409   -0.266800399187    1.919931514716
              35 H     -1.870612716506   -0.081360815326    2.689414430580
              36 H      0.031621557885   -1.278679864132    1.439760717866
              37 H     -0.004619784092    0.391342948713    0.900504238962
              38 H      2.839812415460    0.619612730600   -1.781126689254
              39 H      4.394313074930    2.294157882459   -0.850895793877
