-------------------------------------------------------------
----------------------- !PROPERTIES! ------------------------
-------------------------------------------------------------
# -----------------------------------------------------------
$ PAL_Flags
   description: The PAL Flags
   geom. index: 1
   prop. index: 1
        Diskflag:     2
# -----------------------------------------------------------
$ SCF_Energy
   description: The SCF energy
   geom. index: 1
   prop. index: 1
        SCF Energy:    -1212.2630988550
# -----------------------------------------------------------
$ Mayer_Pop
   description: The Mayer population analysis
   geom. index: 1
   prop. index: 1
     Number of atoms                     : 39
     Threshold for printing              : 0.1000000
     Number of bond orders printed       : 41
  NA   - Mulliken gross atomic population
  ZA   - Total nuclear charge
  QA   - Mulliken gross atomic charge
  VA   - Mayer's total valence
  BVA  - Mayer's bonded valence
  FA   - Mayer's free valence
  ATOM       NA         ZA         QA         VA         BVA        FA
  0   0     5.7479     6.0000     0.2521     3.7921     3.7921    -0.0000
  1   0     8.6016     8.0000    -0.6016     1.8593     1.8593     0.0000
  2   0     5.7857     6.0000     0.2143     3.7274     3.7274     0.0000
  3   0     5.7463     6.0000     0.2537     3.9032     3.9032     0.0000
  4   0     8.3697     8.0000    -0.3697     2.0749     2.0749     0.0000
  5   0     6.0435     6.0000    -0.0435     3.9596     3.9596    -0.0000
  6   0     6.2491     6.0000    -0.2491     3.8093     3.8093     0.0000
  7   0     6.1073     6.0000    -0.1073     3.7744     3.7744     0.0000
  8   0     5.7580     6.0000     0.2420     3.9261     3.9261    -0.0000
  9   0     8.4282     8.0000    -0.4282     2.0143     2.0143    -0.0000
 10   0     5.6898     6.0000     0.3102     3.8346     3.8346    -0.0000
 11   0     8.6489     8.0000    -0.6489     1.7406     1.7406     0.0000
 12   0     5.8033     6.0000     0.1967     3.7350     3.7350    -0.0000
 13   0     5.6750     6.0000     0.3250     3.8947     3.8947     0.0000
 14   0     8.4602     8.0000    -0.4602     1.9226     1.9226     0.0000
 15   0     5.8735     6.0000     0.1265     3.7699     3.7699     0.0000
 16   0     8.4731     8.0000    -0.4731     1.8979     1.8979    -0.0000
 17   0     5.7445     6.0000     0.2555     3.8320     3.8320    -0.0000
 18   0     8.4747     8.0000    -0.4747     1.9253     1.9253    -0.0000
 19   0     5.7343     6.0000     0.2657     3.7549     3.7549     0.0000
 20   0     8.5699     8.0000    -0.5699     1.8428     1.8428     0.0000
 21   0     5.3433     6.0000     0.6567     4.0312     4.0312    -0.0000
 22   0     8.3783     8.0000    -0.3783     2.1174     2.1174     0.0000
 23   0     0.9569     1.0000     0.0431     0.9882     0.9882     0.0000
 24   0     0.9602     1.0000     0.0398     0.9825     0.9825     0.0000
 25   0     0.9500     1.0000     0.0500     0.9952     0.9952    -0.0000
 26   0     0.7726     1.0000     0.2274     0.9965     0.9965    -0.0000
 27   0     0.9255     1.0000     0.0745     1.0152     1.0152     0.0000
 28   0     0.7563     1.0000     0.2437     0.9889     0.9889     0.0000
 29   0     0.9183     1.0000     0.0817     0.9999     0.9999    -0.0000
 30   0     0.9426     1.0000     0.0574     0.9903     0.9903     0.0000
 31   0     0.9694     1.0000     0.0306     0.9817     0.9817    -0.0000
 32   0     0.9827     1.0000     0.0173     0.9880     0.9880    -0.0000
 33   0     0.7924     1.0000     0.2076     0.9855     0.9855     0.0000
 34   0     0.9221     1.0000     0.0779     1.0057     1.0057    -0.0000
 35   0     0.7810     1.0000     0.2190     0.9916     0.9916     0.0000
 36   0     0.9454     1.0000     0.0546     0.9952     0.9952    -0.0000
 37   0     0.7805     1.0000     0.2195     0.9823     0.9823     0.0000
 38   0     0.9380     1.0000     0.0620     0.9973     0.9973     0.0000
      Bond orders larger than 0.1000000
           Atom A     A.N. of A          Atom B    A.N. of B              Bond order
                0             6               1            8                0.828198
                0             6              23            1                0.988495
                0             6              24            1                0.991236
                0             6              25            1                0.990981
                1             8               2            6                0.988898
                2             6               3            6                1.324733
                2             6               8            6                1.359900
                3             6               4            8                1.115950
                3             6               5            6                1.415755
                4             8              26            1                0.941671
                5             6               6            6                1.383741
                5             6              27            1                1.024935
                6             6               7            6                1.420587
                6             6              21            6                0.962057
                7             6               8            6                1.399533
                7             6              10            6                0.932470
                8             6               9            8                1.060230
                9             8              28            1                0.928784
               10             6              11            8                0.869734
               10             6              19            6                1.022659
               10             6              29            1                0.970941
               11             8              12            6                0.833162
               12             6              13            6                1.022380
               12             6              15            6                0.985820
               12             6              30            1                0.963975
               13             6              14            8                0.951690
               13             6              31            1                0.975096
               13             6              32            1                0.967287
               14             8              33            1                0.964328
               15             6              16            8                0.900492
               15             6              17            6                0.998848
               15             6              34            1                0.967575
               16             8              35            1                0.955338
               17             6              18            8                0.940198
               17             6              19            6                0.989101
               17             6              36            1                0.966038
               18             8              37            1                0.959893
               19             6              20            8                0.792958
               19             6              38            1                0.951498
               20             8              21            6                1.018732
               21             6              22            8                2.062674
# -----------------------------------------------------------
$ Calculation_Info
   description: Details of the calculation
   geom. index: 1
   prop. index: 1
     Multiplicity:                          1
     Charge:                                0
     number of atoms:                       39
     number of electrons:                   0
     number of frozen core electrons:       1
     number of correlated electrons:        0
     number of basis functions:             402
     number of aux C basis functions:       0
     number of aux J basis functions:       0
     number of aux JK basis functions:      0
     number of aux CABS basis functions:    0
     Total Energy                           -1212.263099
# -----------------------------------------------------------
$ SCF_Electric_Properties
   description: The SCF Calculated Electric Properties
   geom. index: 1
   prop. index: 1
       Filename                          : ./ZINC000000000079/ZINC000000000079.scfp 
       Do Dipole Moment Calculation      : true 
       Do Quadrupole Moment Calculation  : false 
       Do Polarizability Calculation     : false 
** Dipole moment part of electric properties **
        Magnitude of dipole moment (Debye) :        5.5383397864
        Electronic Contribution:
                  0    
      0       4.216246
      1     -11.540997
      2      -4.260993
        Nuclear Contribution:
                  0    
      0      -4.532244
      1      13.632381
      2       4.784340
        Total Dipole moment:
                  0    
      0      -0.315998
      1       2.091384
      2       0.523347
# -------------------------------------------------------------
----------------------- !GEOMETRIES! ------------------------
# -------------------------------------------------------------
------------------------ !GEOMETRY! -------------------------
    Number of atoms:    39 
    Geometry Index:     1 
    Coordinates:
               0 C      4.650616714855    1.061002772225    1.011866579572
               1 O      4.548338188482    0.010181666000    0.058736751827
               2 C      3.308259151900   -0.538970102527   -0.142835211174
               3 C      3.341561647768   -1.779368563245   -0.789320296884
               4 O      4.540497852131   -2.336017106731   -1.147991725653
               5 C      2.183149106750   -2.477810200691   -1.101528384432
               6 C      0.939992757472   -1.944311308977   -0.745319689087
               7 C      0.866983109421   -0.717031092756   -0.073719714528
               8 C      2.057817192587   -0.000477308241    0.177884903912
               9 O      1.962148736207    1.258967511905    0.710126473654
              10 C     -0.459431178205   -0.187822771165    0.391065629543
              11 O     -0.752926241761    0.989454144680   -0.365934428454
              12 C     -1.871084760290    1.737226584957    0.171205899934
              13 C     -2.416988417142    2.584521999983   -0.986835048417
              14 O     -3.464576289441    3.437197576022   -0.551222992593
              15 C     -2.964428377706    0.834067739250    0.787747178468
              16 O     -2.685072141703    0.619491063742    2.185661930800
              17 C     -2.950919190323   -0.532420035486    0.106516402515
              18 O     -3.977538104046   -1.355192837767    0.684832093575
              19 C     -1.584060771298   -1.221895280125    0.279912496850
              20 O     -1.463997764032   -2.109745370165   -0.854113466302
              21 C     -0.278033362605   -2.677679895915   -1.166624026274
              22 O     -0.218571974555   -3.708720274239   -1.820539108998
              23 H      4.151484348341    0.809339456310    1.953533778677
              24 H      5.713389105506    1.198954039419    1.235093823933
              25 H      4.284264394286    2.002681063603    0.592602482794
              26 H      5.216678958317   -1.686485015727   -0.870396738643
              27 H      2.255904076174   -3.426752638723   -1.628750354354
              28 H      1.137268766297    1.659971545158    0.372333005189
              29 H     -0.346398761519    0.098803083205    1.445581034510
              30 H     -1.478189029940    2.406147046098    0.947119174687
              31 H     -1.614562027111    3.200576708347   -1.408223869864
              32 H     -2.791347380808    1.944836229054   -1.793672984191
              33 H     -3.717133056680    3.994458029197   -1.308890932349
              34 H     -3.955491531105    1.297520442338    0.749893729192
              35 H     -3.408608907627    0.038296897268    2.499429048257
              36 H     -3.202175105282   -0.417628225595   -0.955112488122
              37 H     -3.972777043437   -2.194416856846    0.184521123114
              38 H     -1.584042689880   -1.870950713841    1.165367919315
