-------------------------------------------------------------
----------------------- !PROPERTIES! ------------------------
-------------------------------------------------------------
# -----------------------------------------------------------
$ PAL_Flags
   description: The PAL Flags
   geom. index: 1
   prop. index: 1
        Diskflag:     2
# -----------------------------------------------------------
$ SCF_Energy
   description: The SCF energy
   geom. index: 1
   prop. index: 1
        SCF Energy:    -1085.8919408548
# -----------------------------------------------------------
$ Mayer_Pop
   description: The Mayer population analysis
   geom. index: 1
   prop. index: 1
     Number of atoms                     : 47
     Threshold for printing              : 0.1000000
     Number of bond orders printed       : 50
  NA   - Mulliken gross atomic population
  ZA   - Total nuclear charge
  QA   - Mulliken gross atomic charge
  VA   - Mayer's total valence
  BVA  - Mayer's bonded valence
  FA   - Mayer's free valence
  ATOM       NA         ZA         QA         VA         BVA        FA
  0   0     5.7506     6.0000     0.2494     3.8153     3.8153    -0.0000
  1   0     8.5681     8.0000    -0.5681     1.8759     1.8759     0.0000
  2   0     5.8011     6.0000     0.1989     3.7028     3.7028    -0.0000
  3   0     6.0012     6.0000    -0.0012     3.8674     3.8674    -0.0000
  4   0     6.1049     6.0000    -0.1049     3.7320     3.7320     0.0000
  5   0     5.7518     6.0000     0.2482     3.7584     3.7584    -0.0000
  6   0     5.8868     6.0000     0.1132     3.8574     3.8574     0.0000
  7   0     6.1584     6.0000    -0.1584     3.9091     3.9091     0.0000
  8   0     6.0409     6.0000    -0.0409     3.9280     3.9280     0.0000
  9   0     6.1125     6.0000    -0.1125     3.8629     3.8629    -0.0000
 10   0     5.7071     6.0000     0.2929     3.6721     3.6721     0.0000
 11   0     8.6031     8.0000    -0.6031     1.8519     1.8519    -0.0000
 12   0     5.7685     6.0000     0.2315     3.8250     3.8250     0.0000
 13   0     5.7931     6.0000     0.2069     4.0398     4.0398     0.0000
 14   0     8.3962     8.0000    -0.3962     2.0550     2.0550    -0.0000
 15   0     6.0206     6.0000    -0.0206     3.7778     3.7778    -0.0000
 16   0     6.4558     6.0000    -0.4558     3.7537     3.7537     0.0000
 17   0     5.8940     6.0000     0.1060     3.7889     3.7889    -0.0000
 18   0     5.7858     6.0000     0.2142     3.8908     3.8908     0.0000
 19   0     7.6868     7.0000    -0.6868     2.7806     2.7806    -0.0000
 20   0     5.8199     6.0000     0.1801     3.8780     3.8780     0.0000
 21   0     5.8161     6.0000     0.1839     3.7133     3.7133     0.0000
 22   0     5.8024     6.0000     0.1976     3.9359     3.9359    -0.0000
 23   0     8.3948     8.0000    -0.3948     2.0648     2.0648     0.0000
 24   0     0.9722     1.0000     0.0278     0.9820     0.9820     0.0000
 25   0     0.9440     1.0000     0.0560     0.9943     0.9943    -0.0000
 26   0     0.9821     1.0000     0.0179     0.9859     0.9859    -0.0000
 27   0     0.9444     1.0000     0.0556     1.0051     1.0051    -0.0000
 28   0     0.9350     1.0000     0.0650     0.9746     0.9746    -0.0000
 29   0     0.9758     1.0000     0.0242     0.9757     0.9757    -0.0000
 30   0     0.9587     1.0000     0.0413     0.9869     0.9869    -0.0000
 31   0     0.9517     1.0000     0.0483     0.9784     0.9784     0.0000
 32   0     0.9753     1.0000     0.0247     0.9953     0.9953     0.0000
 33   0     0.9673     1.0000     0.0327     0.9959     0.9959    -0.0000
 34   0     0.9597     1.0000     0.0403     0.9811     0.9811     0.0000
 35   0     0.9603     1.0000     0.0397     0.9810     0.9810    -0.0000
 36   0     0.9462     1.0000     0.0538     0.9869     0.9869     0.0000
 37   0     0.7699     1.0000     0.2301     0.9970     0.9970    -0.0000
 38   0     0.9690     1.0000     0.0310     0.9848     0.9848    -0.0000
 39   0     0.9522     1.0000     0.0478     0.9814     0.9814     0.0000
 40   0     0.9720     1.0000     0.0280     0.9830     0.9830    -0.0000
 41   0     0.9715     1.0000     0.0285     0.9840     0.9840     0.0000
 42   0     0.9727     1.0000     0.0273     0.9819     0.9819    -0.0000
 43   0     0.9675     1.0000     0.0325     0.9824     0.9824     0.0000
 44   0     0.9914     1.0000     0.0086     0.9746     0.9746    -0.0000
 45   0     0.9365     1.0000     0.0635     0.9944     0.9944    -0.0000
 46   0     0.9040     1.0000     0.0960     1.0228     1.0228    -0.0000
      Bond orders larger than 0.1000000
           Atom A     A.N. of A          Atom B    A.N. of B              Bond order
                0             6               1            8                0.848051
                0             6              24            1                0.990839
                0             6              25            1                0.989990
                0             6              26            1                0.985199
                1             8               2            6                0.993650
                2             6               3            6                1.859001
                2             6              22            6                0.899110
                3             6               4            6                0.989013
                3             6              27            1                0.982312
                4             6               5            6                1.007670
                4             6              16            6                0.962984
                4             6              28            1                0.940070
                5             6               6            6                1.042064
                5             6              19            7                0.902569
                5             6              29            1                0.967140
                6             6               7            6                0.949649
                6             6              30            1                0.967809
                6             6              31            1                0.956006
                7             6               8            6                1.457970
                7             6              15            6                1.438019
                8             6               9            6                1.395535
                8             6              32            1                1.004936
                9             6              10            6                1.370239
                9             6              33            1                1.011368
               10             6              11            8                0.938895
               10             6              13            6                1.367167
               11             8              12            6                0.854941
               12             6              34            1                0.985851
               12             6              35            1                0.985942
               12             6              36            1                0.992990
               13             6              14            8                1.109170
               13             6              15            6                1.467201
               14             8              37            1                0.933767
               15             6              16            6                0.913895
               16             6              17            6                0.903832
               16             6              21            6                1.011300
               17             6              18            6                1.054619
               17             6              38            1                0.974698
               17             6              39            1                0.967699
               18             6              19            7                0.937492
               18             6              40            1                0.967687
               18             6              41            1                0.980774
               19             7              20            6                0.943721
               20             6              42            1                0.990060
               20             6              43            1                0.989453
               20             6              44            1                0.977323
               21             6              22            6                0.987794
               21             6              45            1                0.949988
               21             6              46            1                0.956731
               22             6              23            8                1.997952
# -----------------------------------------------------------
$ Calculation_Info
   description: Details of the calculation
   geom. index: 1
   prop. index: 1
     Multiplicity:                          1
     Charge:                                0
     number of atoms:                       47
     number of electrons:                   0
     number of frozen core electrons:       1
     number of correlated electrons:        0
     number of basis functions:             451
     number of aux C basis functions:       0
     number of aux J basis functions:       0
     number of aux JK basis functions:      0
     number of aux CABS basis functions:    0
     Total Energy                           -1085.891941
# -----------------------------------------------------------
$ SCF_Electric_Properties
   description: The SCF Calculated Electric Properties
   geom. index: 1
   prop. index: 1
       Filename                          : ./ZINC000000000181/ZINC000000000181.scfp 
       Do Dipole Moment Calculation      : true 
       Do Quadrupole Moment Calculation  : false 
       Do Polarizability Calculation     : false 
** Dipole moment part of electric properties **
        Magnitude of dipole moment (Debye) :        6.4915979304
        Electronic Contribution:
                  0    
      0       1.359089
      1      10.358710
      2      -3.768205
        Nuclear Contribution:
                  0    
      0      -3.700922
      1     -11.376556
      2       3.719091
        Total Dipole moment:
                  0    
      0      -2.341833
      1      -1.017846
      2      -0.049114
# -------------------------------------------------------------
----------------------- !GEOMETRIES! ------------------------
# -------------------------------------------------------------
------------------------ !GEOMETRY! -------------------------
    Number of atoms:    47 
    Geometry Index:     1 
    Coordinates:
               0 C      5.360873558757    1.602407987644    0.471795506205
               1 O      4.724796713015    0.979589382091   -0.639614282959
               2 C      3.342629375904    0.918322292644   -0.571049942662
               3 C      2.728960381597   -0.154576022603   -1.083840350098
               4 C      1.237925487062   -0.366801714492   -1.085224736977
               5 C      0.813989249365   -1.853728160004   -0.970010452246
               6 C     -0.636243665265   -1.905304168676   -1.509719107006
               7 C     -1.546833665683   -0.838647098009   -0.943261759500
               8 C     -2.927566188731   -0.975342820444   -1.180513796049
               9 C     -3.840778184257   -0.042323196334   -0.692603763810
              10 C     -3.382787025483    1.035816942282    0.051625730587
              11 O     -4.164485241399    2.011906541938    0.620227902320
              12 C     -5.567494896701    1.913991387249    0.402455804980
              13 C     -2.001000755084    1.178158661628    0.280711590723
              14 O     -1.606603462004    2.224817973039    1.073911271854
              15 C     -1.048405409449    0.279968332476   -0.233747307113
              16 C      0.478252224985    0.416424827952    0.024217857733
              17 C      0.742892238401   -0.198179745689    1.433677317924
              18 C      1.497745457138   -1.526958507300    1.402790959510
              19 N      1.072115920984   -2.455079801084    0.359729556149
              20 C      0.096845978083   -3.423090808315    0.837680368162
              21 C      0.982012028459    1.878196352068   -0.034826818692
              22 C      2.494992985364    2.028697323566   -0.017808670260
              23 O      3.003705442723    3.072457491441    0.394022066478
              24 H      6.393424777544    1.241507902515    0.507907033388
              25 H      5.398566585960    2.686580012810    0.334248755737
              26 H      4.881593917863    1.338311229165    1.420836153097
              27 H      3.341336675939   -0.931889149466   -1.536305895285
              28 H      0.916226855927    0.001798748969   -2.072943039247
              29 H      1.415122455528   -2.447462622960   -1.672240128856
              30 H     -1.080124124844   -2.897209742851   -1.374480226894
              31 H     -0.600136416899   -1.747641958429   -2.597408579778
              32 H     -3.299327470881   -1.825840278442   -1.750031571476
              33 H     -4.893452754603   -0.197732133911   -0.900031260736
              34 H     -5.807382332600    1.983707846554   -0.663658582274
              35 H     -5.971393030589    0.995703285926    0.841266191981
              36 H     -6.043036448516    2.760787073672    0.906621857695
              37 H     -2.430610691187    2.695367952387    1.309258776081
              38 H      1.322574160399    0.496653949301    2.055085927665
              39 H     -0.197231358670   -0.351138358358    1.980608690457
              40 H      2.568243693481   -1.330921259505    1.270887788109
              41 H      1.443892326650   -1.991348608800    2.396438899089
              42 H     -0.071234811757   -4.210114620474    0.094859307101
              43 H      0.469376313407   -3.938221336364    1.730867621591
              44 H     -0.860582293349   -2.958760693041    1.095448846549
              45 H      0.615247922936    2.380428315706   -0.938842286198
              46 H      0.633367500524    2.446710992483    0.832847729306
